frame,Time [s],CH1,BGND1,CH2,BGND2,intensity
0,0.0,6136,5622,19120,18038,514
1,0.052,6228,5822,18700,18278,406
2,0.103,5934,5689,17728,18572,245
3,0.155,5857,5749,19523,18422,108
4,0.207,5323,5761,19527,18314,-438
5,0.259,6008,5677,17840,18656,331
6,0.31,5524,5767,19089,18272,-243
7,0.362,5808,5556,18191,18302,252
8,0.414,5723,5634,17921,18686,89
9,0.466,6183,5731,18040,18422,452
10,0.517,5498,5725,17887,18302,-227
11,0.569,6062,5568,18099,17966,494
12,0.621,6027,5659,19349,18488,368
13,0.673,6122,5616,19273,18032,506
14,0.724,5633,5707,19523,18128,-74
15,0.776,5371,5737,18566,18374,-366
16,0.828,6245,5647,18344,18320,598
17,0.88,5557,5604,18861,18620,-47
18,0.931,5717,5640,18216,18254,77
19,0.983,5540,5785,18535,18380,-245
20,1.035,6405,5610,18133,18422,795
21,1.087,5755,5791,20789,18392,-36
22,1.138,5730,5791,18463,18194,-61
23,1.19,5623,5755,19114,18224,-132
24,1.242,5764,5719,18082,18158,45
25,1.294,6073,5731,17949,18344,342
26,1.345,5514,5737,17847,18344,-223
27,1.397,5760,5816,18399,18272,-56
28,1.449,5436,5683,18211,18266,-247
29,1.501,5633,5707,19105,18464,-74
30,1.552,5834,5725,18706,18284,109
31,1.604,6284,5665,19706,18632,619
32,1.656,6357,5665,16191,18650,692
33,1.707,5540,5622,19688,18344,-82
34,1.759,5715,5671,18823,18728,44
35,1.811,6370,5834,18516,18740,536
36,1.863,5694,5713,19130,18350,-19
37,1.914,6166,5834,18478,18332,332
38,1.966,5448,5671,19943,18230,-223
39,2.018,5985,5840,18548,18518,145
40,2.07,5403,5798,18601,18380,-395
41,2.121,5703,5749,19097,18722,-46
42,2.173,6396,5761,17358,18284,635
43,2.225,5793,5804,18616,18404,-11
44,2.277,6226,5834,18535,18596,392
45,2.328,5890,5870,19198,18668,20
46,2.38,5942,5731,19010,18626,211
47,2.432,5285,5713,18936,18530,-428
48,2.484,6550,5671,19654,18314,879
49,2.535,6000,5816,19542,18206,184
50,2.587,5992,5767,18668,18542,225
51,2.639,6382,5846,18777,18788,536
52,2.691,5767,5677,18109,18086,90
53,2.742,5703,5755,18788,18638,-52
54,2.794,5917,5761,19144,18470,156
55,2.846,5841,5695,16943,18650,146
56,2.898,5676,5791,19282,18308,-115
57,2.949,5757,5749,18911,18308,8
58,3.001,5507,5713,18914,18416,-206
59,3.053,5569,5816,18556,18110,-247
60,3.105,5809,5749,17409,18674,60
61,3.156,6495,5767,18431,18446,728
62,3.208,5697,5804,19817,18410,-107
63,3.26,6092,5743,20070,18266,349
64,3.311,5973,5846,18632,18416,127
65,3.363,5811,5743,19189,18554,68
66,3.415,5810,5761,19436,18500,49
67,3.467,5881,5791,18603,18332,90
68,3.518,7274,5810,17941,18302,1464
69,3.57,7214,5906,18927,18320,1308
70,3.622,8484,5924,19479,18362,2560
71,3.674,10242,5749,17892,18332,4493
72,3.725,9563,5858,18468,18578,3705
73,3.777,9561,5948,18713,18380,3613
74,3.829,9803,5985,18069,18572,3818
75,3.881,10083,5991,18344,18638,4092
76,3.932,9820,5930,19192,18392,3890
77,3.984,9725,5846,18824,18356,3879
78,4.036,9068,6009,18953,18452,3059
79,4.088,9245,5961,19645,18290,3284
80,4.139,7266,5894,17721,18380,1372
81,4.191,8976,5942,18677,18032,3034
82,4.243,9640,5906,19381,18098,3734
83,4.295,10278,5918,18948,18206,4360
84,4.346,9558,5798,18925,18128,3760
85,4.398,9307,5906,18501,18332,3401
86,4.45,9348,5936,19698,18320,3412
87,4.502,9142,5695,18287,18272,3447
88,4.553,9013,5846,18047,18356,3167
89,4.605,7154,5719,19076,18242,1435
90,4.657,9240,5900,17843,18674,3340
91,4.709,9991,5701,19200,18224,4290
92,4.76,9283,5701,18821,18554,3582
93,4.812,10011,5840,19196,18434,4171
94,4.864,9123,5791,18662,18368,3332
95,4.915,9405,5798,18702,18812,3607
96,4.967,9877,5822,18096,18398,4055
97,5.019,8697,5852,18861,18446,2845
98,5.071,9000,5894,17906,18752,3106
99,5.122,8174,5991,18844,18110,2183
100,5.174,8513,5912,18280,18488,2601
101,5.226,9576,5755,19397,18506,3821
102,5.278,9342,6033,18813,18434,3309
103,5.329,9076,5755,19643,18152,3321
104,5.381,6712,5773,18819,18374,939
105,5.433,9177,5816,17455,18710,3361
106,5.485,9425,5828,18910,18344,3597
107,5.536,9263,5737,17191,18434,3526
108,5.588,8469,5840,18765,18554,2629
109,5.64,6759,5701,19177,18698,1058
110,5.692,8210,5695,18920,18632,2515
111,5.743,9631,5804,19831,18284,3827
112,5.795,8326,5882,19434,18344,2444
113,5.847,7663,5822,18727,18626,1841
114,5.899,8706,5882,17692,18506,2824
115,5.95,7421,5659,18449,18458,1762
116,6.002,8689,5749,19057,18152,2940
117,6.054,9845,5846,18699,18560,3999
118,6.106,8410,6027,20169,17858,2383
119,6.157,9663,5942,18361,18518,3721
120,6.209,9924,5906,19321,18518,4018
121,6.261,7142,5701,18798,18524,1441
122,6.313,7149,5804,19234,18638,1345
123,6.364,8377,5870,19809,18752,2507
124,6.416,8398,5822,18465,18434,2576
125,6.468,8986,5888,17406,18464,3098
126,6.519,8641,5918,18692,18626,2723
127,6.571,7367,5852,19409,18140,1515
128,6.623,8706,6021,18305,18686,2685
129,6.675,7200,5665,19518,18536,1535
130,6.726,8797,5791,18296,18074,3006
131,6.778,6608,5785,18653,18002,823
132,6.83,8809,5924,17722,18848,2885
133,6.882,7984,5834,18239,18278,2150
134,6.933,7731,5779,18796,18128,1952
135,6.985,8899,5979,19495,18320,2920
136,7.037,9373,5876,18865,18512,3497
137,7.089,8552,5858,18685,18128,2694
138,7.14,9103,5822,19033,18266,3281
139,7.192,8388,5882,18504,18632,2506
140,7.244,9089,5785,20038,18614,3304
141,7.296,8768,5846,19471,18344,2922
142,7.347,8914,5864,19642,18230,3050
143,7.399,9135,5942,19314,18548,3193
144,7.451,9195,5816,18826,18188,3379
145,7.503,8809,5858,18338,18356,2951
146,7.554,8876,5665,20131,18368,3211
147,7.606,7935,5791,18172,18644,2144
148,7.658,8057,5731,18267,18182,2326
149,7.71,7128,5894,17858,18632,1234
150,7.761,7025,5665,18537,18320,1360
151,7.813,8155,5791,18941,18764,2364
152,7.865,9360,5955,18920,18110,3405
153,7.917,9354,5870,18482,18554,3484
154,7.968,8542,5955,19633,18398,2587
155,8.02,8731,5822,17517,18914,2909
156,8.072,8662,5900,19298,18242,2762
157,8.123,8725,6051,19465,18278,2674
158,8.175,8992,5961,18970,18482,3031
159,8.227,9200,5912,19968,18374,3288
160,8.279,9287,5961,19496,18458,3326
161,8.33,9577,5852,18897,18608,3725
162,8.382,9106,5870,18174,18008,3236
163,8.434,7616,5973,18522,18536,1643
164,8.486,8286,5918,18306,18740,2368
165,8.537,6922,5882,19796,18566,1040
166,8.589,7121,5816,17468,18494,1305
167,8.641,6897,5888,18544,18380,1009
168,8.693,8408,5852,18901,18308,2556
169,8.744,7626,5828,19173,18272,1798
170,8.796,7301,6027,19107,18560,1274
171,8.848,6620,5707,18335,18518,913
172,8.9,9558,5894,18840,18452,3664
173,8.951,7677,5870,19258,18362,1807
174,9.003,6617,5743,18826,18296,874
175,9.055,6345,5846,18948,18542,499
176,9.107,6760,5822,18019,18188,938
177,9.158,5758,5864,18469,18326,-106
178,9.21,6572,5882,18968,18338,690
179,9.262,6155,5858,18451,18296,297
180,9.314,6223,5852,18186,18524,371
181,9.365,5997,5828,19207,18506,169
182,9.417,5997,5707,17871,18566,290
183,9.469,5789,5791,18493,18740,-2
184,9.521,5800,5731,19761,18632,69
185,9.572,6231,5689,18233,18524,542
186,9.624,5839,5713,17333,18374,126
187,9.676,5954,5647,18301,18560,307
188,9.727,5620,5731,19046,18512,-111
189,9.779,5819,5671,18263,18734,148
190,9.831,5813,5689,19037,18392,124
191,9.883,5619,5870,19678,18326,-251
192,9.934,6194,5719,19509,18284,475
193,9.986,6062,5713,18015,18626,349
194,10.038,5654,5713,20053,18578,-59
195,10.09,5611,5773,19439,18746,-162
196,10.141,5575,5822,18408,18806,-247
197,10.193,6186,5701,18578,18626,485
198,10.245,5907,5689,19697,18428,218
199,10.297,6332,5816,18361,18506,516
200,10.348,5945,5791,19767,18530,154
201,10.4,5620,5834,18517,18458,-214
202,10.452,6627,5767,18108,18494,860
203,10.504,6330,5882,19254,18314,448
204,10.555,5624,5930,19015,18584,-306
205,10.607,5871,5707,18174,18632,164
206,10.659,6000,5852,19181,18566,148
207,10.711,6885,5894,17103,18476,991
208,10.762,7202,5810,18807,18398,1392
209,10.814,8337,5979,17930,18398,2358
210,10.866,6601,5779,17978,18458,822
211,10.918,6208,5816,19804,18524,392
212,10.969,6351,5864,19157,18602,487
213,11.021,6731,5888,18805,18440,843
214,11.073,6924,5719,19074,18416,1205
215,11.125,6592,5653,18513,18530,939
216,11.176,5849,5755,18895,18248,94
217,11.228,5965,5731,19096,18632,234
218,11.28,6373,5695,19053,18410,678
219,11.331,7014,5864,18056,18458,1150
220,11.383,6175,5791,18471,18740,384
221,11.435,6268,5713,19705,18626,555
222,11.487,6402,5930,18865,18230,472
223,11.538,5868,5689,18484,18704,179
224,11.59,6328,5737,17300,18362,591
225,11.642,7625,5773,18653,18056,1852
226,11.694,6524,5701,19615,18482,823
227,11.745,7399,5761,18948,18410,1638
228,11.797,6642,5713,18570,18248,929
229,11.849,6546,5840,18689,18662,706
230,11.901,6657,5779,18181,18530,878
231,11.952,6730,5791,18349,18248,939
232,12.004,6492,5991,18667,18500,501
233,12.056,7014,5918,18221,18632,1096
234,12.108,5824,5689,19260,18488,135
235,12.159,6226,5828,19678,18230,398
236,12.211,6152,5852,19125,18086,300
237,12.263,6483,5810,17995,18590,673
238,12.315,7883,5930,18421,18320,1953
239,12.366,6708,5785,19154,18644,923
240,12.418,6602,5870,18724,18542,732
241,12.47,5969,5918,17228,18254,51
242,12.522,6017,5840,19335,18512,177
243,12.573,6100,5804,18981,18290,296
244,12.625,6701,5810,19012,18464,891
245,12.677,6646,5918,19110,18308,728
246,12.729,5827,5930,18128,18710,-103
247,12.78,6057,5906,17264,18128,151
248,12.832,6758,5852,18429,18464,906
249,12.884,6737,5798,18707,18494,939
250,12.935,7546,5816,18322,18548,1730
251,12.987,7069,5785,17849,18356,1284
252,13.039,6985,5882,19494,18752,1103
253,13.091,7349,5731,20092,18380,1618
254,13.142,6344,5846,18632,18404,498
255,13.194,5902,5719,19715,18332,183
256,13.246,7017,5822,18506,18644,1195
257,13.298,7295,5779,19293,18608,1516
258,13.349,5644,5828,18262,18614,-184
259,13.401,5899,5707,20109,18608,192
260,13.453,5593,5701,18807,18674,-108
261,13.505,6034,5689,18098,18506,345
262,13.556,6387,5677,18031,18638,710
263,13.608,7059,5767,18798,18776,1292
264,13.66,6312,5701,19189,18296,611
265,13.712,6504,5628,19505,18920,876
266,13.763,6974,5713,19729,18560,1261
267,13.815,7416,5900,19643,18662,1516
268,13.867,7945,5779,18885,18302,2166
269,13.919,8289,5852,18897,18632,2437
270,13.97,6722,5604,17637,18188,1118
271,14.022,5925,5864,17635,18458,61
272,14.074,6776,5979,19073,18638,797
273,14.126,6179,6039,17691,18152,140
274,14.177,6906,5912,19198,18308,994
275,14.229,7248,5834,19179,18830,1414
276,14.281,6679,5991,19768,18548,688
277,14.333,7032,5822,18261,18380,1210
278,14.384,6408,5804,20148,18674,604
279,14.436,6041,5761,19231,18464,280
280,14.488,5905,5659,18041,18482,246
281,14.54,6350,5713,19443,18440,637
282,14.591,6012,5779,18439,18626,233
283,14.643,5773,5677,20031,18578,96
284,14.695,5830,5719,18552,18572,111
285,14.746,6100,5846,19940,18746,254
286,14.798,6020,5665,19015,18410,355
287,14.85,6003,5640,19048,18668,363
288,14.902,5628,5695,18381,18722,-67
289,14.953,6027,5628,18914,18380,399
290,15.005,5638,5761,18442,18794,-123
291,15.057,6021,5979,18289,18674,42
292,15.109,6313,5846,20202,18506,467
293,15.16,6217,5707,18778,18212,510
294,15.212,6465,5731,17859,18554,734
295,15.264,6532,5942,19349,18578,590
296,15.316,5988,5894,17758,18254,94
297,15.367,6450,5791,18989,18560,659
298,15.419,5431,5840,19536,18416,-409
299,15.471,5972,5852,18230,18542,120
300,15.523,6736,5864,18673,18572,872
301,15.574,6131,5979,19059,18404,152
302,15.626,6525,5876,18793,18494,649
303,15.678,5917,5852,18492,18212,65
304,15.73,6054,5816,18744,18272,238
305,15.781,5892,5725,19841,18332,167
306,15.833,6931,5604,18760,18254,1327
307,15.885,5984,5791,17912,18752,193
308,15.937,7363,5622,18501,18542,1741
309,15.988,6030,5761,19029,18446,269
310,16.04,6513,5634,18654,18668,879
311,16.092,6666,5659,19551,18680,1007
312,16.144,5530,5719,18635,18302,-189
313,16.195,5344,5828,17831,18470,-484
314,16.247,6213,5888,19250,18140,325
315,16.299,5903,5767,19792,18296,136
316,16.35,5576,5840,18454,18266,-264
317,16.402,5925,5749,18002,18308,176
318,16.454,5664,5948,18134,18464,-284
319,16.506,6304,5852,19014,18398,452
320,16.557,6263,5695,19592,18398,568
321,16.609,6604,5677,18497,18614,927
322,16.661,6489,5773,18949,18248,716
323,16.713,7490,5701,18362,18554,1789
324,16.764,6212,5665,18833,18206,547
325,16.816,7412,5779,17481,18224,1633
326,16.868,6559,5707,19261,18392,852
327,16.92,6632,5749,18392,18260,883
328,16.971,6358,5713,18976,18056,645
329,17.023,6186,5822,19157,18398,364
330,17.075,6497,5779,18646,18644,718
331,17.127,6763,5695,18374,18566,1068
332,17.178,6583,5713,18829,18440,870
333,17.23,6647,5592,18954,18536,1055
334,17.282,7295,5683,19216,18386,1612
335,17.334,7091,5791,17932,18560,1300
336,17.385,7202,5737,18271,18338,1465
337,17.437,7665,5779,18619,18314,1886
338,17.489,7916,5967,18446,18512,1949
339,17.541,7349,5828,17849,18506,1521
340,17.592,7362,5798,18856,18554,1564
341,17.644,7245,5773,17660,18542,1472
342,17.696,7308,5749,18446,18272,1559
343,17.748,5973,5671,19176,18440,302
344,17.799,6746,5864,19171,18398,882
345,17.851,7951,5640,18029,18524,2311
346,17.903,5790,5743,18086,18422,47
347,17.954,6017,5695,18693,18332,322
348,18.006,5638,5713,19643,18326,-75
349,18.058,5711,5598,18678,18362,113
350,18.11,6311,5785,18688,18470,526
351,18.161,6509,5725,18246,18152,784
352,18.213,6626,5791,19272,18326,835
353,18.265,6447,5659,19185,18566,788
354,18.317,6580,5918,19210,18212,662
355,18.368,6259,5755,18895,18302,504
356,18.42,6542,5701,19004,18026,841
357,18.472,6817,5713,18959,18692,1104
358,18.524,7306,5592,19263,18506,1714
359,18.575,6898,5731,19266,18422,1167
360,18.627,6390,5725,17335,18722,665
361,18.679,6502,5665,18718,18686,837
362,18.731,7738,5804,18819,18242,1934
363,18.782,6797,5653,18130,18596,1144
364,18.834,7161,5930,18062,18356,1231
365,18.886,7672,5810,19629,18752,1862
366,18.938,7236,5810,17862,18518,1426
367,18.989,6837,5816,20026,18218,1021
368,19.041,6684,5628,18542,18584,1056
369,19.093,6377,5804,20298,18314,573
370,19.145,6807,5695,19671,18386,1112
371,19.196,6742,5779,18725,18254,963
372,19.248,6735,5822,18679,18464,913
373,19.3,6460,5810,18195,18428,650
374,19.352,7129,5840,18193,18146,1289
375,19.403,6440,5991,18689,18584,449
376,19.455,6521,5816,18547,18530,705
377,19.507,7066,5918,18387,18338,1148
378,19.558,6656,5858,18506,18278,798
379,19.61,5456,5731,17925,18428,-275
380,19.662,5824,5767,19276,18116,57
381,19.714,5867,5459,18426,18326,408
382,19.765,6588,5749,18920,18380,839
383,19.817,6161,5737,19168,18608,424
384,19.869,5993,5791,19529,18872,202
385,19.921,6416,5743,19432,18368,673
386,19.972,5342,5810,18181,18608,-468
387,20.024,6091,5894,19098,18110,197
388,20.076,6287,5804,18249,18290,483
389,20.128,7051,5822,19182,18794,1229
390,20.179,6225,5737,17594,18548,488
391,20.231,7068,5961,17865,18560,1107
392,20.283,6975,6009,18251,18716,966
393,20.335,7346,5900,18344,18680,1446
394,20.386,7500,6021,17685,18218,1479
395,20.438,7865,5870,17934,18752,1995
396,20.49,7701,6099,19943,18434,1602
397,20.542,7702,5967,18196,18344,1735
398,20.593,7529,5882,18363,18020,1647
399,20.645,8071,5906,18039,18362,2165
400,20.697,6937,5761,19523,18254,1176
401,20.749,7551,5894,18688,18362,1657
402,20.8,7367,5816,16982,18602,1551
403,20.852,7638,5973,20708,18698,1665
404,20.904,6198,5894,19086,18398,304
405,20.956,6809,5894,18058,18206,915
406,21.007,7013,5924,19209,18608,1089
407,21.059,6545,5767,18276,18332,778
408,21.111,6722,5918,19176,18464,804
409,21.162,7409,5840,18442,18824,1569
410,21.214,6892,5961,20030,18458,931
411,21.266,6955,5936,17413,18338,1019
412,21.318,7945,5840,19214,18440,2105
413,21.369,7209,5828,18839,18392,1381
414,21.421,6602,5767,18279,18656,835
415,21.473,6768,5900,19211,18362,868
416,21.525,6268,5900,18401,18578,368
417,21.576,6652,5707,19671,18422,945
418,21.628,6937,5798,18125,18416,1139
419,21.68,7078,5779,18927,18224,1299
420,21.732,7460,5955,17806,18236,1505
421,21.783,7341,5979,19187,18482,1362
422,21.835,6808,5804,18868,18398,1004
423,21.887,6588,5912,18519,18368,676
424,21.939,6633,5900,16677,18110,733
425,21.99,6595,5924,18656,17756,671
426,22.042,6815,5864,17831,18236,951
427,22.094,6724,5924,19803,18494,800
428,22.146,6889,5961,18885,18590,928
429,22.197,6688,5967,18604,18212,721
430,22.249,7182,5713,18392,18398,1469
431,22.301,7033,5773,18403,18284,1260
432,22.353,6911,5846,18303,18206,1065
433,22.404,6771,5767,17923,18704,1004
434,22.456,6521,5948,17733,18242,573
435,22.508,6947,5882,18842,18728,1065
436,22.56,7065,5888,18718,18596,1177
437,22.611,7003,5719,19399,18626,1284
438,22.663,6646,5731,17389,18620,915
439,22.715,7879,5761,18696,18116,2118
440,22.766,7686,5816,18707,18710,1870
441,22.818,7806,5761,18735,18458,2045
442,22.87,7370,5828,18475,18440,1542
443,22.922,7622,5888,19227,18380,1734
444,22.973,6658,5876,18160,18308,782
445,23.025,7693,5647,19233,18650,2046
446,23.077,6790,5677,18158,18542,1113
447,23.129,6546,5888,18375,18644,658
448,23.18,6836,5822,19417,18434,1014
449,23.232,6172,5755,17719,18584,417
450,23.284,6496,5755,18736,18314,741
451,23.336,6462,5924,18267,18590,538
452,23.387,7443,5918,18527,18356,1525
453,23.439,7354,5822,19134,18530,1532
454,23.491,7358,5719,19169,18560,1639
455,23.543,7407,5924,17161,18308,1483
456,23.594,7966,5906,18601,18704,2060
457,23.646,7068,5755,18056,18554,1313
458,23.698,7958,5973,17935,18566,1985
459,23.75,8351,5906,18093,18758,2445
460,23.801,7282,5665,18858,18746,1617
461,23.853,7585,5779,17957,18482,1806
462,23.905,6732,5634,19216,18854,1098
463,23.957,6712,5749,17398,18194,963
464,24.008,6063,5773,19919,18680,290
465,24.06,5933,5840,18150,18584,93
466,24.112,6425,5719,18329,18782,706
467,24.164,6084,5755,19462,18686,329
468,24.215,6126,5840,18884,18662,286
469,24.267,7282,5955,18398,18188,1327
470,24.319,7320,5804,18884,18326,1516
471,24.37,7547,5840,19621,18656,1707
472,24.422,7078,5900,19082,18620,1178
473,24.474,7015,5816,18700,18452,1199
474,24.526,6798,5888,18847,18470,910
475,24.577,8097,5858,18120,18764,2239
476,24.629,7525,5798,18408,18344,1727
477,24.681,7340,5834,18836,18476,1506
478,24.733,7200,5779,17513,18386,1421
479,24.784,6860,5798,18744,18758,1062
480,24.836,6807,5767,18558,18428,1040
481,24.888,7191,5773,18641,18272,1418
482,24.94,6736,5719,18533,18056,1017
483,24.991,7269,5882,20131,18626,1387
484,25.043,7090,6178,19961,18500,912
485,25.095,7587,5888,17921,18458,1699
486,25.147,6812,6027,20161,18584,785
487,25.198,6470,6021,18899,18356,449
488,25.25,7449,5955,19132,18512,1494
489,25.302,7359,6051,17568,18344,1308
490,25.354,7058,5979,19639,18872,1079
491,25.405,6980,5961,19825,18188,1019
492,25.457,6712,5894,18336,18824,818
493,25.509,7147,5973,18608,18464,1174
494,25.561,6696,6136,18394,18464,560
495,25.612,7001,5840,19365,18434,1161
496,25.664,7040,5991,19119,18404,1049
497,25.716,6364,6075,18755,18356,289
498,25.768,6993,5918,19863,18590,1075
499,25.819,6157,5846,18384,18380,311
500,25.871,6911,5822,18610,18188,1089
501,25.923,7478,5761,19550,18272,1717
502,25.974,7223,5822,19736,18416,1401
503,26.026,7250,5888,18006,18626,1362
504,26.078,7526,5991,18325,18500,1535
505,26.13,6617,5798,19381,18452,819
506,26.181,6631,5743,17542,18410,888
507,26.233,6752,6033,18719,18668,719
508,26.285,7488,5888,20294,18122,1600
509,26.337,7261,5695,18854,18296,1566
510,26.388,6910,5671,19508,18416,1239
511,26.44,8002,5834,19127,18494,2168
512,26.492,7111,5852,18245,18392,1259
513,26.544,7183,5725,19685,18524,1458
514,26.595,6392,5761,20349,18356,631
515,26.647,5994,5761,18968,18728,233
516,26.699,7577,5749,17921,18993,1828
517,26.751,7610,6093,18549,18704,1517
518,26.802,7116,5846,19125,18410,1270
519,26.854,7098,5834,18226,18434,1264
520,26.906,6739,5798,19185,18704,941
521,26.958,7050,5713,18625,18524,1337
522,27.009,6778,5804,19357,18338,974
523,27.061,6776,5640,19175,18698,1136
524,27.113,7797,5719,19987,18302,2078
525,27.165,7637,5779,18792,18374,1858
526,27.216,7551,6051,18178,18464,1500
527,27.268,8184,5791,18820,18602,2393
528,27.32,7154,5822,19971,18650,1332
529,27.372,7024,6069,18464,18542,955
530,27.423,6970,5864,19141,18542,1106
531,27.475,7659,5930,18953,18632,1729
532,27.527,7299,5942,19319,18626,1357
533,27.578,6946,5967,18496,18548,979
534,27.63,6459,5852,20321,18206,607
535,27.682,6627,5997,19090,18164,630
536,27.734,6137,5779,19223,18704,358
537,27.785,6371,5755,18219,18548,616
538,27.837,6685,5755,19974,18470,930
539,27.889,6877,5852,19006,18542,1025
540,27.941,6495,5640,18501,18644,855
541,27.992,6768,5659,17994,18620,1109
542,28.044,6821,5936,18391,18728,885
543,28.096,6441,5713,18472,18626,728
544,28.148,6782,5731,19722,18566,1051
545,28.199,6414,5761,19061,18692,653
546,28.251,6728,5628,17911,18704,1100
547,28.303,6950,5713,19165,18404,1237
548,28.355,6783,5785,18606,18524,998
549,28.406,6934,5713,19019,18350,1221
550,28.458,7171,5930,18606,18422,1241
551,28.51,6241,5713,19043,18188,528
552,28.562,7883,5731,19798,18296,2152
553,28.613,7783,5822,19764,18500,1961
554,28.665,7109,5755,19268,18428,1354
555,28.717,8632,5924,20179,18668,2708
556,28.769,8251,5906,19686,18470,2345
557,28.82,7152,5767,19351,18662,1385
558,28.872,7747,5677,18174,18482,2070
559,28.924,7599,5755,19005,18278,1844
560,28.976,5939,5743,19447,18656,196
561,29.027,5990,5791,18926,18296,199
562,29.079,5826,5743,18311,18560,83
563,29.131,6077,5665,19361,18764,412
564,29.182,7416,5791,19477,18374,1625
565,29.234,8110,5906,18824,18338,2204
566,29.286,7414,5719,18360,18710,1695
567,29.338,7416,5689,18530,18530,1727
568,29.389,7508,5828,18866,18512,1680
569,29.441,7322,5773,19515,18470,1549
570,29.493,7530,5701,19216,18626,1829
571,29.545,7218,5834,17909,19041,1384
572,29.596,7498,5755,19241,18608,1743
573,29.648,7593,5785,18796,18362,1808
574,29.7,6865,5701,19419,18830,1164
575,29.752,5594,5683,18558,18518,-89
576,29.803,5407,5592,19874,18500,-185
577,29.855,6334,5725,18824,18410,609
578,29.907,6373,5719,19038,18362,654
579,29.959,6124,5900,20075,18326,224
580,30.01,6697,5695,18348,18626,1002
581,30.062,6554,5695,19541,18500,859
582,30.114,6177,5791,18253,18434,386
583,30.166,6879,5852,18480,18500,1027
584,30.217,7740,5683,17362,18548,2057
585,30.269,7582,5979,18904,18698,1603
586,30.321,7088,5924,18918,18620,1164
587,30.373,7263,5725,18640,18716,1538
588,30.424,7456,5906,18342,18482,1550
589,30.476,7093,5719,19316,18164,1374
590,30.528,7815,5834,19685,18578,1981
591,30.58,7504,5749,19007,18686,1755
592,30.631,7290,5798,19544,18536,1492
593,30.683,7327,5767,18437,18620,1560
594,30.735,6569,5773,18618,18800,796
595,30.786,6698,5876,17936,18362,822
596,30.838,6395,5743,19470,18224,652
597,30.89,7339,5689,17788,18386,1650
598,30.942,5929,5743,19078,18650,186
599,30.993,5726,5791,18150,18542,-65
600,31.045,6394,5719,19468,18440,675
601,31.097,6168,5689,19078,18770,479
602,31.149,6044,5719,18515,18296,325
603,31.2,6075,5798,18262,18200,277
604,31.252,6209,5713,18601,18686,496
605,31.304,5798,5743,17514,18320,55
606,31.356,6604,5743,19477,18272,861
607,31.407,6377,5743,19487,18056,634
608,31.459,5798,5834,18375,18524,-36
609,31.511,5960,5713,17989,18710,247
610,31.563,5682,5713,20522,18794,-31
611,31.614,6762,5755,19290,18158,1007
612,31.666,6381,5870,18417,18794,511
613,31.718,7024,5719,18283,18470,1305
614,31.77,6283,5888,19208,18494,395
615,31.821,6458,5816,19613,18356,642
616,31.873,6501,5773,18179,18320,728
617,31.925,6351,5798,19593,18632,553
618,31.977,6074,5804,18598,18452,270
619,32.028,6796,5725,18671,18836,1071
620,32.08,6019,5773,18838,18230,246
621,32.132,6724,5773,19241,18644,951
622,32.184,5937,5888,18732,18728,49
623,32.235,6493,5846,18441,18482,647
624,32.287,6442,5755,17942,18248,687
625,32.339,6541,5785,18997,18248,756
626,32.39,6539,5900,18642,18572,639
627,32.442,7292,5834,19068,19077,1458
628,32.494,7922,5755,18161,18590,2167
629,32.546,6464,5828,18652,18548,636
630,32.597,7051,5991,19137,18987,1060
631,32.649,6083,5816,18867,18962,267
632,32.701,7143,5816,19108,18602,1327
633,32.753,7396,5876,18651,18824,1520
634,32.804,7040,5804,19072,18716,1236
635,32.856,6609,5713,17931,18794,896
636,32.908,7527,5689,19301,18482,1838
637,32.96,7704,5791,19098,18728,1913
638,33.011,8192,5677,19377,18470,2515
639,33.063,8042,5906,19598,18476,2136
640,33.115,7336,5870,18385,18518,1466
641,33.167,6507,5707,19355,18644,800
642,33.218,7439,5791,19177,18572,1648
643,33.27,7199,5967,18731,18500,1232
644,33.322,7419,5846,18497,18440,1573
645,33.374,7337,5942,19653,18530,1395
646,33.425,7786,5882,19199,18950,1904
647,33.477,7723,5900,18768,18644,1823
648,33.529,6768,5647,19947,18446,1121
649,33.581,6826,5882,17845,18560,944
650,33.632,8739,5822,19180,18656,2917
651,33.684,7009,5876,18607,18782,1133
652,33.736,7546,5870,19162,18404,1676
653,33.788,7482,5948,18781,18824,1534
654,33.839,7289,5785,19563,18806,1504
655,33.891,7645,5834,18552,18668,1811
656,33.943,7492,5852,18107,18482,1640
657,33.994,7855,5828,19490,18464,2027
658,34.046,8536,5683,19632,18608,2853
659,34.098,7402,5822,18594,18590,1580
660,34.15,7576,5598,18256,18614,1978
661,34.201,7970,5785,18463,18356,2185
662,34.253,8143,5713,17958,18362,2430
663,34.305,8068,5647,19023,18554,2421
664,34.357,8226,5840,18224,18560,2386
665,34.408,8967,5840,18003,18638,3127
666,34.46,8957,5900,17908,18782,3057
667,34.512,10687,5810,19003,18806,4877
668,34.564,10538,5810,18766,18188,4728
669,34.615,9522,5749,19155,18374,3773
670,34.667,9602,5725,18760,18470,3877
671,34.719,8734,5846,18176,18428,2888
672,34.771,9078,5840,19681,18344,3238
673,34.822,7770,5622,18435,18662,2148
674,34.874,10576,5804,18437,18578,4772
675,34.926,9444,5695,20212,18512,3749
676,34.978,9089,5737,19322,18962,3352
677,35.029,8536,5985,19029,18314,2551
678,35.081,8078,5749,19058,18356,2329
679,35.133,9448,5870,19676,18710,3578
680,35.185,10249,5924,19639,18566,4325
681,35.236,10376,5852,18300,18440,4524
682,35.288,10136,5924,19432,18398,4212
683,35.34,9845,5804,18508,18548,4041
684,35.392,9378,5924,18857,18242,3454
685,35.443,10199,5858,20337,18836,4341
686,35.495,9039,5930,18026,18638,3109
687,35.547,9651,5804,18712,18812,3847
688,35.598,9812,5912,19416,18356,3900
689,35.65,10078,5979,19271,18638,4099
690,35.702,9849,5870,18898,18548,3979
691,35.754,7908,5761,17253,18326,2147
692,35.805,6464,5743,18847,18530,721
693,35.857,8423,5967,18541,18746,2456
694,35.909,9349,5924,18565,18428,3425
695,35.961,9268,5677,19458,18650,3591
696,36.012,10575,5798,19996,18524,4777
697,36.064,9145,5749,20006,18572,3396
698,36.116,8334,5852,18198,18386,2482
699,36.168,9682,5828,18943,18668,3854
700,36.219,10301,6015,20278,18572,4286
701,36.271,7043,5870,17458,18620,1173
702,36.323,8720,5671,18594,18566,3049
703,36.375,9311,5834,18954,18242,3477
704,36.426,7149,5822,19255,18320,1327
705,36.478,9307,5852,18998,18650,3455
706,36.53,9668,5864,19254,18530,3804
707,36.582,9462,5719,19121,18254,3743
708,36.633,6865,5640,17588,18494,1225
709,36.685,10037,5870,18538,17912,4167
710,36.737,9799,5864,18884,18608,3935
711,36.789,9932,5979,17986,18704,3953
712,36.84,9540,5997,19576,18734,3543
713,36.892,10346,5888,19015,18338,4458
714,36.944,8765,5900,18569,18386,2865
715,36.996,9565,5955,19882,18464,3610
716,37.047,9439,5834,18485,18374,3605
717,37.099,8239,5640,18636,18530,2599
718,37.151,10066,5707,19534,18560,4359
719,37.202,10283,5834,18460,18524,4449
720,37.254,8883,5767,18823,18620,3116
721,37.306,9175,5773,17737,18512,3402
722,37.358,10515,5810,19329,18362,4705
723,37.409,9779,5882,19110,18284,3897
724,37.461,9441,5785,18771,18284,3656
725,37.513,10266,5798,19246,18920,4468
726,37.565,8484,5948,18605,18500,2536
727,37.616,9937,5888,19237,18530,4049
728,37.668,7111,5671,18943,18350,1440
729,37.72,7562,5665,19876,18308,1897
730,37.772,7729,5761,18651,18434,1968
731,37.823,6870,5876,17698,18734,994
732,37.875,7117,5846,18876,18494,1271
733,37.927,7226,5816,18523,18680,1410
734,37.979,8360,5828,19831,18338,2532
735,38.03,9251,5810,19069,18458,3441
736,38.082,8947,5822,19908,18236,3125
737,38.134,8985,5858,19915,18332,3127
738,38.186,9041,5912,18568,18314,3129
739,38.237,9124,5955,19028,18758,3169
740,38.289,7173,5900,17984,18710,1273
741,38.341,6588,5876,19138,18572,712
742,38.393,7222,5665,18480,18434,1557
743,38.444,6519,5689,18572,18530,830
744,38.496,11428,5997,17898,18470,5431
745,38.548,9680,5864,19541,18440,3816
746,38.6,9498,5828,20056,18350,3670
747,38.651,10241,5828,18158,18560,4413
748,38.703,6644,5900,18639,18548,744
749,38.755,6994,6033,18517,18212,961
750,38.806,7214,5864,18158,18987,1350
751,38.858,9958,6027,18663,18626,3931
752,38.91,9326,6069,18804,18650,3257
753,38.962,9328,5822,19003,18584,3506
754,39.013,9716,5785,18470,19005,3931
755,39.065,9948,5973,18287,18632,3975
756,39.117,8805,5761,20513,18470,3044
757,39.169,9816,6069,18437,18830,3747
758,39.22,10577,5882,19268,18434,4695
759,39.272,9544,5876,19479,18266,3668
760,39.324,10938,5882,17884,18194,5056
761,39.376,11020,6003,18580,18470,5017
762,39.427,9516,5749,18832,18680,3767
763,39.479,5917,5671,19222,18878,246
764,39.531,6524,5973,18888,18206,551
765,39.583,6326,5773,19870,18218,553
766,39.634,6809,5912,17929,18152,897
767,39.686,6627,5779,19177,18602,848
768,39.738,6459,5707,19518,18236,752
769,39.79,6066,5864,18314,18416,202
770,39.841,6312,5767,19520,18398,545
771,39.893,6699,5755,19881,18626,944
772,39.945,6960,5659,18023,18350,1301
773,39.997,6963,5701,18164,18608,1262
774,40.048,6821,5719,20394,18674,1102
775,40.1,6774,5737,19016,18254,1037
776,40.152,9468,5798,18220,18614,3670
777,40.204,10931,5785,18632,18758,5146
778,40.255,10905,5882,19435,18542,5023
779,40.307,11571,5888,18625,18242,5683
780,40.359,11311,5912,19808,18380,5399
781,40.41,10255,5840,18593,18668,4415
782,40.462,10364,6009,19058,18620,4355
783,40.514,11289,6033,18254,18830,5256
784,40.566,10892,5816,19776,18956,5076
785,40.617,11134,5822,20152,18404,5312
786,40.669,8750,5749,18880,18404,3001
787,40.721,7429,5870,18482,18392,1559
788,40.773,7169,5689,17872,18494,1480
789,40.824,7073,5864,19103,18272,1209
790,40.876,7765,5846,18552,18554,1919
791,40.928,7866,5767,19507,18224,2099
792,40.98,9605,6033,19521,18242,3572
793,41.031,9818,5997,17797,18110,3821
794,41.083,10368,5876,18896,18290,4492
795,41.135,8042,5888,17786,18494,2154
796,41.187,7046,5731,19584,18548,1315
797,41.238,6971,5906,18208,18788,1065
798,41.29,7866,5810,19138,18560,2056
799,41.342,6528,5924,18387,18494,604
800,41.394,7409,5942,18081,18656,1467
801,41.445,8280,5737,19404,18422,2543
802,41.497,6826,5683,20109,18656,1143
803,41.549,6557,5810,18559,18602,747
804,41.601,6216,5834,18551,18362,382
805,41.652,7350,5798,18602,18764,1552
806,41.704,7185,5791,19492,18488,1394
807,41.756,7266,5961,19781,18530,1305
808,41.808,5786,5695,18472,18728,91
809,41.859,5835,6015,18374,18686,-180
810,41.911,5820,5773,19991,18464,47
811,41.963,5967,5677,18618,18530,290
812,42.015,8378,5737,18181,18752,2641
813,42.066,8711,5846,19099,18668,2865
814,42.118,9921,5912,19272,18668,4009
815,42.17,7505,5731,20056,18584,1774
816,42.221,9891,5967,19482,18434,3924
817,42.273,8059,5846,19061,18368,2213
818,42.325,7582,5852,17778,18884,1730
819,42.377,9494,5761,18304,18548,3733
820,42.428,8786,5906,18518,18386,2880
821,42.48,9126,5870,18809,18680,3256
822,42.532,8085,5930,17875,18602,2155
823,42.584,8758,5791,18721,18920,2967
824,42.635,7141,5948,18695,18746,1193
825,42.687,7201,5906,17896,18506,1295
826,42.739,6850,5725,18235,18572,1125
827,42.791,6393,5713,19417,18614,680
828,42.842,10703,5725,19313,18518,4978
829,42.894,9809,5798,18918,18806,4011
830,42.946,10506,5906,18768,18614,4600
831,42.998,9411,5924,19542,18578,3487
832,43.049,7482,5731,19267,18518,1751
833,43.101,8820,5755,18347,18476,3065
834,43.153,9920,6045,19433,18746,3875
835,43.205,9797,5894,19441,18224,3903
836,43.256,9386,5773,18967,18638,3613
837,43.308,10521,5912,19498,18404,4609
838,43.36,6473,5822,18846,18800,651
839,43.412,7436,5822,17768,18734,1614
840,43.463,8770,5749,18719,18326,3021
841,43.515,10580,5967,18474,18674,4613
842,43.567,10648,5731,19533,18206,4917
843,43.619,8353,5604,18927,18608,2749
844,43.67,10786,5912,20235,18596,4874
845,43.722,10724,5888,19833,18530,4836
846,43.774,6531,5791,19469,18650,740
847,43.825,7328,5864,19182,18362,1464
848,43.877,7859,5695,20363,18626,2164
849,43.929,10337,5798,19139,18446,4539
850,43.981,10835,5870,19747,18200,4965
851,44.032,9828,5785,18904,18656,4043
852,44.084,10098,5852,18988,18728,4246
853,44.136,9746,5882,19527,18458,3864
854,44.188,9926,5695,19307,18740,4231
855,44.239,7935,5979,19040,18590,1956
856,44.291,8115,5725,18397,18386,2390
857,44.343,10522,5834,19060,18314,4688
858,44.395,10166,5930,18775,18500,4236
859,44.446,11222,5798,18951,18740,5424
860,44.498,10129,5816,19861,18506,4313
861,44.55,9915,5967,18175,18380,3948
862,44.602,10464,5900,19096,18650,4564
863,44.653,10114,5906,19579,18416,4208
864,44.705,10306,5876,18935,18740,4430
865,44.757,10171,5888,19929,18626,4283
866,44.809,9675,5852,19927,18782,3823
867,44.86,10309,5810,20221,18614,4499
868,44.912,9583,5785,19657,18908,3798
869,44.964,9275,5870,20139,18140,3405
870,45.016,9795,5828,18873,18410,3967
871,45.067,10097,5942,18404,18452,4155
872,45.119,8531,5810,18908,18410,2721
873,45.171,10202,5701,20054,18320,4501
874,45.223,10262,5894,20194,18746,4368
875,45.274,8285,5888,18851,18194,2397
876,45.326,7949,5834,17878,18512,2115
877,45.378,10656,6051,19367,18452,4605
878,45.429,9496,5948,19657,18710,3548
879,45.481,10136,5828,18186,18692,4308
880,45.533,10854,5955,19180,18680,4899
881,45.585,10320,5961,18242,18320,4359
882,45.636,10459,5912,17800,18458,4547
883,45.688,9252,5936,18717,18752,3316
884,45.74,7541,5804,18139,18614,1737
885,45.792,7013,5798,18448,18974,1215
886,45.843,6682,5755,18348,18668,927
887,45.895,7123,5785,19207,18524,1338
888,45.947,6891,5804,17712,18494,1087
889,45.999,6456,5586,19076,18692,870
890,46.05,6481,5755,18063,18626,726
891,46.102,6630,5761,18274,18722,869
892,46.154,7990,5761,19221,18872,2229
893,46.206,7389,5719,18878,18470,1670
894,46.257,8929,5719,19446,18764,3210
895,46.309,10257,5725,18151,18800,4532
896,46.361,11707,5810,18059,18734,5897
897,46.413,9032,5810,18963,18638,3222
898,46.464,7045,5695,18072,18752,1350
899,46.516,7157,5725,18057,18812,1432
900,46.568,6905,5647,19635,18548,1258
901,46.62,6715,5749,18327,18440,966
902,46.671,6661,5900,18511,18794,761
903,46.723,7057,5858,18048,18566,1199
904,46.775,6208,5894,19681,18374,314
905,46.827,8214,5894,20319,18668,2320
906,46.878,10226,5791,17768,18806,4435
907,46.93,11032,5924,18937,18512,5108
908,46.982,8547,5882,19616,18704,2665
909,47.033,9957,5870,18859,18392,4087
910,47.085,7241,5876,19266,18512,1365
911,47.137,7792,5828,17041,18812,1964
912,47.189,8417,5761,17851,18596,2656
913,47.24,8119,5961,19332,18254,2158
914,47.292,7612,5840,18184,18368,1772
915,47.344,8451,5906,19387,18332,2545
916,47.396,7164,5785,18659,18530,1379
917,47.447,7744,5761,18814,18386,1983
918,47.499,8393,5773,18568,18296,2620
919,47.551,8981,5707,18544,18734,3274
920,47.603,9830,5997,17742,18458,3833
921,47.654,10577,5930,19575,18566,4647
922,47.706,11303,5918,18548,18999,5385
923,47.758,8980,5804,18202,18734,3176
924,47.81,10327,6021,19653,18494,4306
925,47.861,8153,5683,19835,18452,2470
926,47.913,10270,5997,19594,18368,4273
927,47.965,10922,5876,18287,18728,5046
928,48.017,10197,5936,19185,18578,4261
929,48.068,9924,6003,18748,18644,3921
930,48.12,10260,6087,17815,18410,4173
931,48.172,11005,5955,18170,18704,5050
932,48.224,10475,5852,18867,18290,4623
933,48.275,11242,6027,17331,18422,5215
934,48.327,10565,6015,19144,18434,4550
935,48.379,10738,6106,19556,18494,4632
936,48.431,9096,5888,18621,18842,3208
937,48.482,6223,6033,18651,18608,190
938,48.534,7952,6063,18961,18446,1889
939,48.586,8718,5846,17306,18596,2872
940,48.637,10352,5779,19546,18614,4573
941,48.689,9843,5840,19281,18692,4003
942,48.741,10419,5828,18404,18662,4591
943,48.793,9466,5864,18142,18692,3602
944,48.844,8660,5846,20307,18278,2814
945,48.896,9514,5870,19876,18362,3644
946,48.948,9788,5882,19768,18386,3906
947,49.0,10323,5761,19658,18644,4562
948,49.051,10865,5828,17838,18230,5037
949,49.103,9752,5991,19840,18560,3761
950,49.155,10208,5767,18468,18626,4441
951,49.207,10677,5864,17610,18854,4813
952,49.258,9787,5973,18920,18404,3814
953,49.31,10455,5846,19469,18590,4609
954,49.362,9949,5973,18466,18620,3976
955,49.414,10023,6015,19350,18740,4008
956,49.465,9923,5870,19360,18440,4053
957,49.517,10527,5973,18613,18524,4554
958,49.569,9769,5798,18716,18512,3971
959,49.621,9307,5846,19080,18860,3461
960,49.672,10296,5816,19258,18734,4480
961,49.724,10013,5737,18952,18740,4276
962,49.776,9054,5924,19035,18356,3130
963,49.828,9501,5973,19089,18488,3528
964,49.879,8857,5846,19051,18626,3011
965,49.931,9130,5810,19690,18494,3320
966,49.983,8761,5924,18723,18422,2837
967,50.035,8843,5798,19401,18602,3045
968,50.086,8595,5659,18805,18422,2936
969,50.138,9753,5816,17894,18506,3937
970,50.19,11172,5979,19607,18806,5193
971,50.241,9039,5936,18301,18506,3103
972,50.293,8293,5840,18968,18548,2453
973,50.345,10609,6112,19366,18614,4497
974,50.397,9967,6009,19405,18404,3958
975,50.448,8743,6112,18071,18254,2631
976,50.5,10345,5840,18934,18374,4505
977,50.552,10249,6015,19604,18602,4234
978,50.604,9924,6033,20177,18278,3891
979,50.655,9229,6136,20051,18470,3093
980,50.707,9478,5858,20247,18608,3620
981,50.759,10119,5846,19467,18236,4273
982,50.811,10251,6021,18726,18746,4230
983,50.862,8730,5773,17851,18704,2957
984,50.914,10497,5991,19236,18584,4506
985,50.966,10160,6045,18960,18608,4115
986,51.018,8532,6057,18203,18440,2475
987,51.069,10044,6051,18203,18602,3993
988,51.121,10482,5979,18388,18698,4503
989,51.173,10780,5942,18322,18920,4838
990,51.225,10858,5888,18259,18554,4970
991,51.276,11487,6063,19042,18248,5424
992,51.328,10449,5930,19358,18638,4519
993,51.38,10203,5864,20252,18680,4339
994,51.432,10537,5864,19160,18506,4673
995,51.483,10947,5955,19238,18626,4992
996,51.535,9812,5936,18942,18350,3876
997,51.587,9769,5858,18800,18422,3911
998,51.639,10773,5773,19341,18518,5000
999,51.69,10069,5804,18766,18584,4265
