frame,Time [s],CH1,BGND1,CH2,BGND2,intensity
0,0.0,9178,9572,27139,28060,-394
1,0.052,10137,9529,29229,28121,608
2,0.103,10194,9450,27216,28200,744
3,0.155,8885,9718,27399,28163,-833
4,0.207,9594,9632,27929,28388,-38
5,0.259,9759,9395,28781,28321,364
6,0.31,10035,9517,30395,27975,518
7,0.362,8440,9474,28948,27891,-1034
8,0.414,8617,9498,27662,28291,-881
9,0.466,9996,9419,28701,28163,577
10,0.517,9271,9401,29145,28351,-130
11,0.569,9581,9346,27814,28363,235
12,0.621,9007,9511,27863,28745,-504
13,0.673,9633,9358,26941,28048,275
14,0.724,9717,9346,28568,28278,371
15,0.776,9450,9352,28785,28212,98
16,0.828,10058,9346,29132,28345,712
17,0.88,8749,9559,27430,28054,-810
18,0.931,9690,9206,28826,28030,484
19,0.983,10247,9438,27498,28188,809
20,1.035,9104,9529,28127,27872,-425
21,1.087,9861,9486,28163,27909,375
22,1.138,9826,9358,27699,28175,468
23,1.19,9335,9224,28178,28078,111
24,1.242,10009,9352,28250,27606,657
25,1.294,8722,9456,28188,28242,-734
26,1.345,9975,9450,29818,28460,525
27,1.397,9327,9377,28808,28230,-50
28,1.449,8986,9523,27681,28151,-537
29,1.501,10296,9505,27105,28054,791
30,1.552,9366,9285,28373,28230,81
31,1.604,9227,9425,29440,28388,-198
32,1.656,9629,9352,29407,28066,277
33,1.707,9761,9438,28259,28382,323
34,1.759,10051,9346,27575,28151,705
35,1.811,9687,9779,27597,28145,-92
36,1.863,8882,9687,29703,28145,-805
37,1.914,9287,9304,29171,28115,-17
38,1.966,9227,9261,27333,28133,-34
39,2.018,9594,9365,28720,28218,229
40,2.07,9266,9480,27264,28333,-214
41,2.121,9833,9517,27871,27824,316
42,2.173,8767,9407,27301,28224,-640
43,2.225,9838,9699,26833,28182,139
44,2.277,9658,9687,30081,28351,-29
45,2.328,9050,9766,27674,28418,-716
46,2.38,9957,9620,29132,28115,337
47,2.432,9233,9419,27039,28212,-186
48,2.484,9473,9084,26507,28054,389
49,2.535,9295,9291,28716,27963,4
50,2.587,8947,9267,28366,27897,-320
51,2.639,8991,9103,27658,28309,-112
52,2.691,9118,9249,27879,28218,-131
53,2.742,8956,9358,29297,27927,-402
54,2.794,10288,9559,29356,28127,729
55,2.846,9525,9407,28374,28085,118
56,2.898,9364,9371,28043,28054,-7
57,2.949,9659,9218,29101,27897,441
58,3.001,8968,9322,28002,28309,-354
59,3.053,9945,9322,28640,28212,623
60,3.105,9929,9243,28393,28091,686
61,3.156,9434,9358,27795,28163,76
62,3.208,9254,9164,27022,28763,90
63,3.26,8885,9450,28572,27897,-565
64,3.311,10074,9291,27189,28400,783
65,3.363,9356,9151,28455,28400,205
66,3.415,9552,9224,28443,28006,328
67,3.467,9477,9371,28703,28630,106
68,3.518,9951,9614,26841,28678,337
69,3.57,9112,9468,28448,27988,-356
70,3.622,9729,9371,28317,28042,358
71,3.674,9244,9736,29406,28278,-492
72,3.725,9599,10089,27845,28394,-490
73,3.777,11059,9596,27885,27703,1463
74,3.829,9669,9505,30184,28121,164
75,3.881,9325,9529,26119,28733,-204
76,3.932,9426,9438,27693,28472,-12
77,3.984,9683,9492,28232,28369,191
78,4.036,9329,9498,28283,28285,-169
79,4.088,9687,9486,28791,28436,201
80,4.139,9410,9389,27014,28436,21
81,4.191,9684,9632,27431,28169,52
82,4.243,8977,9553,28938,28515,-576
83,4.295,9404,9578,29615,28666,-174
84,4.346,9920,9651,28582,28685,269
85,4.398,8984,9565,26351,28606,-581
86,4.45,9098,9194,27163,28182,-96
87,4.502,9838,9206,29397,28291,632
88,4.553,9188,9273,29126,28109,-85
89,4.605,9289,9261,29113,28600,28
90,4.657,9132,9224,29684,28594,-92
91,4.709,9872,9273,29069,28303,599
92,4.76,9497,9036,27374,28042,461
93,4.812,9198,9249,28819,28066,-51
94,4.864,9640,9760,28314,28315,-120
95,4.915,9542,9584,28752,28030,-42
96,4.967,10250,9431,28533,27988,819
97,5.019,9539,9608,29564,27982,-69
98,5.071,10300,9431,28901,28169,869
99,5.122,9655,9480,27616,28291,175
100,5.174,9116,9352,28792,28200,-236
101,5.226,9956,9310,29590,28085,646
102,5.278,9007,9444,28267,28121,-437
103,5.329,10169,9346,28888,28133,823
104,5.381,9805,9584,28558,28224,221
105,5.433,10475,9346,28499,28085,1129
106,5.485,9793,9657,29066,28860,136
107,5.536,10225,9547,27222,27897,678
108,5.588,9574,9328,28872,28406,246
109,5.64,10578,9492,29155,28163,1086
110,5.692,9405,9285,28354,28563,120
111,5.743,9084,9024,29498,28721,60
112,5.795,9873,9188,29285,28382,685
113,5.847,9428,9279,27085,28497,149
114,5.899,9497,9243,28480,28133,254
115,5.95,8792,9425,28366,28321,-633
116,6.002,9831,9298,28017,28509,533
117,6.054,9293,9170,27078,28315,123
118,6.106,8979,9212,27864,28691,-233
119,6.157,9741,9377,29323,28248,364
120,6.209,9597,9298,26427,28388,299
121,6.261,9637,9194,28047,28648,443
122,6.313,9352,9407,28850,28163,-55
123,6.364,9133,9279,29133,28248,-146
124,6.416,9128,9273,26819,28072,-145
125,6.468,9955,9261,28898,28442,694
126,6.519,10764,9511,28623,27939,1253
127,6.571,9749,9371,28428,27994,378
128,6.623,9492,9529,28831,28157,-37
129,6.675,9513,9115,27325,28218,398
130,6.726,9478,9285,29017,28212,193
131,6.778,9431,8987,27209,28394,444
132,6.83,8914,9091,27235,28333,-177
133,6.882,9180,9237,28707,28182,-57
134,6.933,9107,9218,27433,28072,-111
135,6.985,9130,9127,28131,27969,3
136,7.037,9139,9389,29013,27745,-250
137,7.089,9253,9218,27935,28078,35
138,7.14,9899,9194,27948,28382,705
139,7.192,10003,9273,27725,28278,730
140,7.244,9523,9194,27438,28206,329
141,7.296,8941,9279,28162,27685,-338
142,7.347,8619,9188,28305,28121,-569
143,7.399,9825,9304,28871,28151,521
144,7.451,9334,9383,27774,28630,-49
145,7.503,9574,8950,29884,27763,624
146,7.554,10029,9255,26734,28321,774
147,7.606,10182,9212,28644,27939,970
148,7.658,9307,9091,29125,28715,216
149,7.71,9664,9383,29879,28775,281
150,7.761,9870,9005,30790,28297,865
151,7.813,9973,9036,29369,28127,937
152,7.865,9347,9249,26570,28327,98
153,7.917,8984,9340,28621,28727,-356
154,7.968,9190,9346,28745,28412,-156
155,8.02,9491,9383,28255,28060,108
156,8.072,9311,9298,28358,28648,13
157,8.123,9227,9151,28214,28503,76
158,8.175,8851,9109,29104,28503,-258
159,8.227,8448,9103,29002,28569,-655
160,8.279,8729,9279,27364,28272,-550
161,8.33,8873,9188,27726,28648,-315
162,8.382,9119,9273,29491,28272,-154
163,8.434,8998,9456,28672,28175,-458
164,8.486,8554,9048,28460,28478,-494
165,8.537,9243,9054,28842,28563,189
166,8.589,8868,9188,29550,28521,-320
167,8.641,9645,9024,27633,28812,621
168,8.693,9035,9005,27966,28448,30
169,8.744,9447,9005,27130,28315,442
170,8.796,9667,8944,28549,28424,723
171,8.848,9318,9091,27260,28745,227
172,8.9,9558,8963,28756,28115,595
173,8.951,9469,9243,28119,28357,226
174,9.003,8298,9030,26262,28369,-732
175,9.055,8786,9115,28993,28018,-329
176,9.107,9384,9133,28382,28097,251
177,9.158,9477,9218,30850,28291,259
178,9.21,8875,8963,27790,28230,-88
179,9.262,9530,9249,28491,28200,281
180,9.314,9115,8999,29189,28503,116
181,9.365,9499,8938,27636,28278,561
182,9.417,9202,9401,26589,28066,-199
183,9.469,8683,8950,27480,28085,-267
184,9.521,8314,8950,29539,28212,-636
185,9.572,9441,9042,26912,28272,399
186,9.624,9272,9060,27669,28157,212
187,9.676,9350,8950,28606,27963,400
188,9.727,8814,9158,28413,27903,-344
189,9.779,9279,9151,27595,27994,128
190,9.831,8437,9097,27997,28454,-660
191,9.883,8949,8999,27474,28472,-50
192,9.934,8523,9133,29348,28430,-610
193,9.986,9248,9200,27630,28927,48
194,10.038,9474,9042,28542,28721,432
195,10.09,9506,8817,28726,28727,689
196,10.141,8888,8908,28491,28363,-20
197,10.193,9614,9158,29466,28309,456
198,10.245,8860,9164,29144,28703,-304
199,10.297,8963,9334,26723,28448,-371
200,10.348,9073,8987,28063,28509,86
201,10.4,7935,8926,27678,28175,-991
202,10.452,9517,9011,29526,28400,506
203,10.504,9529,9151,27913,28333,378
204,10.555,9750,8853,28719,28466,897
205,10.607,8298,8804,28266,28630,-506
206,10.659,9417,9036,27816,28400,381
207,10.711,9045,9206,29342,28642,-161
208,10.762,8797,8823,28307,28375,-26
209,10.814,8186,8975,27998,28266,-789
210,10.866,8530,8817,27925,28351,-287
211,10.918,8940,9005,28289,28472,-65
212,10.969,9859,8963,29720,28721,896
213,11.021,9457,8725,27827,28806,732
214,11.073,9495,9060,28469,28418,435
215,11.125,9388,8932,28749,28454,456
216,11.176,9182,9011,27007,28303,171
217,11.228,9646,9005,28114,28327,641
218,11.28,9094,9024,28234,28430,70
219,11.331,8955,9078,28247,28278,-123
220,11.383,9808,8829,27925,28442,979
221,11.435,8667,9151,28830,28751,-484
222,11.487,8622,9036,28304,28442,-414
223,11.538,8666,8890,27352,28182,-224
224,11.59,8780,8817,29292,28151,-37
225,11.642,9455,9151,27417,28654,304
226,11.694,9304,8987,27961,28169,317
227,11.745,9407,8908,28812,28545,499
228,11.797,9148,8920,28344,28406,228
229,11.849,9133,9084,27906,28733,49
230,11.901,9205,9030,29318,28600,175
231,11.952,8122,8829,28311,28030,-707
232,12.004,8366,8877,27355,28606,-511
233,12.056,8519,8938,29927,28315,-419
234,12.108,8710,8993,28759,28697,-283
235,12.159,9110,8756,29033,28969,354
236,12.211,9699,8999,27139,28630,700
237,12.263,8469,9084,29228,28054,-615
238,12.315,9443,9121,27927,28006,322
239,12.366,8757,8963,28075,28733,-206
240,12.418,9449,9042,29051,28551,407
241,12.47,8793,9206,28104,28012,-413
242,12.522,8283,9042,28704,28545,-759
243,12.573,8967,8877,29572,28254,90
244,12.625,8884,9011,28389,28424,-127
245,12.677,8918,8841,29510,28206,77
246,12.729,8904,8902,29857,28018,2
247,12.78,8606,9042,27384,28042,-436
248,12.832,9205,8999,30561,28182,206
249,12.884,8981,8847,28150,28636,134
250,12.935,9367,9005,29313,28600,362
251,12.987,9825,9030,28514,28115,795
252,13.039,8581,8914,28926,28400,-333
253,13.091,8707,9017,27774,28230,-310
254,13.142,8835,8993,27191,28618,-158
255,13.194,8709,9164,27689,28394,-455
256,13.246,9165,8999,28383,28551,166
257,13.298,9952,8987,28520,28157,965
258,13.349,9692,9243,28725,28188,449
259,13.401,9015,8999,28780,28351,16
260,13.453,8068,9042,27561,28200,-974
261,13.505,9527,9139,27890,28212,388
262,13.556,9265,9072,28636,28497,193
263,13.608,9044,8908,29482,28648,136
264,13.66,9102,9072,27953,28212,30
265,13.712,9536,9121,29072,28339,415
266,13.763,9619,8829,28968,28339,790
267,13.815,9176,8835,29587,28454,341
268,13.867,9111,9097,29011,28418,14
269,13.919,8892,9231,28591,28157,-339
270,13.97,9713,9145,28657,28897,568
271,14.022,8951,9121,29118,28424,-170
272,14.074,9382,8890,27710,27915,492
273,14.126,9342,9072,27188,28309,270
274,14.177,9892,9091,28135,28642,801
275,14.229,8896,9206,30323,28521,-310
276,14.281,8706,9249,28057,28588,-543
277,14.333,9340,8944,29709,28048,396
278,14.384,9948,9078,28891,28588,870
279,14.436,9695,9078,29891,28478,617
280,14.488,10044,9170,28783,27885,874
281,14.54,9042,8835,28594,28212,207
282,14.591,8191,8926,28629,28042,-735
283,14.643,9223,8957,29992,28721,266
284,14.695,9164,8908,29736,28448,256
285,14.746,9369,8957,29977,28315,412
286,14.798,8767,9097,28947,28206,-330
287,14.85,8888,8944,30247,28509,-56
288,14.902,9340,9139,27767,28224,201
289,14.953,8569,8944,28639,28448,-375
290,15.005,9015,8963,29345,28666,52
291,15.057,9080,8810,28664,28527,270
292,15.109,8840,8841,27418,28163,-1
293,15.16,9294,8725,28834,27915,569
294,15.212,9151,8975,27830,28436,176
295,15.264,9317,8884,28422,28266,433
296,15.316,8667,9084,28181,28333,-417
297,15.367,9193,9048,28743,28903,145
298,15.419,8028,8999,29178,28242,-971
299,15.471,8577,8890,30073,28806,-313
300,15.523,8786,9048,29418,28151,-262
301,15.574,8209,8865,28295,29066,-656
302,15.626,9126,8987,28085,28321,139
303,15.678,8985,8969,27156,28672,16
304,15.73,8564,8725,28375,28230,-161
305,15.781,8281,8944,27051,28369,-663
306,15.833,9218,8865,27737,28394,353
307,15.885,9450,8969,27289,28460,481
308,15.937,8321,9005,28360,28236,-684
309,15.988,8893,8908,27882,28048,-15
310,16.04,8889,9170,29992,28206,-281
311,16.092,8686,8841,28259,28291,-155
312,16.144,8367,8829,26460,28230,-462
313,16.195,8906,9139,27701,28460,-233
314,16.247,8536,8938,27646,28297,-402
315,16.299,9958,8786,27129,28369,1172
316,16.35,9248,8792,28963,28224,456
317,16.402,8949,8914,28699,28236,35
318,16.454,8861,8932,28740,28230,-71
319,16.506,8494,8670,30063,28600,-176
320,16.557,8174,8841,27110,28369,-667
321,16.609,9012,9048,28690,28521,-36
322,16.661,8938,8950,28378,28357,-12
323,16.713,9051,8902,28379,28224,149
324,16.764,8499,9084,27227,28278,-585
325,16.816,8881,8938,29423,27618,-57
326,16.868,8897,8762,28441,28569,135
327,16.92,9266,8768,27818,28703,498
328,16.971,8520,8841,28858,28703,-321
329,17.023,8340,9115,27552,28345,-775
330,17.075,9011,9084,29815,28569,-73
331,17.127,8954,8975,29303,28648,-21
332,17.178,9455,8957,28974,28157,498
333,17.23,9158,8950,27690,28230,208
334,17.282,10077,8841,27761,28351,1236
335,17.334,9049,8969,27810,28400,80
336,17.385,8713,8731,27930,28303,-18
337,17.437,8298,8774,28701,28278,-476
338,17.489,8937,8975,28947,28218,-38
339,17.541,8815,8884,27836,28454,-69
340,17.592,8606,8664,29141,28624,-58
341,17.644,9308,8932,28287,28375,376
342,17.696,8771,8859,28820,28472,-88
343,17.748,8335,9115,30241,28424,-780
344,17.799,9337,8835,29581,28400,502
345,17.851,8755,8841,29672,28715,-86
346,17.903,8666,8896,28965,28091,-230
347,17.954,8713,8719,28228,28200,-6
348,18.006,9307,8896,28053,28363,411
349,18.058,8722,9139,28421,28751,-417
350,18.11,8998,8859,29381,28491,139
351,18.161,8369,8884,26912,28297,-515
352,18.213,8352,8713,29165,28315,-361
353,18.265,9309,8768,28650,28236,541
354,18.317,8965,8914,27336,28406,51
355,18.368,8206,8987,29346,28248,-781
356,18.42,8468,8750,27986,28194,-282
357,18.472,9084,8628,28502,28363,456
358,18.524,9150,8804,28384,28012,346
359,18.575,8638,8695,28347,28442,-57
360,18.627,9324,9054,28654,28406,270
361,18.679,9216,8743,27722,28327,473
362,18.731,8750,8969,28097,28339,-219
363,18.782,8664,8817,29303,28375,-153
364,18.834,9224,8896,27946,28254,328
365,18.886,10003,8750,27951,27921,1253
366,18.938,9060,8670,28831,28527,390
367,18.989,8879,8591,27912,28636,288
368,19.041,8301,8689,28946,28400,-388
369,19.093,8240,8865,28040,28751,-625
370,19.145,8328,8902,28934,28078,-574
371,19.196,8971,8597,28763,28388,374
372,19.248,9185,8676,29467,28666,509
373,19.3,9321,8719,29599,28582,602
374,19.352,8346,8737,26609,28515,-391
375,19.403,8922,8689,27929,28272,233
376,19.455,8866,8817,27704,28751,49
377,19.507,9029,8981,29685,28448,48
378,19.558,7826,8762,27884,28436,-936
379,19.61,9545,8853,28543,28327,692
380,19.662,9060,8987,27582,28054,73
381,19.714,9190,8823,29254,28309,367
382,19.765,8787,8823,28687,27745,-36
383,19.817,9604,8908,28894,28242,696
384,19.869,9513,9017,28632,28630,496
385,19.921,8635,8859,28299,28278,-224
386,19.972,9020,8950,27547,28085,70
387,20.024,9090,8871,27774,28085,219
388,20.076,9674,8792,29261,28285,882
389,20.128,9218,9078,27905,28648,140
390,20.179,9123,9182,28066,28618,-59
391,20.231,9757,9279,27315,28460,478
392,20.283,8517,9669,28190,28309,-1152
393,20.335,8256,8926,26571,28327,-670
394,20.386,8741,8963,27465,28551,-222
395,20.438,9078,8950,28146,28527,128
396,20.49,8142,9091,28154,28709,-949
397,20.542,8686,8999,28112,28569,-313
398,20.593,8879,9097,28703,28545,-218
399,20.645,9619,8999,28290,28648,620
400,20.697,9015,9285,28545,28727,-270
401,20.749,9380,9078,28155,27697,302
402,20.8,8836,9078,27500,28006,-242
403,20.852,9513,9036,27707,28242,477
404,20.904,9274,9170,27272,28485,104
405,20.956,9149,9097,28251,28260,52
406,21.007,9263,9158,27292,28272,105
407,21.059,8994,9030,28013,28127,-36
408,21.111,9388,9066,27543,28303,322
409,21.162,9245,9371,29690,28745,-126
410,21.214,9126,9285,28890,28660,-159
411,21.266,9062,9072,27325,28030,-10
412,21.318,8742,9030,28797,28212,-288
413,21.369,8452,8999,27891,28260,-547
414,21.421,8960,9060,28147,28163,-100
415,21.473,9573,8944,29781,28642,629
416,21.525,8962,9115,29133,28478,-153
417,21.576,8591,9097,29380,28860,-506
418,21.628,9468,9145,27733,28242,323
419,21.68,9026,8707,27930,28266,319
420,21.732,8516,8810,28685,28103,-294
421,21.783,9589,9048,29558,28909,541
422,21.835,9153,9048,28279,28563,105
423,21.887,9154,9243,27337,28515,-89
424,21.939,8625,9091,27989,28588,-466
425,21.99,8666,9091,28297,28418,-425
426,22.042,9346,9212,29202,28382,134
427,22.094,8804,9036,27642,28369,-232
428,22.146,9210,8963,27574,28418,247
429,22.197,8499,9164,28337,28533,-665
430,22.249,9641,9212,27584,28557,429
431,22.301,9645,9212,28968,28582,433
432,22.353,9251,9304,28084,28309,-53
433,22.404,9894,9304,27958,28521,590
434,22.456,9499,9127,29241,28406,372
435,22.508,9018,8944,26492,28582,74
436,22.56,9511,8975,28830,28600,536
437,22.611,9387,9127,28660,28678,260
438,22.663,8454,9206,27031,28097,-752
439,22.715,8947,9005,28709,27860,-58
440,22.766,8245,8969,29032,28678,-724
441,22.818,9109,9005,29026,28266,104
442,22.87,9720,9285,29930,28545,435
443,22.922,8853,8890,26661,28551,-37
444,22.973,9075,9054,29002,28460,21
445,23.025,10406,8847,28346,28254,1559
446,23.077,8477,8786,30133,28460,-309
447,23.129,9362,8865,28357,27927,497
448,23.18,9534,8792,28285,28109,742
449,23.232,8956,8786,28796,28188,170
450,23.284,9133,8981,28971,28236,152
451,23.336,8535,8920,27389,28666,-385
452,23.387,9982,9212,29102,28327,770
453,23.439,9198,9066,28093,28206,132
454,23.491,9219,9084,27327,28218,135
455,23.543,8928,9194,28196,28430,-266
456,23.594,8713,8865,29164,28242,-152
457,23.646,9285,9145,29115,28406,140
458,23.698,9222,8683,27592,28266,539
459,23.75,9476,8890,27063,28285,586
460,23.801,8311,8847,27913,28866,-536
461,23.853,9071,8865,28768,28224,206
462,23.905,8803,9066,27829,28763,-263
463,23.957,9349,8938,28720,28678,411
464,24.008,9187,8841,28472,28157,346
465,24.06,8884,8762,26933,28151,122
466,24.112,9656,8877,28486,28703,779
467,24.164,8524,8670,27710,27842,-146
468,24.215,8938,8926,28457,28503,12
469,24.267,8709,8865,29164,28382,-156
470,24.319,8866,9011,27870,28891,-145
471,24.37,9105,8981,28981,28678,124
472,24.422,8905,8944,27279,28751,-39
473,24.474,8769,8944,27524,28260,-175
474,24.526,8543,9017,28656,28303,-474
475,24.577,9061,8780,28307,28103,281
476,24.629,9651,8969,28060,28333,682
477,24.681,8902,9097,28109,28454,-195
478,24.733,9026,8963,28735,28394,63
479,24.784,9370,8859,26972,28351,511
480,24.836,9418,8774,27604,28685,644
481,24.888,8444,9060,27950,28418,-616
482,24.94,9387,8829,26947,28418,558
483,24.991,8736,8871,26859,27860,-135
484,25.043,9721,9005,27919,28600,716
485,25.095,8640,9017,27729,28430,-377
486,25.147,9158,8762,29388,28575,396
487,25.198,8742,8835,27827,28291,-93
488,25.25,8630,8877,27567,28303,-247
489,25.302,8522,9036,27906,28515,-514
490,25.354,8848,8841,27869,28382,7
491,25.405,9141,9121,28579,28175,20
492,25.457,9272,8859,27337,28157,413
493,25.509,8580,8993,30148,28527,-413
494,25.561,9461,9176,28647,28394,285
495,25.612,8747,9145,28246,28709,-398
496,25.664,8735,9103,28018,28557,-368
497,25.716,8272,9011,27901,28666,-739
498,25.768,9398,8975,27508,28545,423
499,25.819,9075,9048,27008,28266,27
500,25.871,9304,9188,28154,28624,116
501,25.923,9670,8835,29664,28327,835
502,25.974,10020,9133,29023,28303,887
503,26.026,8557,8798,29173,28824,-241
504,26.078,9116,9030,26685,28903,86
505,26.13,8935,8938,28882,28400,-3
506,26.181,9301,8981,27410,28612,320
507,26.233,8926,8926,28454,28236,0
508,26.285,8954,9066,27544,28685,-112
509,26.337,8848,9011,28678,28582,-163
510,26.388,8954,8853,28539,28394,101
511,26.44,9261,8859,30032,28630,402
512,26.492,8579,8890,30569,27921,-311
513,26.544,8613,8792,27777,28133,-179
514,26.595,8878,8999,27904,28606,-121
515,26.647,8376,8695,27666,28557,-319
516,26.699,8055,8957,28469,28460,-902
517,26.751,8603,9060,29925,28594,-457
518,26.802,8021,8896,28742,28757,-875
519,26.854,9181,8610,27642,28357,571
520,26.906,9274,9011,29969,28588,263
521,26.958,8599,8768,27949,28594,-169
522,27.009,8812,8884,28818,28491,-72
523,27.061,8365,8756,26845,28860,-391
524,27.113,8888,8981,29226,28448,-93
525,27.165,9378,9005,27751,28569,373
526,27.216,8936,9011,29602,28327,-75
527,27.268,9127,8938,28984,28394,189
528,27.32,8636,8762,29600,28406,-126
529,27.372,8998,8938,28439,28260,60
530,27.423,8826,8847,30321,28200,-21
531,27.475,8487,8932,28319,28339,-445
532,27.527,8891,8670,28526,28375,221
533,27.578,8913,8896,28696,28327,17
534,27.63,8509,8731,29765,28291,-222
535,27.682,8048,9097,27492,28697,-1049
536,27.734,8432,8896,28659,28145,-464
537,27.785,8969,9030,30042,28466,-61
538,27.837,8783,8981,28549,28224,-198
539,27.889,9251,9072,29410,28345,179
540,27.941,9015,9511,29612,28375,-496
541,27.992,9308,9517,27295,28412,-209
542,28.044,9128,9407,28083,28503,-279
543,28.096,9060,9572,30549,28248,-512
544,28.148,9301,8920,28939,28369,381
545,28.199,8586,8847,29276,28157,-261
546,28.251,9323,8859,28638,28230,464
547,28.303,9576,8896,30005,28600,680
548,28.355,8813,8877,28092,28709,-64
549,28.406,8634,9084,27118,28745,-450
550,28.458,9431,8725,28350,28260,706
551,28.51,8063,8884,28414,28515,-821
552,28.562,8564,8908,29047,27757,-344
553,28.613,8627,8676,28613,28654,-49
554,28.665,8704,8871,27316,28491,-167
555,28.717,8695,8810,27560,28915,-115
556,28.769,8399,8798,28474,27915,-399
557,28.82,8575,8798,28642,28588,-223
558,28.872,8161,8859,27180,28412,-698
559,28.924,9264,8768,29114,27788,496
560,28.976,8659,8877,29545,28363,-218
561,29.027,9760,8932,28556,28006,828
562,29.079,8406,9133,27480,28309,-727
563,29.131,9599,8853,28738,28594,746
564,29.182,9463,8993,28171,28636,470
565,29.234,8849,8871,29360,28982,-22
566,29.286,11984,9066,30070,28569,2918
567,29.338,9198,8804,29599,28624,394
568,29.389,8612,9145,29744,28272,-533
569,29.441,9202,8884,26477,28478,318
570,29.493,9098,9024,28165,28503,74
571,29.545,9215,8476,27180,28788,739
572,29.596,8481,8896,28236,28236,-415
573,29.648,9289,9097,28575,28769,192
574,29.7,8965,9121,28913,28375,-156
575,29.752,8664,8884,27228,28357,-220
576,29.803,8413,8695,28178,28460,-282
577,29.855,9453,8938,29530,28145,515
578,29.907,8872,8914,28598,28600,-42
579,29.959,8068,8707,28082,28545,-639
580,30.01,8644,8999,27863,29218,-355
581,30.062,9445,8774,29240,28606,671
582,30.114,8466,8944,28122,28582,-478
583,30.166,8253,8932,27938,28418,-679
584,30.217,8726,8750,29619,28642,-24
585,30.269,8494,8963,28116,28697,-469
586,30.321,9027,8737,28498,28624,290
587,30.373,8494,8573,28805,28763,-79
588,30.424,8171,8750,29112,28600,-579
589,30.476,9275,9024,28810,28175,251
590,30.528,8875,8683,29740,28697,192
591,30.58,8452,8792,27793,28272,-340
592,30.631,8906,8865,30049,28315,41
593,30.683,8208,9048,29166,28418,-840
594,30.735,8813,8859,28247,28515,-46
595,30.786,8348,9072,28988,28163,-724
596,30.838,9251,8743,30406,28369,508
597,30.89,9617,8768,28459,28206,849
598,30.942,7915,8957,29370,28757,-1042
599,30.993,8747,8695,27052,28266,52
600,31.045,11396,9017,29786,28685,2379
601,31.097,8879,8908,27337,28569,-29
602,31.149,8763,8756,28014,28327,7
603,31.2,9204,8999,26997,28097,205
604,31.252,8771,8877,26953,28145,-106
605,31.304,8174,8810,28725,28563,-636
606,31.356,8240,8634,28623,28169,-394
607,31.407,9172,8798,29233,28321,374
608,31.459,8696,8920,28977,28763,-224
609,31.511,9037,8591,28110,28188,446
610,31.563,9267,8938,29176,28575,329
611,31.614,9106,8634,28534,28315,472
612,31.666,8265,8719,30530,28412,-454
613,31.718,9232,9103,29423,28363,129
614,31.77,8977,8890,27512,28569,87
615,31.821,8771,8743,27903,28794,28
616,31.873,8695,8902,29270,28606,-207
617,31.925,7999,9121,29245,28430,-1122
618,31.977,9333,8944,27929,27963,389
619,32.028,9414,8859,30731,28527,555
620,32.08,13285,9243,27890,28575,4042
621,32.132,13725,9109,28971,28618,4616
622,32.184,12058,9048,27024,28460,3010
623,32.235,11530,9212,28360,28448,2318
624,32.287,12411,9267,27892,28678,3144
625,32.339,13883,9431,28790,28266,4452
626,32.39,12343,9310,27663,28272,3033
627,32.442,12674,9316,28203,28242,3358
628,32.494,13102,9139,28432,28533,3963
629,32.546,11764,9291,29143,28430,2473
630,32.597,14041,9224,30136,28109,4817
631,32.649,11799,9462,29375,28557,2337
632,32.701,12468,9194,29512,28163,3274
633,32.753,12599,9498,28175,28436,3101
634,32.804,11455,9084,29208,28369,2371
635,32.856,11831,9121,30306,28285,2710
636,32.908,12084,9182,28917,28551,2902
637,32.96,13177,9261,28475,28424,3916
638,33.011,12239,9358,28019,28678,2881
639,33.063,13084,9316,28255,28515,3768
640,33.115,11883,9298,27985,28054,2585
641,33.167,12203,9176,27576,28672,3027
642,33.218,11985,9139,27171,28333,2846
643,33.27,14024,9212,28977,28054,4812
644,33.322,12997,9212,30050,28212,3785
645,33.374,12666,8993,29030,28375,3673
646,33.425,11151,9352,28671,28091,1799
647,33.477,11726,9273,27208,28600,2453
648,33.529,12227,9091,30167,28363,3136
649,33.581,11932,8877,28607,28218,3055
650,33.632,12307,8890,28737,28351,3417
651,33.684,12339,9425,29520,28624,2914
652,33.736,12682,9097,28785,28612,3585
653,33.788,12364,9176,29104,28309,3188
654,33.839,13555,9164,29813,28503,4391
655,33.891,12002,9358,29455,28321,2644
656,33.943,11897,9340,27882,28557,2557
657,33.994,12285,9267,29372,28891,3018
658,34.046,13024,8963,29819,28836,4061
659,34.098,13470,8902,28392,28212,4568
660,34.15,13646,9011,27061,28260,4635
661,34.201,11616,9103,30032,28503,2513
662,34.253,11904,9121,28418,28333,2783
663,34.305,12331,9218,27622,28454,3113
664,34.357,12674,9151,28332,29060,3523
665,34.408,10991,8798,29092,28163,2193
666,34.46,12114,9036,28844,28636,3078
667,34.512,11958,9017,30217,28212,2941
668,34.564,11682,8865,29587,28078,2817
669,34.615,11962,9030,29209,28430,2932
670,34.667,11418,8871,29221,28206,2547
671,34.719,11633,8865,28464,28242,2768
672,34.771,12412,8890,28882,29060,3522
673,34.822,13054,8975,28768,28636,4079
674,34.874,12731,9024,30379,28297,3707
675,34.926,11509,8950,26949,28218,2559
676,34.978,11189,9109,28985,28400,2080
677,35.029,12835,8981,28694,28691,3854
678,35.081,12839,9243,26975,28448,3596
679,35.133,12325,8871,27867,28442,3454
680,35.185,12165,9206,28449,28272,2959
681,35.236,11649,8932,28668,28533,2717
682,35.288,11293,9304,29637,28715,1989
683,35.34,12954,9304,28056,28297,3650
684,35.392,12924,8950,27515,28539,3974
685,35.443,11922,9170,26570,28297,2752
686,35.495,12460,9091,27972,28012,3369
687,35.547,12450,8914,28135,28127,3536
688,35.598,12393,8865,28304,28412,3528
689,35.65,12530,9456,29415,28127,3074
690,35.702,11843,9139,28084,28830,2704
691,35.754,12033,8884,28761,28236,3149
692,35.805,11484,8762,27355,28175,2722
693,35.857,12421,9072,28446,28442,3349
694,35.909,12635,8993,27499,28006,3642
695,35.961,12575,9103,30399,28042,3472
696,36.012,11067,9072,27825,28297,1995
697,36.064,11272,8938,28889,28103,2334
698,36.116,12216,9200,27695,28254,3016
699,36.168,12248,9084,29643,28339,3164
700,36.219,12019,9145,25555,28382,2874
701,36.271,12765,9097,27728,28454,3668
702,36.323,11874,8950,29418,28309,2924
703,36.375,12214,8938,29370,28491,3276
704,36.426,12183,8987,28239,28448,3196
705,36.478,11848,9084,27400,28266,2764
706,36.53,12876,8756,28809,28945,4120
707,36.582,12470,8926,28384,28654,3544
708,36.633,11855,8932,28212,28254,2923
709,36.685,11858,9145,28190,28569,2713
710,36.737,11445,8987,28118,28691,2458
711,36.789,11546,8938,28412,28321,2608
712,36.84,11621,8810,27829,28388,2811
713,36.892,11402,9139,28259,28224,2263
714,36.944,12557,8859,27366,28624,3698
715,36.996,12393,8963,28410,28327,3430
716,37.047,11927,8981,29211,28242,2946
717,37.099,11062,9005,29202,28412,2057
718,37.151,11553,9200,28672,28072,2353
719,37.202,12124,9097,29671,28363,3027
720,37.254,12224,9091,28796,28885,3133
721,37.306,13264,9182,28211,28660,4082
722,37.358,12541,9188,29971,28557,3353
723,37.409,11733,9170,27337,28878,2563
724,37.461,12522,9030,29228,28491,3492
725,37.513,10481,9511,28323,28521,970
726,37.565,12317,9365,29739,28582,2952
727,37.616,11929,9401,28742,28539,2528
728,37.668,12305,9821,29282,28230,2484
729,37.72,11546,9699,29400,28751,1847
730,37.772,11660,9474,27854,28551,2186
731,37.823,11682,9304,29054,28594,2378
732,37.875,12458,9523,28071,28824,2935
733,37.927,13127,9492,27724,28497,3635
734,37.979,11899,9291,28947,28018,2608
735,38.03,12060,9468,29408,28133,2592
736,38.082,11922,9334,30216,28442,2588
737,38.134,12375,9231,26922,28388,3144
738,38.186,12537,9231,26577,28351,3306
739,38.237,11863,9498,30495,28715,2365
740,38.289,11611,9352,29444,28254,2259
741,38.341,12523,9267,28644,28412,3256
742,38.393,12669,9535,28312,28957,3134
743,38.444,12296,9419,29010,28727,2877
744,38.496,12358,9572,27820,28460,2786
745,38.548,11151,9535,30493,28266,1616
746,38.6,12509,9316,28320,28703,3193
747,38.651,11680,9389,30536,28533,2291
748,38.703,12244,9352,28233,28685,2892
749,38.755,12662,9480,29783,28569,3182
750,38.806,12019,9237,30430,28775,2782
751,38.858,11555,9572,28775,28363,1983
752,38.91,11837,9456,28204,28485,2381
753,38.962,12456,9346,28068,28612,3110
754,39.013,12934,9127,27724,28127,3807
755,39.065,12354,9377,28175,28036,2977
756,39.117,11940,9431,28358,28600,2509
757,39.169,11933,9529,29258,28630,2404
758,39.22,13297,9322,30896,28812,3975
759,39.272,11529,9371,28690,28630,2158
760,39.324,12637,9249,30033,28678,3388
761,39.376,12347,9358,28665,28539,2989
762,39.427,11788,9273,28397,28539,2515
763,39.479,11704,9383,29428,28654,2321
764,39.531,11779,9243,27861,28751,2536
765,39.583,12982,9480,28560,28751,3502
766,39.634,12030,9505,28811,28878,2525
767,39.686,13025,9383,27289,29060,3642
768,39.738,13200,9310,27331,28727,3890
769,39.79,11670,9730,29066,28315,1940
770,39.841,12734,9456,29285,28418,3278
771,39.893,12349,9231,27758,29036,3118
772,39.945,11877,9279,28712,28866,2598
773,39.997,11509,9486,28317,28606,2023
774,40.048,12350,9438,28225,28648,2912
775,40.1,11404,9486,27906,28751,1918
776,40.152,11955,9298,27537,28406,2657
777,40.204,13049,9401,30256,28333,3648
778,40.255,12349,9291,28106,28454,3058
779,40.307,11946,9346,28265,28782,2600
780,40.359,11277,9298,28661,28975,1979
781,40.41,11970,9456,29153,28182,2514
782,40.462,12305,9462,31351,28582,2843
783,40.514,12365,9267,28470,28382,3098
784,40.566,11641,9243,28393,28594,2398
785,40.617,12222,9505,28774,28412,2717
786,40.669,13011,9316,26668,28369,3695
787,40.721,12186,9304,29383,28006,2882
788,40.773,12425,9511,27145,28188,2914
789,40.824,12582,9291,28431,28648,3291
790,40.876,11561,9200,28205,28460,2361
791,40.928,11463,9298,28633,28769,2165
792,40.98,11749,9474,28176,28497,2275
793,41.031,11641,9395,27153,28969,2246
794,41.083,12864,9316,28163,28636,3548
795,41.135,12046,9358,29039,28466,2688
796,41.187,12050,9304,27935,28272,2746
797,41.238,12808,9285,29510,28388,3523
798,41.29,12628,9164,28373,28600,3464
799,41.342,12441,9164,28743,28351,3277
800,41.394,11507,9480,28197,28491,2027
801,41.445,11325,9346,28385,29127,1979
802,41.497,11420,9383,28110,28339,2037
803,41.549,13096,8987,28072,28448,4109
804,41.601,12159,9438,29330,28357,2721
805,41.652,13515,9529,29070,28618,3986
806,41.704,12417,9413,27332,28478,3004
807,41.756,12060,9243,27781,28424,2817
808,41.808,12108,9431,27506,28139,2677
809,41.859,12021,9072,28545,28878,2949
810,41.911,13068,9194,28872,28424,3874
811,41.963,11782,9261,28773,28006,2521
812,42.015,10961,9255,28065,28582,1706
813,42.066,11783,9401,28530,28448,2382
814,42.118,12219,9541,30098,28369,2678
815,42.17,14048,9328,26790,28436,4720
816,42.221,12157,9212,27981,28212,2945
817,42.273,12887,9407,29788,28097,3480
818,42.325,12896,9541,28095,28600,3355
819,42.377,12722,9474,27914,28291,3248
820,42.428,13744,9383,28613,28400,4361
821,42.48,12611,9194,28250,28527,3417
822,42.532,13018,9401,28259,28491,3617
823,42.584,12030,9024,28658,28278,3006
824,42.635,12756,8993,28367,28794,3763
825,42.687,12761,8835,28290,28472,3926
826,42.739,11942,9048,26860,28715,2894
827,42.791,10974,9097,29266,28206,1877
828,42.842,13299,9060,28878,28594,4239
829,42.894,10710,9060,28296,28133,1650
830,42.946,10354,8871,28203,28533,1483
831,42.998,12252,9078,28301,27891,3174
832,43.049,13057,9078,28853,28194,3979
833,43.101,12991,9158,28189,28491,3833
834,43.153,12136,9206,28151,28903,2930
835,43.205,12778,8920,26682,28466,3858
836,43.256,12052,9249,29572,28678,2803
837,43.308,12355,9237,30243,28503,3118
838,43.36,12895,9164,30006,28763,3731
839,43.412,12586,8871,28919,28169,3715
840,43.463,11493,9139,29707,28048,2354
841,43.515,11826,9109,29791,28424,2717
842,43.567,12191,9042,28660,28575,3149
843,43.619,12783,8950,30017,28539,3833
844,43.67,12290,8963,28206,28072,3327
845,43.722,12194,9133,29144,28691,3061
846,43.774,12626,9346,29843,28442,3280
847,43.825,11820,9218,27921,28412,2602
848,43.877,12307,9024,28783,28497,3283
849,43.929,11695,9188,28389,28745,2507
850,43.981,12315,9224,27552,28582,3091
851,44.032,12684,9425,28498,28588,3259
852,44.084,12381,9054,29171,28521,3327
853,44.136,11369,9754,27622,28454,1615
854,44.188,13308,9450,28598,29157,3858
855,44.239,12384,9139,29628,28775,3245
856,44.291,11590,9164,30009,28769,2426
857,44.343,12546,9279,29493,28763,3267
858,44.395,11487,9115,27922,29024,2372
859,44.446,11973,9535,29307,28321,2438
860,44.498,12363,9158,29112,28678,3205
861,44.55,13212,9346,27664,28763,3866
862,44.602,12621,8993,28111,29066,3628
863,44.653,12128,8999,29214,28236,3129
864,44.705,11266,9145,27588,29012,2121
865,44.757,12755,9036,30202,28903,3719
866,44.809,11504,9060,27507,28509,2444
867,44.86,12108,9200,29289,29127,2908
868,44.912,11725,9091,29100,28660,2634
869,44.964,12176,9127,29492,27878,3049
870,45.016,13229,9164,28174,28769,4065
871,45.067,11928,8950,28463,28648,2978
872,45.119,12276,9097,29194,28394,3179
873,45.171,12624,8957,28547,28897,3667
874,45.223,11970,9103,28250,28721,2867
875,45.274,11404,8798,28873,28836,2606
876,45.326,11257,9109,28652,28854,2148
877,45.378,12512,8853,28833,28539,3659
878,45.429,10167,8950,29097,28685,1217
879,45.481,12891,9011,29281,28648,3880
880,45.533,13266,9139,28815,28782,4127
881,45.585,12617,9133,27805,28594,3484
882,45.636,12619,8987,28476,28400,3632
883,45.688,11985,9237,30044,28388,2748
884,45.74,12109,9328,27915,28885,2781
885,45.792,12299,9036,29927,28854,3263
886,45.843,12043,8908,29026,28491,3135
887,45.895,12059,9054,28058,28727,3005
888,45.947,11023,8993,28194,28375,2030
889,45.999,12115,8871,30076,28666,3244
890,46.05,12073,9218,28585,28582,2855
891,46.102,12035,9066,28868,28448,2969
892,46.154,12081,8920,28460,28763,3161
893,46.206,12260,8963,28541,28969,3297
894,46.257,12435,8774,29332,28527,3661
895,46.309,12026,8981,29769,28878,3045
896,46.361,11261,8993,30574,28212,2268
897,46.413,12482,9066,30599,28672,3416
898,46.464,11765,9279,27993,28545,2486
899,46.516,13030,9066,29731,28606,3964
900,46.568,12310,9103,28894,28406,3207
901,46.62,12363,9231,27938,28375,3132
902,46.671,12540,8981,27939,28842,3559
903,46.723,12085,9036,28829,28624,3049
904,46.775,12749,8823,27693,28363,3926
905,46.827,11238,9091,27566,28812,2147
906,46.878,12689,9084,29196,28497,3605
907,46.93,12209,9103,29102,28545,3106
908,46.982,11839,9024,29119,28460,2815
909,47.033,12886,8932,27439,28533,3954
910,47.085,12564,9158,29705,28388,3406
911,47.137,12814,9066,27726,28303,3748
912,47.189,12062,9127,27856,28563,2935
913,47.24,11941,9231,28501,28697,2710
914,47.292,11771,8932,29517,28412,2839
915,47.344,12928,8987,27688,28551,3941
916,47.396,11553,8926,29116,29206,2627
917,47.447,12932,9091,27971,28194,3841
918,47.499,12237,9024,27096,28400,3213
919,47.551,12759,9109,28969,28357,3650
920,47.603,12358,9133,28681,28406,3225
921,47.654,11959,8902,27944,28521,3057
922,47.706,10904,8817,28896,28448,2087
923,47.758,11318,9121,28565,28388,2197
924,47.81,11234,8585,30420,28472,2649
925,47.861,12957,8774,28077,28315,4183
926,47.913,11899,8999,28353,28824,2900
927,47.965,12452,9017,27869,28406,3435
928,48.017,11364,9072,28478,28600,2292
929,48.068,11404,8999,28553,28345,2405
930,48.12,12378,8914,29368,28703,3464
931,48.172,11453,8798,29388,28575,2655
932,48.224,11903,8987,28511,28545,2916
933,48.275,12082,8823,28935,28375,3259
934,48.327,11229,8871,27448,28685,2358
935,48.379,12228,8999,28065,28788,3229
936,48.431,11888,8896,28880,28618,2992
937,48.482,11832,8957,27827,28854,2875
938,48.534,11348,8890,29525,29012,2458
939,48.586,11864,8743,29626,28691,3121
940,48.637,10424,8877,27910,28788,1547
941,48.689,11772,9084,28530,28745,2688
942,48.741,10912,8597,29219,28824,2315
943,48.793,10790,8920,29798,28448,1870
944,48.844,11207,9097,27964,28575,2110
945,48.896,9955,8798,27488,28406,1157
946,48.948,11312,8555,29138,28909,2757
947,49.0,10805,8652,28436,29091,2153
948,49.051,10677,8835,28485,28636,1842
949,49.103,10312,8591,28994,28812,1721
950,49.155,11349,8719,28021,28551,2630
951,49.207,11156,8640,28038,28921,2516
952,49.258,9217,8707,27716,28951,510
953,49.31,11118,8628,29936,28709,2490
954,49.362,10944,8798,30403,29018,2146
955,49.414,9102,8646,29288,28539,456
956,49.465,9317,9042,29230,28466,275
957,49.517,9001,8689,28141,28345,312
958,49.569,8741,8798,29429,28945,-57
959,49.621,11774,8731,28590,28988,3043
960,49.672,9117,8719,28353,28872,398
961,49.724,8647,8676,29277,28788,-29
962,49.776,8745,8683,28437,28557,62
963,49.828,9609,8804,29568,28733,805
964,49.879,9768,8987,28555,28824,781
965,49.931,9874,8780,29423,28969,1094
966,49.983,9031,8926,29359,29000,105
967,50.035,10073,8792,29310,28945,1281
968,50.086,12186,8780,28010,28733,3406
969,50.138,12985,9017,27040,28497,3968
970,50.19,11168,8999,29309,28721,2169
971,50.241,10892,8950,29073,29006,1942
972,50.293,9407,8944,29282,28921,463
973,50.345,10952,9103,28245,28151,1849
974,50.397,9424,8999,30658,28975,425
975,50.448,9489,8944,28641,28709,545
976,50.5,9371,8512,30967,29072,859
977,50.552,8936,8762,31266,28933,174
978,50.604,8975,9066,28194,29060,-91
979,50.655,8553,8561,29698,28842,-8
980,50.707,8940,8622,29933,29054,318
981,50.759,8138,8664,31049,28678,-526
982,50.811,10068,9109,29203,28594,959
983,50.862,9936,9036,29741,28594,900
984,50.914,9294,8926,29904,29127,368
985,50.966,9594,8658,28569,28897,936
986,51.018,9952,9036,29249,29375,916
987,51.069,9605,9243,28464,28800,362
988,51.121,9375,8835,27589,29048,540
989,51.173,8622,8750,30487,28848,-128
990,51.225,9884,9115,29181,29169,769
991,51.276,9392,8798,28253,28454,594
992,51.328,8536,8950,30534,28945,-414
993,51.38,9331,8896,29909,28757,435
994,51.432,9326,8610,27634,28794,716
995,51.483,9922,8810,30262,28897,1112
996,51.535,10124,8981,27103,28654,1143
997,51.587,8670,8841,28649,28630,-171
998,51.639,9755,9103,26188,28727,652
999,51.69,9988,8926,28388,28733,1062
