frame,Time [s],CH1,BGND1,CH2,BGND2,intensity
0,0.0,24780,23397,36742,35370,1383
1,0.052,24455,23191,34254,34975,1264
2,0.103,22590,22997,34904,35115,-407
3,0.155,25362,24665,33356,35218,697
4,0.207,32312,24174,34111,35066,8138
5,0.259,39575,23610,34186,35924,15965
6,0.31,38247,24380,33531,35084,13867
7,0.362,41257,24216,35935,35078,17041
8,0.414,40276,24841,34785,35200,15435
9,0.466,44133,24775,36192,35188,19358
10,0.517,39320,24520,35101,35595,14800
11,0.569,37703,23033,34675,35017,14670
12,0.621,33020,23786,34644,35109,9234
13,0.673,33608,23391,33862,35620,10217
14,0.724,25316,23361,34503,35151,1955
15,0.776,25195,22881,33562,35060,2314
16,0.828,22922,22347,37000,35309,575
17,0.88,22831,21826,35483,34865,1005
18,0.931,25460,23877,33774,34932,1583
19,0.983,26994,25302,34395,35875,1692
20,1.035,23169,23239,35658,35139,-70
21,1.087,20689,21365,34599,35151,-676
22,1.138,24268,21929,35381,35522,2339
23,1.19,26709,22378,35180,34969,4331
24,1.242,24237,22760,36877,35498,1477
25,1.294,23266,22317,35625,35297,949
26,1.345,25287,23779,34552,35084,1508
27,1.397,30025,22875,33669,35437,7150
28,1.449,28242,22839,35338,34799,5403
29,1.501,28804,22681,34333,35133,6123
30,1.552,37616,23992,34818,34847,13624
31,1.604,27732,22869,33926,35230,4863
32,1.656,30371,22220,35683,35103,8151
33,1.707,29096,22633,35015,35236,6463
34,1.759,24942,22032,34727,35194,2910
35,1.811,31908,23658,34449,35133,8250
36,1.863,28922,23452,36798,35680,5470
37,1.914,22195,22906,34086,35145,-711
38,1.966,22341,22426,35974,35328,-85
39,2.018,19800,22420,33454,34805,-2620
40,2.07,21866,23021,36107,35291,-1155
41,2.121,27988,23276,35805,35030,4712
42,2.173,23897,22329,35993,35358,1568
43,2.225,25434,22627,35619,35145,2807
44,2.277,25311,22906,34805,35309,2405
45,2.328,24344,21377,36611,35316,2967
46,2.38,26695,22772,35120,35522,3923
47,2.432,35023,24028,33646,35650,10995
48,2.484,33947,22645,35743,34872,11302
49,2.535,29736,22681,35285,35541,7055
50,2.587,27882,22020,35518,35084,5862
51,2.639,25864,22687,35885,35170,3177
52,2.691,34540,23233,36853,35097,11307
53,2.742,30885,22718,35423,35340,8167
54,2.794,29299,22281,36995,34896,7018
55,2.846,33857,23409,35469,35163,10448
56,2.898,36812,23895,33705,34762,12917
57,2.949,34361,23646,36274,35243,10715
58,3.001,30409,24089,35569,35163,6320
59,3.053,31617,23045,34224,35571,8572
60,3.105,35124,23039,34588,34707,12085
61,3.156,28630,22372,36362,34762,6258
62,3.208,27361,20321,36144,35480,7040
63,3.26,31327,21814,33877,35826,9513
64,3.311,33507,22093,35111,35431,11414
65,3.363,31193,21783,35688,35151,9410
66,3.415,31414,21753,35216,35188,9661
67,3.467,32146,22081,35742,35224,10065
68,3.518,27963,21577,34053,35766,6386
69,3.57,31188,21814,35216,35139,9374
70,3.622,34898,22269,35442,35547,12629
71,3.674,32324,21158,35704,34926,11166
72,3.725,20919,22523,34609,35626,-1604
73,3.777,23097,21510,36137,35163,1587
74,3.829,21049,21098,33379,35121,-49
75,3.881,22474,22117,36436,35090,357
76,3.932,23043,21898,36765,35413,1145
77,3.984,22606,22099,33594,35224,507
78,4.036,21890,22250,33727,35352,-360
79,4.088,20984,22930,35181,35346,-1946
80,4.139,23825,22675,35029,35309,1150
81,4.191,24554,22633,34836,35376,1921
82,4.243,25632,22408,34625,35498,3224
83,4.295,27287,24016,34880,35899,3271
84,4.346,26228,21371,33860,35565,4857
85,4.398,22088,21801,35568,34750,287
86,4.45,20899,21704,37282,35188,-805
87,4.502,20638,20855,35072,35303,-217
88,4.553,24255,21704,34425,35017,2551
89,4.605,24148,21201,36370,35358,2947
90,4.657,24555,23154,35099,35492,1401
91,4.709,18954,21377,34609,34865,-2423
92,4.76,19992,21698,35138,35650,-1706
93,4.812,18965,20212,37123,35328,-1247
94,4.864,20940,20254,34935,35060,686
95,4.915,20371,21365,34737,35279,-994
96,4.967,25383,21425,34748,35072,3958
97,5.019,22997,21298,33955,35346,1699
98,5.071,19450,21559,35287,35042,-2109
99,5.122,20747,22269,32982,35042,-1522
100,5.174,20475,21716,34361,34817,-1241
101,5.226,19096,20333,34726,35340,-1237
102,5.278,20285,21182,35577,35212,-897
103,5.329,19642,21304,35115,34488,-1662
104,5.381,19313,21140,37699,35577,-1827
105,5.433,18520,20806,34836,34805,-2286
106,5.485,20062,21516,34523,35139,-1454
107,5.536,19901,21977,35479,35255,-2076
108,5.588,22123,22220,35598,35017,-97
109,5.64,21552,22633,36011,35364,-1081
110,5.692,21281,22141,35231,34981,-860
111,5.743,22081,21965,35036,35583,116
112,5.795,21254,22038,35013,34823,-784
113,5.847,25274,21201,34244,34683,4073
114,5.899,24164,22014,35104,34829,2150
115,5.95,21941,21243,35085,34969,698
116,6.002,19987,21443,37208,35084,-1456
117,6.054,20127,21425,35287,35103,-1298
118,6.106,23512,20388,33711,35157,3124
119,6.157,19663,20509,34213,35097,-846
120,6.209,19935,20855,34705,35267,-920
121,6.261,21703,20333,35163,35407,1370
122,6.313,23161,20837,36492,35255,2324
123,6.364,21277,20315,33991,35376,962
124,6.416,22945,22111,34013,35334,834
125,6.468,21605,20297,36084,35236,1308
126,6.519,20807,20776,37135,35486,31
127,6.571,21634,20606,34518,35170,1028
128,6.623,20996,19720,34742,34780,1276
129,6.675,21887,20169,34685,35358,1718
130,6.726,20905,20448,34004,35303,457
131,6.778,20526,20806,33939,34920,-280
132,6.83,22500,20642,35092,35364,1858
133,6.882,20557,21140,35240,35468,-583
134,6.933,21732,21304,34111,34969,428
135,6.985,20470,21219,34563,35212,-749
136,7.037,20302,21122,32968,35370,-820
137,7.089,24051,21698,35422,35322,2353
138,7.14,21674,21371,35560,35151,303
139,7.192,18363,19763,34027,35303,-1400
140,7.244,20540,19568,36769,35060,972
141,7.296,18072,18901,33939,35255,-829
142,7.347,18578,19126,34039,35303,-548
143,7.399,19263,20175,34013,34938,-912
144,7.451,17465,19344,35984,35005,-1879
145,7.503,18709,19471,35707,35139,-762
146,7.554,16815,19666,36352,35060,-2851
147,7.606,19594,19441,33849,35206,153
148,7.658,22968,19750,35819,35103,3218
149,7.71,29861,20108,37609,35413,9753
150,7.761,20954,19848,35377,35322,1106
151,7.813,18830,20284,33141,35200,-1454
152,7.865,16591,18822,35109,35601,-2231
153,7.917,18335,19969,34086,34738,-1634
154,7.968,19993,20206,33883,34586,-213
155,8.02,19319,20454,35145,34999,-1135
156,8.072,19718,19763,35097,34750,-45
157,8.123,19460,20333,33818,35656,-873
158,8.175,18803,19265,32848,35297,-462
159,8.227,23231,20327,34980,34792,2904
160,8.279,20161,20121,36194,34774,40
161,8.33,18256,19945,36876,34859,-1689
162,8.382,19632,19053,34951,35103,579
163,8.434,19288,18549,36033,34920,739
164,8.486,17484,19162,37066,34823,-1678
165,8.537,18234,19399,33756,34963,-1165
166,8.589,18129,18658,34580,35595,-529
167,8.641,20053,19750,34169,34665,303
168,8.693,24801,19823,35779,35255,4978
169,8.744,20072,21352,35249,35060,-1280
170,8.796,20588,20200,36428,35151,388
171,8.848,19064,19204,34842,35236,-140
172,8.9,18440,18325,35646,35249,115
173,8.951,18045,18852,35690,34744,-807
174,9.003,17638,19107,34409,35176,-1469
175,9.055,18231,19198,33277,34993,-967
176,9.107,20091,19229,36667,34847,862
177,9.158,19193,18749,35392,35395,444
178,9.21,18839,19678,35047,35382,-839
179,9.262,17854,18677,35661,35121,-823
180,9.314,18954,18786,34682,35072,168
181,9.365,17636,18950,34716,35109,-1314
182,9.417,17572,18755,35888,35042,-1183
183,9.469,19239,17766,35648,35747,1473
184,9.521,18405,18385,34235,35072,20
185,9.572,17608,18367,35777,35395,-759
186,9.624,17473,18033,33761,35176,-560
187,9.676,18988,17900,38042,35382,1088
188,9.727,19444,19253,33623,35151,191
189,9.779,19380,19132,35490,35352,248
190,9.831,18504,19380,36186,35188,-876
191,9.883,19641,19119,35328,35869,522
192,9.934,20151,20594,35311,35535,-443
193,9.986,17420,18889,34356,35255,-1469
194,10.038,18778,18962,35527,34999,-184
195,10.09,20231,19568,35559,35492,663
196,10.141,18083,20558,35953,35157,-2475
197,10.193,18065,19726,33773,35833,-1661
198,10.245,19369,18652,34233,35176,717
199,10.297,16999,18149,35680,34908,-1150
200,10.348,17872,18543,35700,35638,-671
201,10.4,18320,18822,35449,35316,-502
202,10.452,19276,18531,35685,35170,745
203,10.504,21793,18646,34106,35632,3147
204,10.555,17786,18221,35710,35401,-435
205,10.607,16995,17894,34899,34957,-899
206,10.659,18327,18033,36320,35127,294
207,10.711,19077,17797,34865,35273,1280
208,10.762,15916,17785,34058,35389,-1869
209,10.814,17917,17445,34635,35826,472
210,10.866,22030,19041,35326,35230,2989
211,10.918,20297,19775,35269,35547,522
212,10.969,19854,18974,34105,35157,880
213,11.021,19222,19132,36177,35589,90
214,11.073,17929,17954,33597,35717,-25
215,11.125,19843,17445,36578,35462,2398
216,11.176,18921,18234,34769,35382,687
217,11.228,17603,19611,34830,35401,-2008
218,11.28,18767,18774,34038,35674,-7
219,11.331,18908,18191,34193,35431,717
220,11.383,15849,17445,35739,34926,-1596
221,11.435,18499,17948,35078,35230,551
222,11.487,18874,17918,34515,35607,956
223,11.538,19575,18343,35192,34969,1232
224,11.59,18168,18021,33928,35121,147
225,11.642,18243,17997,34944,35267,246
226,11.694,17759,17766,35894,35060,-7
227,11.745,19168,17821,35434,34890,1347
228,11.797,21026,17657,35493,35212,3369
229,11.849,18184,18161,32468,35249,23
230,11.901,21090,19295,34164,35011,1795
231,11.952,19312,19132,34584,34683,180
232,12.004,17166,18482,34178,35297,-1316
233,12.056,19447,18361,34685,35279,1086
234,12.108,19059,18652,35060,35255,407
235,12.159,19995,18513,34542,35462,1482
236,12.211,18089,18871,34277,35340,-782
237,12.263,17106,18106,33673,34762,-1000
238,12.315,19085,17766,34661,35200,1319
239,12.366,17309,17354,36052,35017,-45
240,12.418,18424,17754,34121,35097,670
241,12.47,17587,17566,35541,35261,21
242,12.522,16534,17481,34431,35808,-947
243,12.573,18287,17020,35956,35011,1267
244,12.625,17144,17020,34274,34695,124
245,12.677,18973,18227,35227,34738,746
246,12.729,21777,17694,34702,34993,4083
247,12.78,16536,17354,34549,35145,-818
248,12.832,17025,16826,34677,35267,199
249,12.884,17211,17123,34981,35121,88
250,12.935,17803,17566,36200,35614,237
251,12.987,19150,17147,37018,35243,2003
252,13.039,17265,17408,35457,35127,-143
253,13.091,17888,17105,34143,35224,783
254,13.142,17904,17214,37071,34951,690
255,13.194,23745,17742,36306,34932,6003
256,13.246,22313,17099,35578,34543,5214
257,13.298,23663,16996,33994,35601,6667
258,13.349,21937,17372,34995,34665,4565
259,13.401,24962,17433,35985,34981,7529
260,13.453,24509,16601,34689,35230,7908
261,13.505,20553,16929,35515,35011,3624
262,13.556,20335,18052,34880,34951,2283
263,13.608,19778,17141,36510,35163,2637
264,13.66,20282,17772,33058,35480,2510
265,13.712,17258,17536,37083,35455,-278
266,13.763,16337,17524,36335,34926,-1187
267,13.815,16999,17348,34541,35474,-349
268,13.867,17067,16832,34201,35072,235
269,13.919,20010,17778,33487,35309,2232
270,13.97,17377,17117,36219,35528,260
271,14.022,21845,17888,35600,35036,3957
272,14.074,16595,17396,35069,35498,-801
273,14.126,16703,16905,36070,35224,-202
274,14.177,17377,16692,35554,35261,685
275,14.229,17011,16747,35343,35163,264
276,14.281,17211,17827,38002,34987,-616
277,14.333,18162,18227,35588,35273,-65
278,14.384,17046,17851,34447,35796,-805
279,14.436,16675,17772,35336,35151,-1097
280,14.488,19836,17342,35890,35577,2494
281,14.54,17436,17542,34651,35103,-106
282,14.591,16470,17536,36260,35157,-1066
283,14.643,15761,17238,36845,35382,-1477
284,14.695,15730,17026,34305,35316,-1296
285,14.746,17241,17584,34260,35510,-343
286,14.798,16593,16274,36696,35224,319
287,14.85,19032,17014,34706,35224,2018
288,14.902,18825,16959,34770,35510,1866
289,14.953,16826,16389,36197,34677,437
290,15.005,17634,16334,34367,35285,1300
291,15.057,15849,16638,36679,35224,-789
292,15.109,17941,16613,36363,35741,1328
293,15.16,18485,15879,34218,35157,2606
294,15.212,15523,15964,35240,35261,-441
295,15.264,16298,16110,34847,35048,188
296,15.316,14857,16183,36545,34969,-1326
297,15.367,15232,16134,34591,35194,-902
298,15.419,14796,15691,35064,35480,-895
299,15.471,14584,15982,35237,35656,-1398
300,15.523,15104,15418,35242,35322,-314
301,15.574,16974,15891,35350,35151,1083
302,15.626,17567,16377,34958,35443,1190
303,15.678,15609,16274,35266,35741,-665
304,15.73,18837,16601,34306,35346,2236
305,15.781,15680,16613,36182,35778,-933
306,15.833,15428,16110,35852,35273,-682
307,15.885,17653,16255,34426,35066,1398
308,15.937,18514,15885,36279,35607,2629
309,15.988,16083,16771,35433,35583,-688
310,16.04,16055,16862,35293,35206,-807
311,16.092,15820,16996,35162,35455,-1176
312,16.144,16531,17445,37212,35145,-914
313,16.195,16934,16662,34334,34963,272
314,16.247,13860,16304,36103,35413,-2444
315,16.299,16702,16395,37017,35151,307
316,16.35,16850,17609,35783,35607,-759
317,16.402,16280,17220,35589,35395,-940
318,16.454,16650,17093,35712,35036,-443
319,16.506,17805,17184,33783,35583,621
320,16.557,18276,17154,34384,35741,1122
321,16.609,16264,16796,35705,35163,-532
322,16.661,14965,16395,34338,35078,-1430
323,16.713,17206,16547,35069,35498,659
324,16.764,15808,16486,35170,35437,-678
325,16.816,19550,16729,33341,35163,2821
326,16.868,19642,16850,35486,35084,2792
327,16.92,16596,16626,35604,35395,-30
328,16.971,15039,16529,35180,35163,-1490
329,17.023,16183,16759,33694,35389,-576
330,17.075,17644,17069,35705,35011,575
331,17.127,15560,16887,36292,35942,-1327
332,17.178,16584,17257,34571,35352,-673
333,17.23,18663,17263,35785,35693,1400
334,17.282,19233,16207,35231,35352,3026
335,17.334,15096,16334,34121,35212,-1238
336,17.385,16171,16650,35245,35650,-479
337,17.437,16801,15940,35666,35279,861
338,17.489,17133,17123,36594,35638,10
339,17.541,17328,16783,36450,35255,545
340,17.592,16231,16158,34529,35182,73
341,17.644,16850,16225,37392,35316,625
342,17.696,15546,16522,34243,35139,-976
343,17.748,15675,17062,36903,34999,-1387
344,17.799,16133,16953,36945,35255,-820
345,17.851,15815,16844,36602,35182,-1029
346,17.903,15511,17123,37514,35030,-1612
347,17.954,16303,16771,35301,35200,-468
348,18.006,16777,16808,34939,35504,-31
349,18.058,16312,17196,36281,35090,-884
350,18.11,18589,16832,35137,34993,1757
351,18.161,16778,16771,36732,35376,7
352,18.213,16527,16486,34003,35741,41
353,18.265,16053,16073,34061,35200,-20
354,18.317,16204,16134,35866,35784,70
355,18.368,18277,16929,35040,34835,1348
356,18.42,16362,16729,35539,35005,-367
357,18.472,16145,16359,35663,35492,-214
358,18.524,18358,15673,36987,35121,2685
359,18.575,19241,16389,34493,35401,2852
360,18.627,17911,16237,35322,35303,1674
361,18.679,16577,17093,33253,35614,-516
362,18.731,16800,16401,35342,35826,399
363,18.782,18776,16656,34657,34963,2120
364,18.834,15036,16183,35360,35048,-1147
365,18.886,18594,16007,35077,35668,2587
366,18.938,17586,15879,36132,36076,1707
367,18.989,16568,16231,36082,35170,337
368,19.041,15259,16189,34245,35851,-930
369,19.093,16375,16037,34908,35650,338
370,19.145,15468,17038,33978,35188,-1570
371,19.196,15038,16401,34480,35273,-1363
372,19.248,17272,16601,33395,35449,671
373,19.3,14215,16777,34313,36137,-2562
374,19.352,15033,16055,35448,35340,-1022
375,19.403,15566,15649,35116,35024,-83
376,19.455,13865,15442,35479,35285,-1577
377,19.507,14458,15218,35427,35936,-760
378,19.558,14817,15685,35444,35735,-868
379,19.61,14854,15673,35479,35985,-819
380,19.662,16047,15788,34731,35492,259
381,19.714,15810,16067,34788,35401,-257
382,19.765,15966,15958,35542,36064,8
383,19.817,15016,15539,34883,35553,-523
384,19.869,16749,15819,35875,35291,930
385,19.921,15297,16140,33841,35419,-843
386,19.972,15635,15734,36776,35401,-99
387,20.024,16008,16086,34632,35255,-78
388,20.076,13848,16334,35414,35109,-2486
389,20.128,15454,15952,34718,35340,-498
390,20.179,14483,15333,33257,35662,-850
391,20.231,15016,15618,34039,35802,-602
392,20.283,14749,15194,35438,35729,-445
393,20.335,14076,15036,35740,35115,-960
394,20.386,17337,14957,34568,35826,2380
395,20.438,14298,15248,35678,35522,-950
396,20.49,15285,15728,36649,36015,-443
397,20.542,18549,15825,33749,35352,2724
398,20.593,15283,15576,36623,35449,-293
399,20.645,15111,15649,34641,35699,-538
400,20.697,16070,15867,34927,35133,203
401,20.749,16389,16686,34241,35462,-297
402,20.8,18150,16674,34970,35498,1476
403,20.852,18935,16001,35042,35826,2934
404,20.904,19047,16316,35574,34859,2731
405,20.956,15627,16826,34026,35328,-1199
406,21.007,23617,16286,36752,35370,7331
407,21.059,16329,15995,35470,36003,334
408,21.111,15882,16334,35467,35510,-452
409,21.162,17174,16183,35136,35833,991
410,21.214,15816,16371,34830,35541,-555
411,21.266,14619,16158,34318,35656,-1539
412,21.318,16113,16371,36384,35413,-258
413,21.369,14885,16025,34587,35559,-1140
414,21.421,15118,16231,34481,35364,-1113
415,21.473,15194,16735,33707,35273,-1541
416,21.525,17096,16110,35254,34975,986
417,21.576,16515,16832,35783,35370,-317
418,21.628,15027,16474,35159,35468,-1447
419,21.68,15886,16456,34648,35486,-570
420,21.732,21435,16735,34236,35115,4700
421,21.783,36125,16704,33921,35218,19421
422,21.835,38251,16899,33426,35139,21352
423,21.887,34539,17093,35355,35358,17446
424,21.939,24070,15819,35848,34902,8251
425,21.99,34347,16735,33660,35352,17612
426,22.042,30150,16553,35527,35778,13597
427,22.094,34474,16893,35660,35845,17581
428,22.146,30122,16195,35651,35449,13927
429,22.197,36221,17402,35747,35218,18819
430,22.249,35238,16941,34921,34847,18297
431,22.301,36617,16814,34643,34987,19803
432,22.353,34914,17026,34997,35784,17888
433,22.404,35386,17099,35788,35881,18287
434,22.456,36582,16729,34875,35109,19853
435,22.508,36815,17505,35097,35376,19310
436,22.56,33100,16189,34686,35595,16911
437,22.611,33129,16771,34565,35972,16358
438,22.663,37063,16444,34475,35249,20619
439,22.715,35708,16704,33878,35796,19004
440,22.766,32590,16158,34619,35230,16432
441,22.818,30550,16753,34222,34786,13797
442,22.87,28648,15982,34899,35200,12666
443,22.922,23147,15837,35514,35364,7310
444,22.973,28119,16001,34078,35620,12118
445,23.025,27499,16031,36006,36118,11468
446,23.077,28347,15922,36578,35547,12425
447,23.129,22016,15503,35514,35559,6513
448,23.18,17125,15175,34117,35863,1950
449,23.232,15190,15309,33952,36003,-119
450,23.284,13617,15163,34978,35504,-1546
451,23.336,15835,15606,36378,35109,229
452,23.387,14763,15364,35141,35717,-601
453,23.439,14959,14963,35876,35200,-4
454,23.491,16519,15958,32599,35474,561
455,23.543,15263,15230,36631,35303,33
456,23.594,15430,15430,33798,35352,0
457,23.646,14680,15400,35111,35687,-720
458,23.698,15024,15345,36780,36112,-321
459,23.75,14593,15066,34918,35480,-473
460,23.801,15834,15600,36925,35273,234
461,23.853,15253,15612,34759,35449,-359
462,23.905,16296,15479,34895,35468,817
463,23.957,15323,15473,35300,35395,-150
464,24.008,16404,15740,35181,35528,664
465,24.06,15103,15612,34242,35273,-509
466,24.112,16519,16122,34978,35699,397
467,24.164,17345,16286,35703,35121,1059
468,24.215,16243,15849,34749,35097,394
469,24.267,15330,15782,34558,35121,-452
470,24.319,15842,15418,35610,35626,424
471,24.37,16115,15940,36064,35389,175
472,24.422,14759,16134,34977,35693,-1375
473,24.474,16096,16504,34337,35839,-408
474,24.526,17564,16286,36978,35145,1278
475,24.577,17324,15758,34739,35358,1566
476,24.629,16334,15376,35010,35626,958
477,24.681,15204,15788,36580,35589,-584
478,24.733,15698,15703,34861,35802,-5
479,24.784,17537,16201,35861,35425,1336
480,24.836,15787,15934,34862,35906,-147
481,24.888,15249,16116,35920,35942,-867
482,24.94,15994,15266,33953,35334,728
483,24.991,14445,15036,36398,35291,-591
484,25.043,14486,14490,35880,35431,-4
485,25.095,14337,15327,35471,35115,-990
486,25.147,15870,15442,35580,35553,428
487,25.198,14353,15097,33577,35924,-744
488,25.25,14826,15327,36431,35833,-501
489,25.302,15660,15078,36088,35455,582
490,25.354,15386,14508,36629,35680,878
491,25.405,14546,15090,36002,34981,-544
492,25.457,14233,15467,34562,35924,-1234
493,25.509,13641,14987,35508,36021,-1346
494,25.561,15754,15024,36862,34926,730
495,25.612,15555,15157,34464,35449,398
496,25.664,14921,15897,37257,35316,-976
497,25.716,14961,15345,34929,35437,-384
498,25.768,13718,14435,33350,35455,-717
499,25.819,13782,14908,34002,35249,-1126
500,25.871,14473,14921,34979,35480,-448
501,25.923,15062,15109,35432,35103,-47
502,25.974,15492,15206,35686,35802,286
503,26.026,15612,15910,33895,35462,-298
504,26.078,18854,15558,36735,35626,3296
505,26.13,17990,15157,37525,35711,2833
506,26.181,15407,15048,35120,35948,359
507,26.233,14932,15012,35760,35309,-80
508,26.285,14849,15254,35641,35741,-405
509,26.337,15820,15279,34525,35017,541
510,26.388,15353,15321,36070,35607,32
511,26.44,14906,15097,35280,35431,-191
512,26.492,14584,15109,37766,35218,-525
513,26.544,13969,15279,35663,35364,-1310
514,26.595,14677,15169,36397,35778,-492
515,26.647,16710,14975,35795,35535,1735
516,26.699,15749,15788,34819,35273,-39
517,26.751,16638,14969,35810,35291,1669
518,26.802,16785,15333,34997,35188,1452
519,26.854,15143,15036,34849,35614,107
520,26.906,13786,15054,34481,35729,-1268
521,26.958,13804,15291,33798,35413,-1487
522,27.009,15256,15442,34424,34981,-186
523,27.061,14057,14878,36710,35157,-821
524,27.113,13470,14769,35980,35687,-1299
525,27.165,14067,14654,34333,34847,-587
526,27.216,15444,14830,35348,35589,614
527,27.268,16276,15127,35303,35230,1149
528,27.32,17091,14902,34582,35486,2189
529,27.372,15161,15315,35104,34951,-154
530,27.423,13815,14296,35533,34622,-481
531,27.475,15316,14848,34613,35541,468
532,27.527,14755,14751,33379,35510,4
533,27.578,15756,15430,34740,35474,326
534,27.63,15413,14520,34833,35249,893
535,27.682,13927,14745,36502,35449,-818
536,27.734,13709,14417,34825,35328,-708
537,27.785,15374,14641,35095,34902,733
538,27.837,14768,14557,35698,35577,211
539,27.889,15302,15066,36394,34786,236
540,27.941,13477,14344,33559,35224,-867
541,27.992,13545,14890,36648,35170,-1345
542,28.044,14347,14696,35683,35236,-349
543,28.096,14427,14654,35949,35005,-227
544,28.148,13509,14496,34343,35455,-987
545,28.199,15112,14447,35586,35267,665
546,28.251,16218,15242,34215,35328,976
547,28.303,16442,15461,34537,35449,981
548,28.355,14353,14599,36733,35340,-246
549,28.406,13474,14241,34770,35316,-767
550,28.458,13842,13950,32745,35449,-108
551,28.51,14969,14532,35232,35583,437
552,28.562,14782,14447,34136,35267,335
553,28.613,14548,14447,35097,35559,101
554,28.665,14465,13756,35667,35553,709
555,28.717,13649,14374,34835,35486,-725
556,28.769,13853,13901,33932,34780,-48
557,28.82,14836,14368,35013,35419,468
558,28.872,15086,14114,33864,35060,972
559,28.924,14998,14132,34349,35449,866
560,28.976,14412,14186,33692,34640,226
561,29.027,15038,14593,33804,35212,445
562,29.079,14888,14277,35744,35541,611
563,29.131,15877,14508,36625,34805,1369
564,29.182,15334,14696,35313,35699,638
565,29.234,15840,14472,34562,35316,1368
566,29.286,13397,14393,35011,35449,-996
567,29.338,13536,14405,35336,35322,-869
568,29.389,13909,14993,33650,35784,-1084
569,29.441,15800,14884,35154,35279,916
570,29.493,14936,15546,33918,35510,-610
571,29.545,15159,15485,36787,35133,-326
572,29.596,15176,15115,34334,36076,61
573,29.648,15391,15722,34105,35291,-331
574,29.7,15802,14763,35435,35547,1039
575,29.752,13898,14259,37794,35535,-361
576,29.803,14149,14757,35573,35960,-608
577,29.855,14582,14472,35370,35626,110
578,29.907,18448,14575,35143,35303,3873
579,29.959,16132,14156,35040,35401,1976
580,30.01,15648,14921,35572,35395,727
581,30.062,16212,14848,34292,35431,1364
582,30.114,15717,16171,33597,35206,-454
583,30.166,13452,14399,34818,35717,-947
584,30.217,14444,14326,34328,35687,118
585,30.269,13802,14896,36300,35145,-1094
586,30.321,13808,14641,34003,35133,-833
587,30.373,15170,15042,36461,35492,128
588,30.424,15541,15188,36647,35139,353
589,30.476,15700,15097,36058,35370,603
590,30.528,15863,15564,35334,35316,299
591,30.58,14015,15394,34399,35589,-1379
592,30.631,14175,14720,36247,35236,-545
593,30.683,17247,15054,32526,35650,2193
594,30.735,14835,15224,34861,35200,-389
595,30.786,13774,15309,35178,35468,-1535
596,30.838,15851,15006,37172,35674,845
597,30.89,15640,15139,37377,35887,501
598,30.942,15328,15090,35652,35717,238
599,30.993,17000,15455,34630,35401,1545
600,31.045,15291,15382,33053,35267,-91
601,31.097,15037,15012,34909,36234,25
602,31.149,14887,14763,36878,35589,124
603,31.2,13840,14314,34148,35376,-474
604,31.252,15856,15030,36048,35601,826
605,31.304,16186,15078,35070,35316,1108
606,31.356,14150,14393,37027,35516,-243
607,31.407,13859,14253,34949,35030,-394
608,31.459,13341,14053,36168,35358,-712
609,31.511,14833,14114,34161,34865,719
610,31.563,14015,14077,37237,35370,-62
611,31.614,15094,14211,35506,35571,883
612,31.666,15018,14320,35602,35492,698
613,31.718,15043,14174,34242,35194,869
614,31.77,14441,14490,35106,35504,-49
615,31.821,14844,14144,33452,35747,700
616,31.873,15988,14593,32986,35303,1395
617,31.925,16982,14059,36523,35297,2923
618,31.977,17265,14089,34643,35899,3176
619,32.028,15878,14047,35309,35455,1831
620,32.08,16370,14277,35031,35285,2093
621,32.132,18170,14332,34786,35097,3838
622,32.184,13239,14320,35380,35090,-1081
623,32.235,13425,14435,35281,35243,-1010
624,32.287,13315,14623,34907,34969,-1308
625,32.339,14165,14817,36022,35145,-652
626,32.39,15503,14465,33218,35680,1038
627,32.442,13887,13980,36237,35413,-93
628,32.494,14230,14065,35464,35036,165
629,32.546,13214,14290,32943,35747,-1076
630,32.597,14004,14326,36060,35979,-322
631,32.649,13526,14186,34729,35589,-660
632,32.701,13608,14532,35438,35559,-924
633,32.753,14036,13749,36694,35875,287
634,32.804,13853,13646,35460,35729,207
635,32.856,13857,13586,35787,35334,271
636,32.908,13655,13743,35628,35595,-88
637,32.96,12968,13628,33979,35729,-660
638,33.011,14311,14374,34769,35334,-63
639,33.063,13975,14211,35576,35060,-236
640,33.115,14313,14374,35823,35474,-61
641,33.167,13517,14077,35110,35760,-560
642,33.218,13245,13925,35781,35425,-680
643,33.27,14723,14702,35835,35559,21
644,33.322,16651,14884,35125,35455,1767
645,33.374,14465,14338,34324,35656,127
646,33.425,13759,14205,34467,35656,-446
647,33.477,15259,14150,35824,35182,1109
648,33.529,16291,14314,35236,35498,1977
649,33.581,13995,14739,33731,35492,-744
650,33.632,15682,14338,33876,35808,1344
651,33.684,12712,14041,36716,35474,-1329
652,33.736,12506,13737,35253,35309,-1231
653,33.788,13163,13780,34390,35620,-617
654,33.839,12892,13762,34403,35182,-870
655,33.891,12846,14399,35168,34944,-1553
656,33.943,13700,14599,34709,35267,-899
657,33.994,14326,14180,35089,35693,146
658,34.046,13996,13853,36972,35376,143
659,34.098,16824,14993,36679,35109,1831
660,34.15,16814,14641,35541,35103,2173
661,34.201,14366,13968,35577,35443,398
662,34.253,13543,13519,34941,35316,24
663,34.305,13819,13555,34463,35528,264
664,34.357,14892,14283,36338,35553,609
665,34.408,14292,14205,35807,35559,87
666,34.46,16957,14720,36015,35583,2237
667,34.512,14651,13701,35776,34920,950
668,34.564,13061,13816,35618,34969,-755
669,34.615,13254,14004,35564,35218,-750
670,34.667,14551,13652,34272,35370,899
671,34.719,13470,13725,34165,35328,-255
672,34.771,14344,13992,35599,35261,352
673,34.822,13184,13719,35149,35626,-535
674,34.874,14626,14035,34842,35516,591
675,34.926,14606,14016,35092,35401,590
676,34.978,13001,13901,35430,35376,-900
677,35.029,16944,14253,34512,35431,2691
678,35.081,19065,14308,34954,35218,4757
679,35.133,17679,14411,34457,35072,3268
680,35.185,16111,14611,35633,35358,1500
681,35.236,17143,14514,35571,35297,2629
682,35.288,16538,15455,34798,35042,1083
683,35.34,14553,13938,35388,35048,615
684,35.392,13292,13810,36550,35510,-518
685,35.443,15234,14447,34893,35218,787
686,35.495,14770,14441,35718,35401,329
687,35.547,14320,14150,35992,35048,170
688,35.598,14481,13986,33233,35772,495
689,35.65,13843,14381,34362,35182,-538
690,35.702,15089,14878,35127,35535,211
691,35.754,15174,14332,33855,35772,842
692,35.805,15337,13883,36153,35230,1454
693,35.857,15591,14156,35959,35528,1435
694,35.909,13132,13665,35195,35650,-533
695,35.961,13378,13938,34726,35486,-560
696,36.012,14398,13574,35236,35565,824
697,36.064,12602,13446,34153,35401,-844
698,36.116,13459,13895,35520,35626,-436
699,36.168,14425,14247,35863,35139,178
700,36.219,13828,14277,36648,36058,-449
701,36.271,13346,14271,36706,35097,-925
702,36.323,14136,13810,35571,35753,326
703,36.375,14040,13410,34768,35188,630
704,36.426,12781,14023,34907,35419,-1242
705,36.478,12846,13913,34403,35589,-1067
706,36.53,13163,13537,35192,35297,-374
707,36.582,12617,13598,34968,35279,-981
708,36.633,13305,13847,33274,35480,-542
709,36.685,13172,13385,37770,35620,-213
710,36.737,12582,13088,35165,35109,-506
711,36.789,12425,13883,35607,35741,-1458
712,36.84,13925,13828,34255,35723,97
713,36.892,15866,14969,35184,35303,897
714,36.944,17094,14769,33587,35662,2325
715,36.996,14089,14356,35076,35869,-267
716,37.047,16997,14077,34028,35328,2920
717,37.099,15526,14423,35012,35443,1103
718,37.151,18832,14156,36620,35322,4676
719,37.202,15715,14368,36140,35328,1347
720,37.254,17861,13992,34957,35620,3869
721,37.306,15669,14387,36020,35322,1282
722,37.358,16437,14368,36772,35480,2069
723,37.409,18696,13986,35730,35273,4710
724,37.461,16928,14544,33739,35632,2384
725,37.513,23053,14993,36290,35869,8060
726,37.565,22656,14927,36575,36070,7729
727,37.616,20177,14563,35824,36088,5614
728,37.668,21327,14314,37314,36021,7013
729,37.72,20566,13986,37359,35462,6580
730,37.772,17819,14217,35585,35547,3602
731,37.823,22165,14265,36204,35638,7900
732,37.875,23000,14162,35368,35632,8838
733,37.927,22651,13798,37049,35547,8853
734,37.979,27314,14502,34857,35522,12812
735,38.03,24824,14095,34516,35796,10729
736,38.082,23300,14290,34341,35784,9010
737,38.134,25461,14732,35835,35054,10729
738,38.186,26038,14308,34709,35480,11730
739,38.237,28223,13901,33458,36058,14322
740,38.289,28830,14016,35965,35595,14814
741,38.341,31392,13737,35426,35930,17655
742,38.393,27608,14023,35039,35650,13585
743,38.444,27674,14016,35803,35784,13658
744,38.496,29449,14259,34114,35693,15190
745,38.548,29341,14896,35684,35261,14445
746,38.6,33933,14963,34694,35504,18970
747,38.651,29787,14441,35907,35176,15346
748,38.703,28431,14356,34471,35413,14075
749,38.755,29340,14478,37780,35644,14862
750,38.806,23012,14538,35041,35072,8474
751,38.858,26421,14381,34900,36216,12040
752,38.91,25447,14902,34076,35528,10545
753,38.962,27232,14708,34866,34902,12524
754,39.013,28301,14714,35549,35370,13587
755,39.065,26975,14356,35588,35328,12619
756,39.117,28775,14429,36176,35735,14346
757,39.169,23287,14180,36823,35382,9107
758,39.22,26138,14010,32776,35717,12128
759,39.272,23254,13847,35245,35899,9407
760,39.324,25841,13901,35596,35285,11940
761,39.376,26134,13749,37427,35376,12385
762,39.427,21571,13731,34558,35699,7840
763,39.479,25442,13859,35056,35711,11583
764,39.531,23883,14010,35355,35170,9873
765,39.583,21061,13962,34912,35358,7099
766,39.634,25812,13707,34828,35328,12105
767,39.686,24832,13561,34234,35680,11271
768,39.738,25767,13622,35379,35498,12145
769,39.79,23700,13513,36266,35419,10187
770,39.841,20080,13804,37255,35906,6276
771,39.893,22271,14010,34954,35741,8261
772,39.945,21090,13640,34697,35747,7450
773,39.997,22342,13385,34135,35924,8957
774,40.048,22888,13525,34464,35243,9363
775,40.1,27328,14047,35232,35991,13281
776,40.152,22636,13786,36030,35711,8850
777,40.204,27772,14508,35170,36064,13264
778,40.255,25877,14199,34164,35626,11678
779,40.307,29394,14374,37743,35200,15020
780,40.359,26188,13998,35564,35425,12190
781,40.41,13883,13349,35393,35151,534
782,40.462,13853,13671,36251,35942,182
783,40.514,12439,13118,35437,35954,-679
784,40.566,14204,13143,36736,36021,1061
785,40.617,12753,13410,36363,35826,-657
786,40.669,13789,13919,34706,36283,-130
787,40.721,14548,13440,36265,34841,1108
788,40.773,13803,13446,34781,35833,357
789,40.824,14108,13756,35782,35407,352
790,40.876,14503,14035,36476,36021,468
791,40.928,14814,13768,36085,35674,1046
792,40.98,14921,13634,36884,35845,1287
793,41.031,14015,13938,36735,35303,77
794,41.083,12994,13743,37019,35309,-749
795,41.135,14970,14399,35203,35772,571
796,41.187,12995,14174,36187,35711,-1179
797,41.238,14173,14775,36291,35918,-602
798,41.29,13295,13798,35931,35936,-503
799,41.342,13369,13756,35465,35553,-387
800,41.394,13642,13252,37681,35985,390
801,41.445,13283,13452,37829,35966,-169
802,41.497,12888,13173,36182,36064,-285
803,41.549,13506,13483,37324,35650,23
804,41.601,14219,14144,36603,35462,75
805,41.652,13746,13270,35397,35638,476
806,41.704,13552,13149,37068,35297,403
807,41.756,13479,13343,35206,35790,136
808,41.808,12974,12979,35672,35462,-5
809,41.859,13533,13088,35248,35857,445
810,41.911,13664,13088,35907,36045,576
811,41.963,13158,13197,37677,36137,-39
812,42.015,12209,12864,35982,36587,-655
813,42.066,13529,13313,37657,35656,216
814,42.118,12451,13064,36260,36033,-613
815,42.17,13563,13355,36345,35766,208
816,42.221,13379,13507,37358,35833,-128
817,42.273,12192,12900,34190,35182,-708
818,42.325,12683,13683,34322,35316,-1000
819,42.377,13192,13343,36225,35614,-151
820,42.428,12533,12858,35660,35814,-325
821,42.48,12700,13052,36293,35772,-352
822,42.532,13129,13379,36099,35899,-250
823,42.584,12678,13270,35457,35826,-592
824,42.635,13481,13434,37004,35912,47
825,42.687,13044,13209,37154,35766,-165
826,42.739,12803,13118,34822,35705,-315
827,42.791,12446,13118,35699,35595,-672
828,42.842,12791,13974,35788,35668,-1183
829,42.894,13586,13307,36252,35565,279
830,42.946,13844,13464,37411,35607,380
831,42.998,14768,13452,34956,36271,1316
832,43.049,14602,13434,35796,36271,1168
833,43.101,15403,13725,35908,35401,1678
834,43.153,14114,13543,34971,35705,571
835,43.205,12443,13234,37307,36076,-791
836,43.256,13053,13634,37227,35504,-581
837,43.308,12589,13161,35421,35662,-572
838,43.36,12379,13367,36596,36033,-988
839,43.412,13000,13167,37646,36021,-167
840,43.463,12455,13495,35748,35632,-1040
841,43.515,13911,13580,36963,35991,331
842,43.567,12537,13974,35412,35833,-1437
843,43.619,13799,13549,37065,35972,250
844,43.67,12545,13064,36372,35650,-519
845,43.722,14538,13483,37499,35979,1055
846,43.774,14832,13592,35595,35784,1240
847,43.825,13448,13464,37149,35097,-16
848,43.877,12729,13307,37711,36210,-578
849,43.929,13211,13343,37363,36125,-132
850,43.981,13064,13361,35431,36015,-297
851,44.032,13540,14089,35852,35778,-549
852,44.084,12722,13015,35913,36045,-293
853,44.136,13222,13743,37303,36313,-521
854,44.188,13311,13349,35647,35881,-38
855,44.239,12056,12942,36230,35662,-886
856,44.291,12475,12742,37953,35583,-267
857,44.343,13874,13209,37198,35918,665
858,44.395,14403,13640,35443,35966,763
859,44.446,15104,13549,36078,36088,1555
860,44.498,12697,13470,35759,35291,-773
861,44.55,13986,13367,34983,35048,619
862,44.602,12672,13440,35753,35881,-768
863,44.653,13530,13398,37763,35431,132
864,44.705,14875,14186,35782,35766,689
865,44.757,15938,14192,37836,35760,1746
866,44.809,12385,13331,35805,35711,-946
867,44.86,13173,13143,38061,36082,30
868,44.912,12734,13058,36413,35455,-324
869,44.964,12019,12815,34932,36009,-796
870,45.016,12628,13052,37171,35899,-424
871,45.067,14063,13495,36456,36076,568
872,45.119,13056,13452,36833,35784,-396
873,45.171,14063,12936,34395,36003,1127
874,45.223,13765,13179,36006,36106,586
875,45.274,13069,13191,37008,35674,-122
876,45.326,11268,13179,35828,35462,-1911
877,45.378,13824,13027,36858,36331,797
878,45.429,13759,12930,35894,35687,829
879,45.481,12307,13052,36599,35474,-745
880,45.533,11924,12548,36394,35316,-624
881,45.585,12362,13143,35959,36204,-781
882,45.636,13427,13307,37386,36356,120
883,45.688,14181,13173,36875,35869,1008
884,45.74,12400,13167,36131,36386,-767
885,45.792,13188,12803,36997,36009,385
886,45.843,11917,12955,36809,36343,-1038
887,45.895,13969,12815,37882,36526,1154
888,45.947,13559,12894,37682,35766,665
889,45.999,13020,13270,37333,36240,-250
890,46.05,13073,13307,35952,35948,-234
891,46.102,12818,12876,35151,35711,-58
892,46.154,13202,13343,36432,35960,-141
893,46.206,13356,12760,36078,35607,596
894,46.257,11709,13040,35241,35297,-1331
895,46.309,13675,13440,34608,35407,235
896,46.361,13452,13282,36605,36070,170
897,46.413,13106,13021,36605,35760,85
898,46.464,12744,12991,35260,35407,-247
899,46.516,13053,13282,35189,36045,-229
900,46.568,13402,13070,36158,35826,332
901,46.62,12707,12955,35954,36088,-248
902,46.671,12656,12924,34240,36149,-268
903,46.723,14181,13385,35141,35674,796
904,46.775,13361,13349,35234,35942,12
905,46.827,12530,12760,35864,35553,-230
906,46.878,12831,13185,36889,35279,-354
907,46.93,12072,12912,34750,35711,-840
908,46.982,14432,12851,34628,35918,1581
909,47.033,13564,13191,36022,35863,373
910,47.085,15252,13185,37790,35954,2067
911,47.137,14210,13483,37101,35589,727
912,47.189,14365,13507,35059,35814,858
913,47.24,13262,13131,37937,35437,131
914,47.292,13229,12809,35931,35833,420
915,47.344,14251,13191,35715,35510,1060
916,47.396,14693,13222,36943,35997,1471
917,47.447,12971,12985,35412,35833,-14
918,47.499,13578,13106,35541,35419,472
919,47.551,13125,13076,35760,35492,49
920,47.603,12197,13027,36495,35918,-830
921,47.654,13228,12906,33014,35072,322
922,47.706,13109,12882,35572,35370,227
923,47.758,12638,12500,36560,35395,138
924,47.81,13253,13003,35711,35462,250
925,47.861,12902,12979,36299,36289,-77
926,47.913,11337,12791,36082,35930,-1454
927,47.965,12232,12967,35840,35431,-735
928,48.017,12887,12566,33769,36240,321
929,48.068,11814,12870,35828,36112,-1056
930,48.12,12137,13519,36349,35103,-1382
931,48.172,14844,13343,36753,35906,1501
932,48.224,15291,13034,34494,35535,2257
933,48.275,11919,12967,34255,35571,-1048
934,48.327,12904,12924,37113,35784,-20
935,48.379,12411,13003,36281,35419,-592
936,48.431,13394,12524,35985,35565,870
937,48.482,12588,12621,37786,35614,-33
938,48.534,13889,13361,36399,35571,528
939,48.586,12846,12724,35625,35753,122
940,48.637,13802,12991,37632,35960,811
941,48.689,13316,13112,37085,35991,204
942,48.741,12577,13040,36142,36064,-463
943,48.793,12505,12748,35726,36003,-243
944,48.844,13142,12354,35857,35449,788
945,48.896,12769,12560,35926,36045,209
946,48.948,14468,12688,34323,35948,1780
947,49.0,14370,12518,35619,35236,1852
948,49.051,12184,12457,35134,35620,-273
949,49.103,13816,12530,35341,35650,1286
950,49.155,12024,12493,36265,35449,-469
951,49.207,13406,12979,35246,35547,427
952,49.258,12489,12293,34990,35991,196
953,49.31,13116,13464,35701,36325,-348
954,49.362,13117,12912,37986,36015,205
955,49.414,13862,12603,34930,35638,1259
956,49.465,13591,12773,36014,35772,818
957,49.517,12432,12530,36070,35887,-98
958,49.569,11663,12445,35823,35668,-782
959,49.621,11604,11990,36933,35662,-386
960,49.672,11887,12445,35339,35942,-558
961,49.724,13204,12712,36876,35802,492
962,49.776,11898,11996,35103,36100,-98
963,49.828,12597,12178,33994,35553,419
964,49.879,13319,12718,36159,36429,601
965,49.931,13016,12536,36795,35711,480
966,49.983,12313,12845,35990,35462,-532
967,50.035,12546,12530,35038,35936,16
968,50.086,12940,12233,36464,36642,707
969,50.138,12203,12366,34588,36039,-163
970,50.19,12809,12688,34446,35705,121
971,50.241,11993,12500,36306,35839,-507
972,50.293,12014,12415,36780,36058,-401
973,50.345,11887,13070,36707,36161,-1183
974,50.397,11932,12803,34053,36137,-871
975,50.448,12817,12554,36957,35814,263
976,50.5,12202,12299,36400,35565,-97
977,50.552,11890,12554,37382,35875,-664
978,50.604,12000,12906,35601,36666,-906
979,50.655,13165,12870,35900,36045,295
980,50.707,12802,12797,37323,35808,5
981,50.759,12961,13209,36465,36173,-248
982,50.811,12777,13173,37499,36052,-396
983,50.862,11590,13161,35655,36088,-1571
984,50.914,11965,12621,35866,36106,-656
985,50.966,12668,13094,36363,35820,-426
986,51.018,13629,12979,36669,35705,650
987,51.069,13840,12833,36890,35790,1007
988,51.121,12533,12991,34507,36009,-458
989,51.173,12692,12657,35630,36106,35
990,51.225,12574,13058,37410,35906,-484
991,51.276,14711,12748,36014,35680,1963
992,51.328,12612,12694,36245,35814,-82
993,51.38,11940,12584,35391,35826,-644
994,51.432,13360,12900,37642,35498,460
995,51.483,12758,12967,36939,36058,-209
996,51.535,13104,12906,36366,36027,198
997,51.587,11781,12991,36245,35766,-1210
998,51.639,12161,13270,35900,36337,-1109
999,51.69,12880,12936,35175,35735,-56
