frame,Time [s],CH1,BGND1,CH2,BGND2,intensity
0,0.0,26951,28193,105125,82565,-1242
1,0.052,28027,28308,102207,81859,-281
2,0.103,25921,29193,105530,83349,-3272
3,0.155,25854,28999,105607,82881,-3145
4,0.207,25611,29078,102907,81713,-3467
5,0.259,26266,29260,102792,82687,-2994
6,0.31,26706,29181,106076,81099,-2475
7,0.362,30132,30430,105621,81799,-298
8,0.414,29518,29927,104142,81817,-409
9,0.466,24149,27459,103209,82462,-3310
10,0.517,25025,27732,103607,82437,-2707
11,0.569,28228,27895,104378,81251,333
12,0.621,27835,27635,105811,81251,200
13,0.673,29902,27944,103142,82553,1958
14,0.724,25019,26828,100092,81841,-1809
15,0.776,27258,25991,103432,81488,1267
16,0.828,23930,26592,102492,81014,-2662
17,0.88,24085,26058,103359,82194,-1973
18,0.931,24025,26695,103844,82863,-2670
19,0.983,25465,27647,101157,81720,-2182
20,1.035,25693,27034,105033,82382,-1341
21,1.087,25789,27356,104548,82656,-1567
22,1.138,23648,27999,104013,83118,-4351
23,1.19,27111,27198,105401,83860,-87
24,1.242,24203,27083,109510,83690,-2880
25,1.294,23882,27010,107527,82693,-3128
26,1.345,25297,27228,107911,82462,-1931
27,1.397,22868,26616,104176,82443,-3748
28,1.449,23964,27786,102638,83897,-3822
29,1.501,29821,26689,104995,83593,3132
30,1.552,33802,26537,107658,83702,7265
31,1.604,30323,26895,105148,82887,3428
32,1.656,24525,26483,104623,82553,-1958
33,1.707,24637,26464,106399,82863,-1827
34,1.759,27102,26361,107595,84250,741
35,1.811,26160,26640,106277,83203,-480
36,1.863,26474,25797,104860,82918,677
37,1.914,26563,26379,105960,83210,184
38,1.966,25593,25585,102855,83027,8
39,2.018,23813,24845,105734,82833,-1032
40,2.07,23098,26052,101968,83362,-2954
41,2.121,24600,26131,107934,84912,-1531
42,2.173,24821,26288,104792,82577,-1467
43,2.225,25421,26173,105848,82389,-752
44,2.277,25600,25118,104377,83909,482
45,2.328,24861,25900,106388,83544,-1039
46,2.38,24155,26337,105478,82826,-2182
47,2.432,24713,25433,106470,83392,-720
48,2.484,26191,27641,107605,81993,-1450
49,2.535,26978,26064,106157,83757,914
50,2.587,23337,26349,103603,82553,-3012
51,2.639,26504,26137,105901,82230,367
52,2.691,26427,26234,109123,83246,193
53,2.742,24181,25433,106098,83149,-1252
54,2.794,23146,25306,105073,82966,-2160
55,2.846,23010,25579,104999,84280,-2569
56,2.898,24005,25700,107380,83952,-1695
57,2.949,24476,25415,105135,83696,-939
58,3.001,25038,25949,110218,85192,-911
59,3.053,21847,24845,108066,84785,-2998
60,3.105,22674,24590,104485,84073,-1916
61,3.156,24983,24815,106334,83039,168
62,3.208,24015,24190,107190,82352,-175
63,3.26,25136,24657,105823,83799,479
64,3.311,23917,24293,106556,83836,-376
65,3.363,22521,24166,106134,84055,-1645
66,3.415,23648,24839,107138,83976,-1191
67,3.467,24997,24863,104003,84456,134
68,3.518,26349,25694,105924,84894,655
69,3.57,23559,25640,105813,83356,-2081
70,3.622,25372,25688,106282,83769,-316
71,3.674,24559,25858,102953,82498,-1299
72,3.725,25916,25767,105527,84888,149
73,3.777,23184,24469,106733,85052,-1285
74,3.829,24150,24166,107530,84335,-16
75,3.881,21748,24421,102488,84438,-2673
76,3.932,22139,23626,104630,84067,-1487
77,3.984,22637,24245,104003,82991,-1608
78,4.036,23724,23929,106815,84091,-205
79,4.088,22303,23323,105326,84517,-1020
80,4.139,21617,23038,108779,84353,-1421
81,4.191,22532,24142,104659,84566,-1610
82,4.243,23160,24712,103544,83058,-1552
83,4.295,24748,24948,110802,84687,-200
84,4.346,22145,24669,105818,84706,-2524
85,4.398,24655,25191,106847,83690,-536
86,4.45,20641,24930,107834,84839,-4289
87,4.502,22140,23760,105173,83952,-1620
88,4.553,21110,23426,110018,83562,-2316
89,4.605,23807,23663,107448,84736,144
90,4.657,21266,23487,108869,84888,-2221
91,4.709,20705,24615,105527,84310,-3910
92,4.76,23695,24069,105810,84657,-374
93,4.812,26374,24293,107852,85217,2081
94,4.864,24172,24900,105547,84827,-728
95,4.915,22718,25154,103814,84736,-2436
96,4.967,22129,23814,106602,84189,-1685
97,5.019,21184,23717,106602,84827,-2533
98,5.071,22618,23384,107068,84067,-766
99,5.122,22052,23050,106125,84937,-998
100,5.174,23917,23153,109664,83465,764
101,5.226,25051,23171,105147,84693,1880
102,5.278,31198,23845,109019,84158,7353
103,5.329,27425,23626,105642,84134,3799
104,5.381,27588,23596,110417,84590,3992
105,5.433,26968,23614,105411,83647,3354
106,5.485,28446,23663,104976,83654,4783
107,5.536,26618,23226,104139,83799,3392
108,5.588,27413,23929,105719,84274,3484
109,5.64,25714,23311,107365,85393,2403
110,5.692,24691,23008,108886,84985,1683
111,5.743,28239,23341,106975,84560,4898
112,5.795,27498,23305,107906,84031,4193
113,5.847,27997,23372,106670,84669,4625
114,5.899,26624,23487,109459,84876,3137
115,5.95,27466,23244,106070,84833,4222
116,6.002,28802,23287,107747,85831,5515
117,6.054,25129,23329,110918,84925,1800
118,6.106,25827,22595,107637,85271,3232
119,6.157,26873,22583,108186,85186,4290
120,6.209,27532,22535,108627,84955,4997
121,6.261,25488,22692,106662,84018,2796
122,6.313,25101,21904,107389,86846,3197
123,6.364,25452,22304,108793,85867,3148
124,6.416,25839,22589,107759,85131,3250
125,6.468,25191,22899,107646,85533,2292
126,6.519,21697,22347,106783,86068,-650
127,6.571,24248,22462,107707,85448,1786
128,6.623,25498,22820,109437,85502,2678
129,6.675,26015,23729,107893,85965,2286
130,6.726,27564,22771,107437,85210,4793
131,6.778,25237,22535,107149,84961,2702
132,6.83,25274,22783,104431,85697,2491
133,6.882,26418,23990,107046,86591,2428
134,6.933,28168,23832,108928,86913,4336
135,6.985,28682,24512,109426,85448,4170
136,7.037,26514,22959,108378,85806,3555
137,7.089,27955,24026,106561,85156,3929
138,7.14,29338,23038,108450,85958,6300
139,7.192,25715,22504,107708,86165,3211
140,7.244,25078,22559,107740,86013,2519
141,7.296,26509,22377,105698,84894,4132
142,7.347,26634,21989,107766,85691,4645
143,7.399,27031,22413,104417,84943,4618
144,7.451,27934,21983,103899,86913,5951
145,7.503,29194,22704,104304,85314,6490
146,7.554,31336,22662,106890,86111,8674
147,7.606,32250,22262,111755,86269,9988
148,7.658,29039,22280,107509,85314,6759
149,7.71,26066,21710,106726,85983,4356
150,7.761,27108,21862,109244,85253,5246
151,7.813,29064,22589,107698,85545,6475
152,7.865,29604,22905,107942,86542,6699
153,7.917,29523,21534,105047,85873,7989
154,7.968,28943,22571,107556,86208,6372
155,8.02,25837,21825,106742,85746,4012
156,8.072,26696,22868,106527,86038,3828
157,8.123,27693,24469,110006,86293,3224
158,8.175,26651,22983,109486,86171,3668
159,8.227,28945,22517,109389,84839,6428
160,8.279,26527,22177,106113,86220,4350
161,8.33,26781,22474,109276,86968,4307
162,8.382,27516,22747,106180,85758,4769
163,8.434,27462,23911,107504,86402,3551
164,8.486,26376,22492,108084,86232,3884
165,8.537,29187,22189,106254,86056,6998
166,8.589,28728,22717,106628,86530,6011
167,8.641,27085,22504,109088,86177,4581
168,8.693,27029,22426,110081,85691,4603
169,8.744,27300,23068,106738,85958,4232
170,8.796,28502,23050,105645,86232,5452
171,8.848,28235,23602,106956,86786,4633
172,8.9,27206,22377,108263,87193,4829
173,8.951,27632,22128,107046,85618,5504
174,9.003,28696,23426,112568,85557,5270
175,9.055,32521,22692,110398,84760,9829
176,9.107,28700,24524,110241,86707,4176
177,9.158,27336,25076,107658,84888,2260
178,9.21,25044,23923,104758,87272,1121
179,9.262,26517,23347,108247,86834,3170
180,9.314,26638,22638,106203,86554,4000
181,9.365,24543,22486,110485,87455,2057
182,9.417,25630,23038,106011,85393,2592
183,9.469,26959,21934,107411,85296,5025
184,9.521,25076,21716,106564,86840,3360
185,9.572,24249,22298,109728,86378,1951
186,9.624,27154,22723,106719,87193,4431
187,9.676,25034,22607,107428,87120,2427
188,9.727,28156,23553,108174,87680,4603
189,9.779,27333,23074,106764,86792,4259
190,9.831,26085,21837,106557,86360,4248
191,9.883,27770,22698,111999,87029,5072
192,9.934,26624,22353,108390,86226,4271
193,9.986,26537,22183,109960,86323,4354
194,10.038,25946,21595,107648,85989,4351
195,10.09,26048,22007,108079,86609,4041
196,10.141,26615,22086,108185,87832,4529
197,10.193,25253,21837,108946,87138,3416
198,10.245,28318,22304,110447,87053,6014
199,10.297,25653,21898,107065,87205,3755
200,10.348,28250,21389,109072,87412,6861
201,10.4,25772,22219,111441,86652,3553
202,10.452,23366,23002,109406,87327,364
203,10.504,21406,21522,107806,87144,-116
204,10.555,22366,21734,108833,87217,632
205,10.607,24034,22729,108543,87546,1305
206,10.659,23999,22280,108343,86652,1719
207,10.711,22232,21892,111839,86986,340
208,10.762,28598,21965,107113,87169,6633
209,10.814,29025,22583,108269,87972,6442
210,10.866,28333,22729,109229,87011,5604
211,10.918,27001,23596,106358,87284,3405
212,10.969,27944,22468,111324,87680,5476
213,11.021,26950,22553,111308,86938,4397
214,11.073,26232,21734,104295,86488,4498
215,11.125,24539,21698,108675,88160,2841
216,11.176,26344,21637,109251,88482,4707
217,11.228,25213,21480,107328,88051,3733
218,11.28,24004,21728,107176,88160,2276
219,11.331,24360,21552,110019,87108,2808
220,11.383,26392,20612,109729,87005,5780
221,11.435,25817,21073,108554,87284,4744
222,11.487,25703,21091,109119,87929,4612
223,11.538,24387,22201,106839,86901,2186
224,11.59,23262,21819,109138,86567,1443
225,11.642,24585,21849,109308,87157,2736
226,11.694,25129,22541,104723,87941,2588
227,11.745,26393,22650,107981,87236,3743
228,11.797,25462,21510,105434,86919,3952
229,11.849,25002,23050,111668,87272,1952
230,11.901,25146,21752,111431,88476,3394
231,11.952,21548,21316,109905,88282,232
232,12.004,26007,20715,109806,87972,5292
233,12.056,25046,20564,108946,86767,4482
234,12.108,24396,20922,109072,87138,3474
235,12.159,24956,20673,109523,87686,4283
236,12.211,26027,20624,111808,86944,5403
237,12.263,22526,20230,109647,88622,2296
238,12.315,22483,20224,109158,88008,2259
239,12.366,23069,19733,111113,87223,3336
240,12.418,23888,20309,106920,87795,3579
241,12.47,21449,20285,107215,87309,1164
242,12.522,23950,19982,111189,87637,3968
243,12.573,25428,19909,108600,86494,5519
244,12.625,23148,20309,106676,87923,2839
245,12.677,22581,20746,109362,86524,1835
246,12.729,23734,20327,110753,87193,3407
247,12.78,26373,20182,110337,88446,6191
248,12.832,23370,19624,107943,87789,3746
249,12.884,24315,19072,108102,87108,5243
250,12.935,25449,20103,106614,88543,5346
251,12.987,18785,19242,104803,88221,-457
252,13.039,22331,19739,108039,87661,2592
253,13.091,23984,19199,104934,88221,4785
254,13.142,24246,20030,108767,88507,4216
255,13.194,24490,19800,106127,87467,4690
256,13.246,22838,19315,108549,87838,3523
257,13.298,22764,19387,111542,87205,3377
258,13.349,23563,19915,107040,87363,3648
259,13.401,26402,19976,111215,88525,6426
260,13.453,24242,20612,106877,88136,3630
261,13.505,25061,20467,107785,88306,4594
262,13.556,22257,20139,109573,86822,2118
263,13.608,25438,19909,108150,88081,5529
264,13.66,22461,20127,110631,87296,2334
265,13.712,24183,20303,110100,88026,3880
266,13.763,26124,20303,106351,86925,5821
267,13.815,24251,20194,108624,87917,4057
268,13.867,25589,20564,108906,88701,5025
269,13.919,23947,20412,108694,88008,3535
270,13.97,21024,19472,110337,88495,1552
271,14.022,23830,20091,109832,88087,3739
272,14.074,25267,19848,108473,87667,5419
273,14.126,22214,19448,108942,87230,2766
274,14.177,22019,19375,109796,88263,2644
275,14.229,22723,19715,110007,87710,3008
276,14.281,22271,19503,108174,88513,2768
277,14.333,24854,19691,109627,88221,5163
278,14.384,23984,18781,108594,87570,5203
279,14.436,23506,19078,106757,88184,4428
280,14.488,22285,18811,107987,88391,3474
281,14.54,23605,18726,109964,88768,4879
282,14.591,23063,18684,105537,88999,4379
283,14.643,24174,18672,107771,88482,5502
284,14.695,22439,19175,110920,88969,3264
285,14.746,24389,19315,109161,88349,5074
286,14.798,22752,19551,107879,88026,3201
287,14.85,23325,19436,110797,89443,3889
288,14.902,26802,19733,106751,88768,7069
289,14.953,26627,20006,110766,87643,6621
290,15.005,26110,20127,106162,87236,5983
291,15.057,26481,19739,108039,88300,6742
292,15.109,25823,19484,106936,88774,6339
293,15.16,26272,19557,107326,89808,6715
294,15.212,23849,19072,109785,88932,4777
295,15.264,22559,18654,107162,88914,3905
296,15.316,21248,19509,109502,87303,1739
297,15.367,19996,19036,107287,89431,960
298,15.419,22377,19636,109120,87491,2741
299,15.471,22441,19788,108002,88677,2653
300,15.523,22690,19193,106943,88586,3497
301,15.574,22798,18829,107057,88391,3969
302,15.626,22721,18641,105838,89243,4080
303,15.678,22702,18235,108852,87704,4467
304,15.73,20650,18363,105258,88859,2287
305,15.781,22625,18108,103433,89060,4517
306,15.833,23723,19060,108554,88811,4663
307,15.885,24918,18829,107039,87868,6089
308,15.937,26302,19096,106893,90112,7206
309,15.988,25375,19357,108281,88343,6018
310,16.04,23429,18884,105321,89376,4545
311,16.092,24319,19199,108581,88051,5120
312,16.144,24776,18805,109195,89157,5971
313,16.195,25747,18690,109392,88604,7057
314,16.247,23412,18466,109722,88020,4946
315,16.299,22985,19606,109319,88713,3379
316,16.35,22679,19145,108263,88294,3534
317,16.402,22832,18629,105821,88391,4203
318,16.454,19464,18205,108504,87266,1259
319,16.506,17554,18162,109516,87747,-608
320,16.557,15974,17683,108486,88422,-1709
321,16.609,21249,17611,107564,89103,3638
322,16.661,20562,17799,105884,88525,2763
323,16.713,22667,18593,106938,88495,4074
324,16.764,24197,19715,106771,88853,4482
325,16.816,23649,19648,107753,88312,4001
326,16.868,23660,20291,108726,88598,3369
327,16.92,22429,19387,110461,90526,3042
328,16.971,22147,19685,108472,88531,2462
329,17.023,24531,18769,108421,88276,5762
330,17.075,23233,18926,108398,90356,4307
331,17.127,23797,19715,106033,88184,4082
332,17.178,23508,19788,105358,88598,3720
333,17.23,24816,19715,105237,88081,5101
334,17.282,22849,19278,105973,87594,3571
335,17.334,20860,19600,107193,88707,1260
336,17.385,23378,19672,109752,88835,3706
337,17.437,21496,19145,109974,89857,2351
338,17.489,23020,19509,107366,89820,3511
339,17.541,23447,18411,108699,89103,5036
340,17.592,23537,18478,111756,87448,5059
341,17.644,21782,18399,107769,88032,3383
342,17.696,23010,18453,106614,89480,4557
343,17.748,22302,18963,111019,88963,3339
344,17.799,23604,18684,107422,89614,4920
345,17.851,22421,18435,106034,88939,3986
346,17.903,23736,17738,106308,88154,5998
347,17.954,21041,18466,105694,89194,2575
348,18.006,25710,18296,107963,88409,7414
349,18.058,26656,18326,108768,90441,8330
350,18.11,26212,18059,107372,88799,8153
351,18.161,24842,18629,107694,88586,6213
352,18.213,26502,18150,107898,88093,8352
353,18.265,22499,18102,106813,88780,4397
354,18.317,24675,18708,108731,89376,5967
355,18.368,23698,18375,107608,90769,5323
356,18.42,24477,20000,109759,89121,4477
357,18.472,25652,19945,110207,88385,5707
358,18.524,26182,18793,108664,89011,7389
359,18.575,25666,18817,104129,88695,6849
360,18.627,23519,18375,107917,88373,5144
361,18.679,23694,18963,109820,89462,4731
362,18.731,23697,19090,109272,88969,4607
363,18.782,23493,18787,109397,88549,4706
364,18.834,24774,18381,107679,88288,6393
365,18.886,23056,18229,110310,88555,4827
366,18.938,23733,18332,107096,88561,5401
367,18.989,24848,19309,111765,87789,5539
368,19.041,24854,19369,108796,89218,5485
369,19.093,25280,18757,109247,89237,6523
370,19.145,22937,18405,110085,88099,4532
371,19.196,23458,18205,105391,89358,5253
372,19.248,22458,18278,108059,88902,4180
373,19.3,23095,18611,105838,88209,4484
374,19.352,23590,19624,105609,88957,3966
375,19.403,21379,19309,109988,89766,2070
376,19.455,22804,19399,110041,89462,3405
377,19.507,22254,19133,110614,88707,3121
378,19.558,22062,19600,108619,90824,2462
379,19.61,22063,18660,107249,89753,3403
380,19.662,21926,17799,108317,89036,4127
381,19.714,22253,18399,108177,89279,3854
382,19.765,21611,18168,111399,89261,3443
383,19.817,23872,17847,110121,88209,6025
384,19.869,23547,18369,111160,88184,5178
385,19.921,21811,18132,109046,90562,3679
386,19.972,21322,17459,110892,88124,3863
387,20.024,22713,17410,110458,89297,5303
388,20.076,21524,18059,106550,89273,3465
389,20.128,22472,18447,107752,89194,4025
390,20.179,22754,18071,111381,88653,4683
391,20.231,21805,18071,107846,89279,3734
392,20.283,23452,17786,111111,88641,5666
393,20.335,22975,17896,109886,89498,5079
394,20.386,23265,17653,106272,88093,5612
395,20.438,23567,18065,112579,89912,5502
396,20.49,22551,18423,108828,89218,4128
397,20.542,23612,17950,110360,87667,5662
398,20.593,22365,18290,108790,88385,4075
399,20.645,22043,18156,110955,88379,3887
400,20.697,21542,18023,108364,88628,3519
401,20.749,21901,18265,111513,89948,3636
402,20.8,19857,17398,111969,88726,2459
403,20.852,16919,17562,109207,89370,-643
404,20.904,18332,18090,111641,89480,242
405,20.956,18324,18399,105332,88495,-75
406,21.007,19898,18308,109399,89407,1590
407,21.059,19713,17295,109616,89449,2418
408,21.111,20155,18059,108258,89437,2096
409,21.162,20537,17629,108991,90027,2908
410,21.214,20747,17489,111824,88999,3258
411,21.266,20354,17956,108045,89632,2398
412,21.318,20190,17307,109128,89595,2883
413,21.369,21274,17356,112643,89601,3918
414,21.421,18216,16877,111837,89826,1339
415,21.473,18397,16840,111813,89358,1557
416,21.525,20178,17222,110995,90508,2956
417,21.576,19783,17532,108992,89316,2251
418,21.628,20431,17714,108093,88446,2717
419,21.68,20457,18035,108223,88665,2422
420,21.732,20711,17792,110232,89255,2919
421,21.783,20640,17326,111454,88726,3314
422,21.835,21691,18023,110916,88160,3668
423,21.887,21688,17932,107979,89595,3756
424,21.939,20203,18308,110117,89711,1895
425,21.99,16298,18350,113442,89808,-2052
426,22.042,15350,18029,111017,89060,-2679
427,22.094,16844,17993,109989,89188,-1149
428,22.146,16951,18217,110254,88756,-1266
429,22.197,15858,18253,108456,89109,-2395
430,22.249,15174,18514,108657,90082,-3340
431,22.301,16749,17987,114184,89060,-1238
432,22.353,16336,18387,111122,88501,-2051
433,22.404,16899,17483,113971,89814,-584
434,22.456,15927,17574,109438,89991,-1647
435,22.508,14800,17568,109724,88349,-2768
436,22.56,15951,17423,109190,88939,-1472
437,22.611,16589,18005,108212,89680,-1416
438,22.663,14989,17295,108614,88276,-2306
439,22.715,14968,17053,109213,88482,-2085
440,22.766,15652,16919,110138,88993,-1267
441,22.818,16628,18332,116436,88774,-1704
442,22.87,16845,17574,111811,89103,-729
443,22.922,15374,17677,110214,89237,-2303
444,22.973,16737,17617,109923,88002,-880
445,23.025,18659,18162,112736,88884,497
446,23.077,16850,17999,112278,89899,-1149
447,23.129,17088,17805,109811,89601,-717
448,23.18,18044,17138,108051,89924,906
449,23.232,18189,17756,113656,90295,433
450,23.284,15939,17204,109444,89054,-1265
451,23.336,16414,17932,109998,88890,-1518
452,23.387,14388,17514,108714,89103,-3126
453,23.439,16122,17726,112034,89382,-1604
454,23.491,16275,17047,111058,88227,-772
455,23.543,16816,17022,110716,89151,-206
456,23.594,15192,16755,110254,89790,-1563
457,23.646,14824,16840,112380,88531,-2016
458,23.698,16083,16489,107908,88507,-406
459,23.75,15362,16798,107152,89620,-1436
460,23.801,15467,17247,109485,89936,-1780
461,23.853,16520,17853,111235,88786,-1333
462,23.905,17090,17119,110447,88081,-29
463,23.957,15053,17131,110636,90155,-2078
464,24.008,14843,16840,108572,88355,-1997
465,24.06,14518,17028,112172,88628,-2510
466,24.112,16512,16974,112320,88726,-462
467,24.164,15465,17301,110154,90051,-1836
468,24.215,15275,16610,110460,89772,-1335
469,24.267,14915,16652,111379,89814,-1737
470,24.319,14543,16853,112416,89626,-2310
471,24.37,15635,16452,110276,88555,-817
472,24.422,15319,16974,109342,88519,-1655
473,24.474,16504,17423,112815,89887,-919
474,24.526,15475,17222,112876,89449,-1747
475,24.577,14216,16986,106506,89206,-2770
476,24.629,14535,16131,110983,89194,-1596
477,24.681,14700,16507,112767,88014,-1807
478,24.733,15909,16313,107696,89462,-404
479,24.784,14767,16634,109924,89522,-1867
480,24.836,14636,16749,110071,89480,-2113
481,24.888,13625,16428,109651,88239,-2803
482,24.94,13781,16980,109009,88470,-3199
483,24.991,15038,16840,109640,90319,-1802
484,25.043,14106,17065,111007,89595,-2959
485,25.095,14677,16343,110052,89078,-1666
486,25.147,13769,16428,111006,89334,-2659
487,25.198,14187,16555,114241,89966,-2368
488,25.25,14347,16925,109443,89571,-2578
489,25.302,14494,16525,108192,89997,-2031
490,25.354,15478,16707,107897,89127,-1229
491,25.405,16052,16228,106078,87972,-176
492,25.457,16631,16598,112689,89030,33
493,25.509,14182,15803,110742,89978,-1621
494,25.561,14736,17077,109457,89553,-2341
495,25.612,13796,16422,107978,89109,-2626
496,25.664,13435,16131,111918,90337,-2696
497,25.716,15311,16361,112498,89182,-1050
498,25.768,14338,16282,109166,89401,-1944
499,25.819,15378,16598,110086,88440,-1220
500,25.871,15982,16677,110897,89784,-695
501,25.923,14769,15706,110404,89656,-937
502,25.974,14491,17495,114212,89814,-3004
503,26.026,15028,17999,110134,88604,-2971
504,26.078,15431,18181,109978,89030,-2750
505,26.13,14711,16695,110065,89857,-1984
506,26.181,16146,16452,112758,89316,-306
507,26.233,17653,15913,105370,89048,1740
508,26.285,15037,16319,110544,88330,-1282
509,26.337,16431,16458,111707,89753,-27
510,26.388,16248,16325,111926,88726,-77
511,26.44,15954,16677,113471,89729,-723
512,26.492,16811,17077,110688,90015,-266
513,26.544,16411,17150,111756,90447,-739
514,26.595,15828,17083,113995,88604,-1255
515,26.647,15438,16816,108101,89802,-1378
516,26.699,14282,17168,112430,89966,-2886
517,26.751,16161,16937,107960,89516,-776
518,26.802,15631,16901,115552,88677,-1270
519,26.854,14683,16434,110689,89115,-1751
520,26.906,15484,16119,110882,89395,-635
521,26.958,16057,16525,110592,89954,-468
522,27.009,14468,16022,109827,89005,-1554
523,27.061,14434,16155,109624,89413,-1721
524,27.113,14218,16422,108149,89972,-2204
525,27.165,14407,16282,111659,90556,-1875
526,27.216,15525,16598,109340,89237,-1073
527,27.268,13455,15700,112859,88853,-2245
528,27.32,14564,16004,112136,89334,-1440
529,27.372,17243,16458,109306,90471,785
530,27.423,15228,16125,112555,89614,-897
531,27.475,15036,16513,108867,89905,-1477
532,27.527,15862,16489,113224,89157,-627
533,27.578,15785,16428,110467,90015,-643
534,27.63,14800,16113,110053,88653,-1313
535,27.682,14479,15888,111371,90696,-1409
536,27.734,15005,15785,113656,91712,-780
537,27.785,13597,15991,112219,90167,-2394
538,27.837,15224,15997,109258,89869,-773
539,27.889,15188,16070,112442,89960,-882
540,27.941,17000,16076,112444,88641,924
541,27.992,14585,15852,110144,89449,-1267
542,28.044,14547,16264,109536,88488,-1717
543,28.096,15201,15973,109797,90155,-772
544,28.148,14213,15979,111936,89510,-1766
545,28.199,15251,15215,112171,89772,36
546,28.251,14360,16143,109941,89030,-1783
547,28.303,13886,15634,110820,89212,-1748
548,28.355,14037,16094,107684,88939,-2057
549,28.406,16692,16883,109752,90167,-191
550,28.458,16590,16931,112208,90009,-341
551,28.51,17483,16658,111482,88136,825
552,28.562,18721,16968,110495,89322,1753
553,28.613,17170,17174,111459,90684,-4
554,28.665,15866,16398,110623,89072,-532
555,28.717,17033,16598,112247,90483,435
556,28.769,16343,16276,111081,90197,67
557,28.82,15611,16422,115436,89139,-811
558,28.872,18046,16404,112301,88805,1642
559,28.924,16453,16749,109436,89741,-296
560,28.976,15526,16865,109738,89072,-1339
561,29.027,15748,16519,112919,88786,-771
562,29.079,19287,17732,111618,89918,1555
563,29.131,17186,17350,108456,88227,-164
564,29.182,18412,16434,113249,89340,1978
565,29.234,16007,16640,111856,89893,-633
566,29.286,17374,17004,110553,89018,370
567,29.338,17240,17047,110020,89723,193
568,29.389,14961,16658,112530,89863,-1697
569,29.441,15213,16040,109511,87369,-827
570,29.493,13097,15252,112067,88713,-2155
571,29.545,15621,15803,113066,88568,-182
572,29.596,15822,15919,109467,89212,-97
573,29.648,15506,15925,109499,90137,-419
574,29.7,13602,15464,111228,89060,-1862
575,29.752,17097,16192,115001,89455,905
576,29.803,22230,16258,110658,89316,5972
577,29.855,14232,15979,112997,88987,-1747
578,29.907,14661,15791,112841,88720,-1130
579,29.959,15665,16094,111025,89936,-429
580,30.01,14681,15828,112117,89419,-1147
581,30.062,14095,16022,111129,89176,-1927
582,30.114,17311,16034,111037,89164,1277
583,30.166,13606,15537,114206,88525,-1931
584,30.217,15275,15634,109104,88659,-359
585,30.269,14758,15615,111600,89680,-857
586,30.321,13938,15088,111039,89024,-1150
587,30.373,14460,15628,112285,88543,-1168
588,30.424,14092,15458,111164,89042,-1366
589,30.476,14772,15312,111787,88276,-540
590,30.528,14176,15591,113282,89139,-1415
591,30.58,14075,15276,112192,89535,-1201
592,30.631,14879,14948,110722,89133,-69
593,30.683,14120,15021,109962,89620,-901
594,30.735,14482,16058,111570,88726,-1576
595,30.786,14090,15785,107561,89018,-1695
596,30.838,13887,15743,109663,87376,-1856
597,30.89,12989,15440,110369,89389,-2451
598,30.942,14384,15694,110839,88853,-1310
599,30.993,13486,15555,109700,88343,-2069
600,31.045,13071,15264,109105,90374,-2193
601,31.097,14309,15700,107817,88561,-1391
602,31.149,15176,16561,111169,89985,-1385
603,31.2,14034,15433,108435,89680,-1399
604,31.252,14219,16555,110294,89309,-2336
605,31.304,14797,15185,111473,89267,-388
606,31.356,13635,15882,110336,90112,-2247
607,31.407,13863,16216,111014,87594,-2353
608,31.459,14604,15658,110309,89151,-1054
609,31.511,14830,16604,109157,89753,-1774
610,31.563,14028,16004,109911,89036,-1976
611,31.614,15531,15943,109579,87096,-412
612,31.666,14781,15913,109070,88774,-1132
613,31.718,14157,15640,109295,89303,-1483
614,31.77,14861,16028,110363,89121,-1167
615,31.821,14371,15579,111535,89413,-1208
616,31.873,15324,16422,107696,89650,-1098
617,31.925,14839,15737,109161,87613,-898
618,31.977,15958,16446,110456,87783,-488
619,32.028,13641,15652,108506,89851,-2011
620,32.08,14481,15943,109529,88659,-1462
621,32.132,14292,15894,113319,87740,-1602
622,32.184,14844,15755,108683,88014,-911
623,32.235,14047,15179,108207,89084,-1132
624,32.287,13657,15015,111136,87868,-1358
625,32.339,13273,15555,110647,87394,-2282
626,32.39,15338,15640,111266,88750,-302
627,32.442,13899,15882,109362,88939,-1983
628,32.494,14979,15973,110879,88355,-994
629,32.546,16264,15882,105310,89024,382
630,32.597,14578,15979,108834,89011,-1401
631,32.649,13876,16258,110313,88355,-2382
632,32.701,14380,15864,112213,87965,-1484
633,32.753,14760,16665,110194,88878,-1905
634,32.804,13655,16064,108669,88902,-2409
635,32.856,14550,15452,113081,87747,-902
636,32.908,12548,15197,111327,88543,-2649
637,32.96,14501,15064,112598,86433,-563
638,33.011,14857,14906,109705,88397,-49
639,33.063,14309,15318,107158,88148,-1009
640,33.115,14677,14979,104119,88391,-302
641,33.167,13997,14912,112369,87619,-915
642,33.218,15212,15409,109727,89030,-197
643,33.27,15728,15561,110865,87594,167
644,33.322,16057,16464,111184,87941,-407
645,33.374,14708,15913,109564,87594,-1205
646,33.425,15308,15652,109505,88330,-344
647,33.477,13607,15252,112786,87303,-1645
648,33.529,15872,15494,109592,86561,378
649,33.581,16314,15391,109839,87467,923
650,33.632,16963,15785,107480,87339,1178
651,33.684,14854,15385,110536,88075,-531
652,33.736,13893,15373,106562,89352,-1480
653,33.788,13820,15749,110049,87473,-1929
654,33.839,15447,15518,111149,87807,-71
655,33.891,13795,15088,108572,89066,-1293
656,33.943,14406,15367,112078,87771,-961
657,33.994,14522,15197,109898,87874,-675
658,34.046,15449,15033,112401,88361,416
659,34.098,15045,15161,105961,87455,-116
660,34.15,13274,14948,112403,87223,-1674
661,34.201,14305,15537,111575,88750,-1232
662,34.253,13767,15882,107511,88330,-2115
663,34.305,15994,15476,105589,87680,518
664,34.357,14599,15440,107817,89480,-841
665,34.408,14284,15161,104570,88276,-877
666,34.46,14815,14870,108355,88343,-55
667,34.512,15364,15155,108929,88476,209
668,34.564,15330,14597,107228,88215,733
669,34.615,14332,15264,109933,88397,-932
670,34.667,15085,15330,109614,86524,-245
671,34.719,14200,14615,106008,86494,-415
672,34.771,14686,15415,106236,87473,-729
673,34.822,14198,15349,106604,88872,-1151
674,34.874,14454,15433,111222,88403,-979
675,34.926,15279,15288,106823,88136,-9
676,34.978,16129,15373,109629,87296,756
677,35.029,14313,15615,107315,87339,-1302
678,35.081,14263,14991,105456,87747,-728
679,35.133,16872,15349,109155,87868,1523
680,35.185,14597,14924,106385,88981,-327
681,35.236,14132,14942,107289,88720,-810
682,35.288,14403,14851,109550,89650,-448
683,35.34,13647,14930,107038,88245,-1283
684,35.392,13935,14615,108237,88592,-680
685,35.443,14711,15264,106401,88154,-553
686,35.495,14261,14730,108559,87984,-469
687,35.547,15385,14603,108636,87467,782
688,35.598,14229,14785,112968,87722,-556
689,35.65,13063,14421,110347,88111,-1358
690,35.702,13401,14215,109059,87929,-814
691,35.754,14332,14578,113380,87223,-246
692,35.805,13962,14627,108839,88610,-665
693,35.857,14216,14851,108757,88361,-635
694,35.909,13996,14663,110036,87071,-667
695,35.961,13951,14445,106958,87844,-494
696,36.012,13829,14348,111940,88756,-519
697,36.064,13590,14342,109313,88026,-752
698,36.116,13606,14845,108034,87905,-1239
699,36.168,14060,14954,105919,87649,-894
700,36.219,14960,14754,108175,87169,206
701,36.271,14387,15088,105848,87667,-701
702,36.323,15355,14985,109315,87035,370
703,36.375,14223,15203,107771,87126,-980
704,36.426,14659,15409,107698,86962,-750
705,36.478,14164,15045,107558,87436,-881
706,36.53,15244,14263,108518,87661,981
707,36.582,13587,14457,106723,87418,-870
708,36.633,13229,14306,107679,87175,-1077
709,36.685,13640,14075,106961,87558,-435
710,36.737,13053,14366,110457,88130,-1313
711,36.789,15510,14657,109688,86232,853
712,36.84,14884,14718,107447,87023,166
713,36.892,14968,14609,108524,87424,359
714,36.944,13911,14597,111201,86585,-686
715,36.996,14470,14342,106660,88148,128
716,37.047,13694,14263,109005,87430,-569
717,37.099,15989,14566,107917,88251,1423
718,37.151,16627,14427,107988,88306,2200
719,37.202,13218,14142,105973,87023,-924
720,37.254,14438,14154,108077,87631,284
721,37.306,14590,14069,110021,88452,521
722,37.358,15490,14554,106113,87795,936
723,37.409,14702,14506,107401,88245,196
724,37.461,13477,14275,107245,87959,-798
725,37.513,13093,14136,106674,85928,-1043
726,37.565,13895,14530,109164,87874,-635
727,37.616,14509,14281,106107,86792,228
728,37.668,13987,13754,109694,87041,233
729,37.72,13719,14087,108541,87436,-368
730,37.772,13811,14451,108113,86561,-640
731,37.823,13937,13966,108182,87248,-29
732,37.875,15213,14275,106092,87996,938
733,37.927,15597,13899,103311,88154,1698
734,37.979,14028,13936,105594,88099,92
735,38.03,13419,14196,105138,87704,-777
736,38.082,14594,14718,107452,86627,-124
737,38.134,13408,14269,109469,87826,-861
738,38.186,13016,14239,107070,87515,-1223
739,38.237,15304,14202,107767,88312,1102
740,38.289,15378,14360,109789,87327,1018
741,38.341,14423,14014,105990,87029,409
742,38.393,14130,14876,107690,88233,-746
743,38.444,14406,14742,106091,87905,-336
744,38.496,14584,15682,108975,86846,-1098
745,38.548,14644,15597,109637,87290,-953
746,38.6,15327,15482,106722,88014,-155
747,38.651,15134,15482,108816,86640,-348
748,38.703,14594,14700,108807,87534,-106
749,38.755,13593,14688,109841,86980,-1095
750,38.806,15050,15215,106185,87941,-165
751,38.858,15532,15688,107105,87601,-156
752,38.91,15488,15494,106291,88197,-6
753,38.962,16883,15573,105209,87442,1310
754,39.013,14552,14918,108474,87655,-366
755,39.065,15116,14403,109574,87455,713
756,39.117,14698,15245,106816,86208,-547
757,39.169,13954,15124,111054,87442,-1170
758,39.22,14984,15355,109681,87339,-371
759,39.272,16910,15646,104493,86810,1264
760,39.324,14664,15094,105080,87248,-430
761,39.376,14996,15203,107331,86287,-207
762,39.427,14919,14785,107675,88203,134
763,39.479,14255,14621,111627,87582,-366
764,39.531,13754,15227,107971,87327,-1473
765,39.583,14640,15197,108398,88385,-557
766,39.634,13376,15221,108455,87661,-1845
767,39.686,15351,15870,108435,88038,-519
768,39.738,14626,15015,105559,88829,-389
769,39.79,15090,15252,110285,88464,-162
770,39.841,16080,14730,114488,88343,1350
771,39.893,13482,14506,113079,87886,-1024
772,39.945,15223,14372,107960,87394,851
773,39.997,13416,14330,109283,87503,-914
774,40.048,15000,14960,107132,87138,40
775,40.1,15801,15252,110775,88495,549
776,40.152,13968,15124,107986,87515,-1156
777,40.204,14126,15173,108693,87710,-1047
778,40.255,13945,13814,109850,87972,131
779,40.307,14656,15621,107639,87935,-965
780,40.359,14209,14724,108214,87406,-515
781,40.41,14778,14615,108736,86354,163
782,40.462,14470,14918,108727,86031,-448
783,40.514,14212,15482,112227,88519,-1270
784,40.566,14987,15124,109100,87655,-137
785,40.617,14740,14748,108098,86773,-8
786,40.669,12959,14512,108790,88002,-1553
787,40.721,13804,14863,108316,87284,-1059
788,40.773,14851,14669,108575,86269,182
789,40.824,12812,14293,110168,85673,-1481
790,40.876,14415,15051,107356,87223,-636
791,40.928,14004,15118,109705,86883,-1114
792,40.98,14749,15021,108234,85697,-272
793,41.031,13610,14366,106644,87850,-756
794,41.083,12826,14051,106443,87023,-1225
795,41.135,13714,14494,106281,87436,-780
796,41.187,13519,13990,112272,86968,-471
797,41.238,15250,14233,106325,88744,1017
798,41.29,13823,13966,109441,87546,-143
799,41.342,13239,14166,109943,86901,-927
800,41.394,12587,13917,108684,86311,-1330
801,41.445,14730,14457,106511,86615,273
802,41.497,15893,14597,109063,86822,1296
803,41.549,13505,14591,107270,87874,-1086
804,41.601,15849,14645,110017,87722,1204
805,41.652,13121,14500,106856,86992,-1379
806,41.704,14660,15082,107392,86500,-422
807,41.756,12865,13620,104595,87406,-755
808,41.808,13524,13948,104672,86390,-424
809,41.859,11721,14063,106737,87205,-2342
810,41.911,13574,14293,105783,87053,-719
811,41.963,14244,14554,108673,87503,-310
812,42.015,13346,14202,110573,86889,-856
813,42.066,14036,14002,108490,86086,34
814,42.118,14240,14694,106236,86585,-454
815,42.17,13640,14287,109010,88057,-647
816,42.221,13654,14548,106484,87947,-894
817,42.273,14525,15155,108982,84839,-630
818,42.325,14105,14148,107276,86810,-43
819,42.377,13562,14378,110762,87394,-816
820,42.428,15640,14876,108575,86792,764
821,42.48,13755,14251,109616,86317,-496
822,42.532,14287,14427,108873,87278,-140
823,42.584,13756,14033,110545,86098,-277
824,42.635,13830,13808,111234,85484,22
825,42.687,13344,13742,107801,86469,-398
826,42.739,13528,13547,107250,87138,-19
827,42.791,14730,14196,105912,86810,534
828,42.842,14007,13645,108216,88294,362
829,42.894,14885,13948,108098,87169,937
830,42.946,14921,14215,106035,86640,706
831,42.998,15101,13723,107484,87619,1378
832,43.049,14184,13778,106196,86907,406
833,43.101,14461,14360,107304,87041,101
834,43.153,15298,13869,109088,86494,1429
835,43.205,13064,13742,107799,86767,-678
836,43.256,12765,13930,110374,86561,-1165
837,43.308,12392,14021,107526,85478,-1629
838,43.36,12811,13972,107002,86269,-1161
839,43.412,13467,14251,108265,87071,-784
840,43.463,12398,14518,109079,86135,-2120
841,43.515,12636,14184,104588,85776,-1548
842,43.567,13360,13202,106309,87588,158
843,43.619,12006,13990,106860,86439,-1984
844,43.67,13512,13663,105472,85746,-151
845,43.722,12118,13396,106523,86700,-1278
846,43.774,12864,13632,102823,85654,-768
847,43.825,12887,13638,105678,85442,-751
848,43.877,13007,13420,107951,85904,-413
849,43.929,12821,13402,107320,85375,-581
850,43.981,12008,13323,102680,85837,-1315
851,44.032,12345,13153,105843,86372,-808
852,44.084,12258,13135,107556,86092,-877
853,44.136,12201,13353,106463,86998,-1152
854,44.188,11473,13208,104749,85995,-1735
855,44.239,11729,13681,106568,86956,-1952
856,44.291,11681,13038,107961,86475,-1357
857,44.343,12533,13287,106177,85435,-754
858,44.395,12539,13517,107896,85253,-978
859,44.446,12665,12929,108729,86415,-264
860,44.498,10938,13165,106445,84687,-2227
861,44.55,11726,13244,105252,86998,-1518
862,44.602,12440,12517,109026,86184,-77
863,44.653,12606,13105,105747,86707,-499
864,44.705,13064,13305,105497,84919,-241
865,44.757,12118,13184,106890,86682,-1066
866,44.809,11815,13153,106655,86682,-1338
867,44.86,12471,13590,107147,87084,-1119
868,44.912,11673,13262,105821,86263,-1589
869,44.964,10983,13172,105100,86044,-2189
870,45.016,11522,13269,106712,84931,-1747
871,45.067,11278,13699,107876,86159,-2421
872,45.119,10535,13087,107373,85095,-2552
873,45.171,12196,13372,104928,85606,-1176
874,45.223,12221,13378,106097,85423,-1157
875,45.274,12255,13766,104354,86396,-1511
876,45.326,12157,13438,108897,85156,-1281
877,45.378,11255,13396,106628,86488,-2141
878,45.429,12488,13074,106750,84262,-586
879,45.481,11767,13269,105775,86585,-1502
880,45.533,11767,13202,103751,86846,-1435
881,45.585,13087,13305,107995,85965,-218
882,45.636,13829,13372,105207,86524,457
883,45.688,12351,13238,105848,86913,-887
884,45.74,11532,13081,112036,85588,-1549
885,45.792,12443,13105,108225,85636,-662
886,45.843,12394,13196,105834,86530,-802
887,45.895,13118,13578,110108,86840,-460
888,45.947,12020,13742,106787,86220,-1722
889,45.999,12012,13044,107693,85892,-1032
890,46.05,11476,13663,106398,86421,-2187
891,46.102,11284,13475,107357,86767,-2191
892,46.154,12423,13523,106036,86147,-1100
893,46.206,12776,12990,106775,86634,-214
894,46.257,11895,13111,105025,85551,-1216
895,46.309,11648,13129,106485,85332,-1481
896,46.361,11842,12953,107486,87096,-1111
897,46.413,11742,12893,106896,86950,-1151
898,46.464,12004,13050,107595,86299,-1046
899,46.516,13187,13287,103632,85648,-100
900,46.568,13140,13711,108617,85241,-571
901,46.62,12364,13687,107514,85825,-1323
902,46.671,14257,13778,107441,86451,479
903,46.723,12056,13675,106207,86244,-1619
904,46.775,12465,13869,105293,86561,-1404
905,46.827,11617,13450,107713,86165,-1833
906,46.878,12711,13541,103996,85417,-830
907,46.93,12996,14263,105710,84870,-1267
908,46.982,11812,13754,105757,85995,-1942
909,47.033,12288,13390,106538,86001,-1102
910,47.085,11498,13572,106278,86567,-2074
911,47.137,12315,13899,106361,85727,-1584
912,47.189,12423,13353,104482,84438,-930
913,47.24,11874,13372,102325,85539,-1498
914,47.292,12485,14136,105894,85204,-1651
915,47.344,12356,14354,105069,85387,-1998
916,47.396,13805,14202,103644,84578,-397
917,47.447,13670,14148,102123,85198,-478
918,47.499,12813,14257,107990,87150,-1444
919,47.551,12903,13911,104299,85314,-1008
920,47.603,11801,14033,102872,86329,-2232
921,47.654,13135,13608,107116,85539,-473
922,47.706,11904,13165,103884,85697,-1261
923,47.758,10974,12511,106374,85435,-1537
924,47.81,11106,12844,104675,84395,-1738
925,47.861,12007,13099,104476,84736,-1092
926,47.913,13308,13305,108175,86031,3
927,47.965,12185,13153,104078,85788,-968
928,48.017,12501,13184,108116,84864,-683
929,48.068,11542,13578,105274,85460,-2036
930,48.12,12451,13820,106627,85107,-1369
931,48.172,11656,13505,102390,86451,-1849
932,48.224,11257,13578,106420,85879,-2321
933,48.275,12905,13602,104362,85989,-697
934,48.327,12022,13426,103676,85308,-1404
935,48.379,11275,13244,104680,86092,-1969
936,48.431,11250,13232,105067,85588,-1982
937,48.482,12006,14142,106206,86098,-2136
938,48.534,12386,13560,100707,85186,-1174
939,48.586,12275,13250,104118,85198,-975
940,48.637,12068,12723,105946,85813,-655
941,48.689,10944,13038,101194,85642,-2094
942,48.741,13970,13638,102009,85502,332
943,48.793,13623,13390,104585,85855,233
944,48.844,12789,13178,106319,85448,-389
945,48.896,14588,13602,102913,86475,986
946,48.948,13489,13996,103193,84590,-507
947,49.0,12911,13323,104227,85095,-412
948,49.051,12861,13293,103377,85630,-432
949,49.103,12842,12650,102289,86767,192
950,49.155,12956,12971,103773,84760,-15
951,49.207,14410,12990,103386,85831,1420
952,49.258,13164,13378,108000,84292,-214
953,49.31,12094,13487,104781,85071,-1393
954,49.362,15404,13705,103882,86159,1699
955,49.414,14623,13123,105639,84742,1500
956,49.465,13284,12947,102202,85642,337
957,49.517,12668,13117,103104,85046,-449
958,49.569,12831,12789,106010,86317,42
959,49.621,12697,13008,103366,84189,-311
960,49.672,13309,12504,103454,85460,805
961,49.724,13606,13123,107025,84870,483
962,49.776,14508,12771,103058,85137,1737
963,49.828,13817,13590,99741,84468,227
964,49.879,13157,13329,105146,84882,-172
965,49.931,12824,12959,102659,85229,-135
966,49.983,13095,12874,103568,85484,221
967,50.035,11807,13020,103059,83879,-1213
968,50.086,11892,12759,101732,85162,-867
969,50.138,10862,12874,105749,86025,-2012
970,50.19,13815,12899,106875,84541,916
971,50.241,13608,13372,102263,85636,236
972,50.293,12453,13420,100406,84207,-967
973,50.345,12039,12529,107068,85229,-490
974,50.397,11979,12826,104718,85478,-847
975,50.448,11720,12820,105186,85314,-1100
976,50.5,11269,12808,103630,84693,-1539
977,50.552,12399,12977,104150,84213,-578
978,50.604,11785,13208,104844,85703,-1423
979,50.655,13370,13141,103649,86001,229
980,50.707,14033,13311,103092,85539,722
981,50.759,12813,13347,101374,86117,-534
982,50.811,13406,13875,106270,85867,-469
983,50.862,13087,12844,103762,85569,243
984,50.914,12025,12959,107386,84395,-934
985,50.966,12479,13068,103914,85077,-589
986,51.018,13137,12880,104868,85107,257
987,51.069,12326,12953,101443,84779,-627
988,51.121,12351,13178,103257,86287,-827
989,51.173,11805,13020,101299,84481,-1215
990,51.225,12024,13323,101435,85320,-1299
991,51.276,12883,12953,102680,86329,-70
992,51.328,14669,13923,107011,83927,746
993,51.38,14381,13190,105977,85381,1191
994,51.432,14444,13341,103839,84554,1103
995,51.483,14289,13541,101596,84973,748
996,51.535,13730,13554,104220,84852,176
997,51.587,13563,13099,104082,84274,464
998,51.639,13931,12856,102340,85831,1075
999,51.69,13103,12705,103508,85788,398
