frame,Time [s],CH1,BGND1,CH2,BGND2,intensity
0,0.0,12299,8831,41554,42837,3468
1,0.052,11748,9034,41314,42588,2714
2,0.103,10563,8981,40844,42557,1582
3,0.155,9554,9076,42886,43239,478
4,0.207,11664,8945,42808,42144,2719
5,0.259,11238,9094,43111,43190,2144
6,0.31,11300,9142,42209,42539,2158
7,0.362,9433,9142,43339,42752,291
8,0.414,9915,8903,42335,43044,1012
9,0.466,15342,8969,43003,43020,6373
10,0.517,17506,9273,44037,42801,8233
11,0.569,15586,9094,43110,43245,6492
12,0.621,12872,9255,41540,42953,3617
13,0.673,11394,9118,41746,42995,2276
14,0.724,12213,8957,41099,42782,3256
15,0.776,11018,9190,42196,43257,1828
16,0.828,11919,9094,41314,42223,2825
17,0.88,12043,9213,42219,42898,2830
18,0.931,11274,9106,41518,43336,2168
19,0.983,12274,9148,42376,42393,3126
20,1.035,10701,9016,42341,42953,1685
21,1.087,10466,8903,41463,42399,1563
22,1.138,11435,9106,42049,43342,2329
23,1.19,12432,9106,41711,42497,3326
24,1.242,11232,8772,41191,42442,2460
25,1.294,12322,8939,41113,43342,3383
26,1.345,12214,9082,43119,41967,3132
27,1.397,10309,8975,41654,43014,1334
28,1.449,9816,8843,42802,42472,973
29,1.501,11140,8778,40805,42643,2362
30,1.552,15181,8885,40826,42849,6296
31,1.604,12893,9237,41374,42898,3656
32,1.656,10047,8951,41144,42375,1096
33,1.707,14145,9130,42222,42393,5015
34,1.759,22456,9440,41979,42953,13016
35,1.811,23076,9828,40756,42941,13248
36,1.863,18010,9548,42882,42284,8462
37,1.914,13810,8939,43593,42825,4871
38,1.966,14792,9154,40899,42849,5638
39,2.018,16701,8963,43411,42618,7738
40,2.07,18100,9040,42015,43166,9060
41,2.121,9749,8867,39150,42776,882
42,2.173,9560,9076,41119,42557,484
43,2.225,9692,9004,41006,42758,688
44,2.277,10374,8772,40089,42624,1602
45,2.328,13801,9184,43033,42764,4617
46,2.38,11135,9303,43011,42545,1832
47,2.432,10285,9112,42821,42898,1173
48,2.484,12344,8891,43335,43074,3453
49,2.535,15750,9070,40905,42825,6680
50,2.587,14713,9106,41682,42442,5607
51,2.639,12311,8694,42520,42320,3617
52,2.691,13762,8682,40661,42831,5080
53,2.742,14964,8986,42968,42947,5978
54,2.794,14364,9022,41659,42016,5342
55,2.846,10182,8897,40976,42271,1285
56,2.898,9809,9195,42952,42989,614
57,2.949,11222,9291,41521,42716,1931
58,3.001,11290,9100,42598,42655,2190
59,3.053,10250,9058,41629,42411,1192
60,3.105,9796,9136,41183,43214,660
61,3.156,9566,9124,41876,42387,442
62,3.208,13627,9512,42032,42971,4115
63,3.26,10995,9064,41737,42849,1931
64,3.311,10974,9064,41349,43117,1910
65,3.363,10506,9142,39866,42868,1364
66,3.415,9967,8921,41106,43208,1046
67,3.467,10317,9136,41515,42302,1181
68,3.518,9681,8951,43208,42977,730
69,3.57,9492,9010,40362,42965,482
70,3.622,9119,8939,40306,43312,180
71,3.674,10296,9022,41452,42320,1274
72,3.725,9902,8628,40538,42691,1274
73,3.777,10644,8915,38479,42539,1729
74,3.829,11167,8975,43714,42357,2192
75,3.881,11732,8843,43150,42557,2889
76,3.932,11212,8622,43729,42314,2590
77,3.984,9016,9004,42528,42916,12
78,4.036,13146,9267,41667,42144,3879
79,4.088,13971,8945,41392,43081,5026
80,4.139,13504,9034,42001,42831,4470
81,4.191,18441,9058,43453,42308,9383
82,4.243,14903,9309,41635,42302,5594
83,4.295,16383,9178,43130,42308,7205
84,4.346,10572,8957,40930,42223,1615
85,4.398,10504,8927,41889,41888,1577
86,4.45,11560,9201,42222,42618,2359
87,4.502,10617,8969,42102,42466,1648
88,4.553,12083,9034,42227,42922,3049
89,4.605,16351,9285,42253,42521,7066
90,4.657,12086,9148,41548,43154,2938
91,4.709,9906,9160,43219,43433,746
92,4.76,11588,8849,40421,42576,2739
93,4.812,11999,8819,41601,42296,3180
94,4.864,13683,9291,43071,42831,4392
95,4.915,15585,8921,41522,42490,6664
96,4.967,13139,8879,40054,43056,4260
97,5.019,12322,8909,41095,43214,3413
98,5.071,9535,8975,42706,42855,560
99,5.122,8925,8778,41990,42661,147
100,5.174,9096,8813,41717,42417,283
101,5.226,10027,8813,40864,42983,1214
102,5.278,10428,8957,43354,42916,1471
103,5.329,9972,8992,42035,43111,980
104,5.381,10050,8861,41472,42679,1189
105,5.433,11276,8825,42004,42570,2451
106,5.485,12466,8849,39935,43099,3617
107,5.536,10398,8736,43627,43208,1662
108,5.588,10710,8885,42158,42722,1825
109,5.64,10769,9064,40644,42764,1705
110,5.692,14452,8915,40332,42758,5537
111,5.743,11919,9112,41354,43062,2807
112,5.795,11492,8855,43423,42131,2637
113,5.847,10252,8855,43570,42892,1397
114,5.899,10337,9130,44216,42624,1207
115,5.95,10410,9040,43748,42892,1370
116,6.002,14453,8998,43424,42898,5455
117,6.054,15498,8986,43546,42734,6512
118,6.106,9165,8748,40999,42138,417
119,6.157,9034,8503,43411,41912,531
120,6.209,9572,8873,43684,42868,699
121,6.261,10146,8873,42017,42363,1273
122,6.313,10697,9399,40077,42162,1298
123,6.364,9867,9142,41826,42612,725
124,6.416,10334,9482,43757,42448,852
125,6.468,10674,9249,41395,42448,1425
126,6.519,9426,9160,41537,43281,266
127,6.571,11285,9339,41236,42612,1946
128,6.623,10667,9434,41626,42448,1233
129,6.675,16247,9100,42993,43275,7147
130,6.726,11240,8742,42486,42886,2498
131,6.778,10956,8939,43127,42381,2017
132,6.83,10122,8533,41900,42424,1589
133,6.882,12685,8939,43606,42770,3746
134,6.933,9705,8622,43293,42545,1083
135,6.985,12087,8819,41909,42630,3268
136,7.037,12743,9034,44374,42576,3709
137,7.089,11287,8688,41774,42010,2599
138,7.14,12180,8909,41802,42308,3271
139,7.192,10110,8640,41223,42898,1470
140,7.244,9144,8843,43603,42521,301
141,7.296,9079,8622,39737,42424,457
142,7.347,12793,8873,42192,42874,3920
143,7.399,12573,8903,41322,42417,3670
144,7.451,11064,8879,42020,42326,2185
145,7.503,11312,8563,41078,42679,2749
146,7.554,12426,8813,41749,43038,3613
147,7.606,10558,8742,44520,42764,1816
148,7.658,9566,8831,39046,41773,735
149,7.71,12315,8909,41508,42290,3406
150,7.761,9849,8676,40536,42150,1173
151,7.813,9827,8718,43715,42709,1109
152,7.865,9236,8706,42528,42868,530
153,7.917,9261,8760,42565,42922,501
154,7.968,10921,8718,40182,43263,2203
155,8.02,15817,8879,42820,42874,6938
156,8.072,16858,8957,40485,42831,7901
157,8.123,14876,8634,41002,42217,6242
158,8.175,9818,8951,40897,42338,867
159,8.227,10239,8712,40828,42527,1527
160,8.279,12106,8748,40672,42570,3358
161,8.33,10733,8855,42152,42363,1878
162,8.382,9430,8867,40619,42174,563
163,8.434,10472,8969,43332,43050,1503
164,8.486,15189,8927,41970,42369,6262
165,8.537,9448,8795,42417,42855,653
166,8.589,9594,8610,42185,42588,984
167,8.641,8711,8795,41067,42904,-84
168,8.693,12858,8963,38055,42722,3895
169,8.744,16892,9118,42586,43020,7774
170,8.796,13297,8885,41245,42557,4412
171,8.848,9805,8998,40705,41681,807
172,8.9,11719,8778,42230,42466,2941
173,8.951,15395,8891,41815,42661,6504
174,9.003,12537,8819,40814,42703,3718
175,9.055,21085,9034,41622,42874,12051
176,9.107,12880,8939,40970,42539,3941
177,9.158,9334,8706,41739,42728,628
178,9.21,8664,8736,41026,43135,-72
179,9.262,8885,8867,42363,42490,18
180,9.314,12068,8616,41061,42582,3452
181,9.365,9995,8694,43081,42959,1301
182,9.417,9556,8807,41350,42284,749
183,9.469,9026,8485,41950,42156,541
184,9.521,9055,8652,42034,42649,403
185,9.572,9183,8658,41472,42417,525
186,9.624,8925,8795,44162,42302,130
187,9.676,9650,8652,41411,42503,998
188,9.727,9972,8598,40841,42971,1374
189,9.779,9687,8503,42490,42411,1184
190,9.831,9417,8503,42427,42673,914
191,9.883,10519,8718,41336,42746,1801
192,9.934,10076,8467,41461,42722,1609
193,9.986,9775,8622,41884,42576,1153
194,10.038,9170,8718,40914,42910,452
195,10.09,9612,8885,40767,42497,727
196,10.141,8745,8801,40582,42746,-56
197,10.193,9590,8819,41875,42162,771
198,10.245,9030,8622,40965,42417,408
199,10.297,9134,8957,40977,42387,177
200,10.348,9021,8981,41096,42594,40
201,10.4,9003,8754,41681,42369,249
202,10.452,9609,8855,40750,42624,754
203,10.504,11004,8706,43853,42728,2298
204,10.555,10209,8933,41258,42265,1276
205,10.607,8923,8610,41261,42661,313
206,10.659,9875,8545,40668,42326,1330
207,10.711,11622,8718,42893,42667,2904
208,10.762,12039,8903,42101,42746,3136
209,10.814,10209,8867,41633,42308,1342
210,10.866,9844,8616,40484,42119,1228
211,10.918,8939,8640,41771,42746,299
212,10.969,8915,8604,42291,42223,311
213,11.021,8301,8640,43447,42941,-339
214,11.073,8488,8933,42920,41949,-445
215,11.125,8980,8986,41717,42776,-6
216,11.176,8867,9058,40326,42673,-191
217,11.228,9448,8963,40622,42916,485
218,11.28,8796,8724,41329,42338,72
219,11.331,9552,8825,41457,42484,727
220,11.383,10192,8664,41166,42910,1528
221,11.435,9344,8700,42263,42588,644
222,11.487,9697,9016,39799,42740,681
223,11.538,10572,8754,42077,42971,1818
224,11.59,9199,8855,41020,42886,344
225,11.642,9749,8652,41299,42947,1097
226,11.694,10282,8921,40201,43141,1361
227,11.745,9035,8772,40528,43044,263
228,11.797,10439,9172,43204,42819,1267
229,11.849,10058,8873,40659,43087,1185
230,11.901,9886,8694,41902,42831,1192
231,11.952,10508,8413,41158,42837,2095
232,12.004,10608,8748,40793,42466,1860
233,12.056,10142,8563,41061,42868,1579
234,12.108,9033,8909,41463,42965,124
235,12.159,9939,8748,41415,42813,1191
236,12.211,9172,8772,43089,43482,400
237,12.263,10043,8569,40730,42740,1474
238,12.315,9400,8467,44127,42570,933
239,12.366,9680,8455,42527,42965,1225
240,12.418,9521,8616,40843,43087,905
241,12.47,10029,8586,42753,42947,1443
242,12.522,8887,8521,42282,42813,366
243,12.573,9419,8760,42104,42886,659
244,12.625,10061,8646,42244,42941,1415
245,12.677,9923,8831,42790,42843,1092
246,12.729,9863,8867,42228,43056,996
247,12.78,9005,8813,41391,42484,192
248,12.832,9480,8891,43383,43610,589
249,12.884,10250,8712,40236,42636,1538
250,12.935,9172,8580,40779,42162,592
251,12.987,9048,8461,41108,42606,587
252,13.039,10264,8569,42698,42886,1695
253,13.091,9261,8921,43958,43257,340
254,13.142,9890,8843,40983,43135,1047
255,13.194,8891,8646,42617,42351,245
256,13.246,9781,8831,41892,42886,950
257,13.298,10624,9034,40667,42849,1590
258,13.349,10448,8813,41815,43494,1635
259,13.401,10392,8557,41124,42503,1835
260,13.453,9954,8598,44297,43026,1356
261,13.505,9698,8855,42022,42855,843
262,13.556,9684,8742,41187,42679,942
263,13.608,9790,8336,43405,42570,1454
264,13.66,10313,8491,42444,43196,1822
265,13.712,10815,8628,42556,43269,2187
266,13.763,9648,8515,41550,43020,1133
267,13.815,9507,8604,39962,42661,903
268,13.867,9646,8491,40763,43245,1155
269,13.919,10573,8557,42184,42989,2016
270,13.97,13469,8831,41606,43117,4638
271,14.022,11469,8897,42797,42892,2572
272,14.074,9021,8879,42115,43062,142
273,14.126,9947,8825,43445,42880,1122
274,14.177,9553,8491,43307,43440,1062
275,14.229,9403,8509,43739,42971,894
276,14.281,9516,8216,41349,43111,1300
277,14.333,10479,8455,44725,42935,2024
278,14.384,12508,8563,41716,43148,3945
279,14.436,9509,8658,41962,42989,851
280,14.488,13963,8813,39750,42849,5150
281,14.54,10724,8509,42021,43409,2215
282,14.591,9861,8861,41178,43154,1000
283,14.643,11698,8951,40029,42636,2747
284,14.695,12714,8921,41453,42855,3793
285,14.746,12207,8945,40610,42490,3262
286,14.798,14765,8718,43436,42290,6047
287,14.85,13982,8885,42356,43458,5097
288,14.902,9913,8813,41848,43294,1100
289,14.953,9189,8491,43122,42910,698
290,15.005,9598,8413,43698,42296,1185
291,15.057,11781,8652,41930,42430,3129
292,15.109,13776,8670,42033,43506,5106
293,15.16,15289,8730,39537,42965,6559
294,15.212,15512,8855,41430,42989,6657
295,15.264,9534,8431,41155,42959,1103
296,15.316,11271,8700,43539,43129,2571
297,15.367,15527,8574,42322,42965,6953
298,15.419,14722,8754,43049,42807,5968
299,15.471,14547,8652,43204,43251,5895
300,15.523,13899,8616,42253,43318,5283
301,15.574,11122,8563,42742,42898,2559
302,15.626,9490,8479,43335,42825,1011
303,15.678,9754,8354,42777,43202,1400
304,15.73,9389,8580,42125,43148,809
305,15.781,9430,8778,41304,42977,652
306,15.833,9106,8413,43675,43306,693
307,15.885,9430,8837,43848,42758,593
308,15.937,8716,8574,41309,42430,142
309,15.988,10549,8473,42244,42271,2076
310,16.04,9128,8718,42535,43099,410
311,16.092,10727,8563,42125,42953,2164
312,16.144,10991,8473,42577,42466,2518
313,16.195,12422,8616,42357,43008,3806
314,16.247,9150,8503,41864,42971,647
315,16.299,9671,8425,41636,42515,1246
316,16.35,9429,8515,40612,43178,914
317,16.402,13884,8557,40394,43500,5327
318,16.454,10359,8545,42931,42892,1814
319,16.506,9822,8174,42431,42728,1648
320,16.557,11403,8503,39033,42697,2900
321,16.609,10579,8443,41890,42922,2136
322,16.661,9055,8246,40333,42819,809
323,16.713,9227,8437,40261,43154,790
324,16.764,9572,8413,40556,43196,1159
325,16.816,9006,8401,41723,42825,605
326,16.868,9504,8467,40922,42947,1037
327,16.92,10305,8557,40928,42527,1748
328,16.971,9401,8760,42119,43227,641
329,17.023,9297,8831,41501,42740,466
330,17.075,9913,8646,41807,42417,1267
331,17.127,9064,8551,41705,42892,513
332,17.178,11207,8503,41497,42928,2704
333,17.23,11936,8783,42895,42649,3153
334,17.282,11077,8509,41142,42904,2568
335,17.334,11642,8670,42821,42928,2972
336,17.385,10646,8545,42004,42886,2101
337,17.437,9916,8383,40224,42545,1533
338,17.489,10006,8461,41389,43117,1545
339,17.541,13000,8634,42011,43294,4366
340,17.592,14852,8455,41480,42892,6397
341,17.644,13415,8646,43063,43020,4769
342,17.696,10753,8563,41732,42478,2190
343,17.748,8749,8246,40714,43062,503
344,17.799,9318,8563,44323,43221,755
345,17.851,8948,8515,40895,43050,433
346,17.903,9074,8473,42000,42959,601
347,17.954,10036,8455,40578,42691,1581
348,18.006,9753,8574,41889,42959,1179
349,18.058,9318,8395,43046,42679,923
350,18.11,8643,8664,42661,42795,-21
351,18.161,12735,8646,43360,43683,4089
352,18.213,13430,8574,43281,43221,4856
353,18.265,10154,8616,43945,43202,1538
354,18.317,10067,8527,41002,42375,1540
355,18.368,10898,8616,41412,43135,2282
356,18.42,12616,8616,41451,42673,4000
357,18.472,9726,8354,42274,43391,1372
358,18.524,10187,8598,44240,43093,1589
359,18.575,13737,8652,44409,43160,5085
360,18.627,12132,8509,42254,43494,3623
361,18.679,11310,8610,42679,43123,2700
362,18.731,11467,8563,42572,43433,2904
363,18.782,9407,8461,42899,43062,946
364,18.834,8635,8264,42067,43214,371
365,18.886,9166,8557,42016,43415,609
366,18.938,8913,8557,40584,42928,356
367,18.989,9376,8401,42026,43166,975
368,19.041,9511,8348,41505,43330,1163
369,19.093,9336,8348,42190,42898,988
370,19.145,10126,8604,42270,43056,1522
371,19.196,10262,8580,41815,43227,1682
372,19.248,10561,8264,40887,43330,2297
373,19.3,12539,8479,41677,42563,4060
374,19.352,9223,8168,41641,43129,1055
375,19.403,9417,8431,40515,42746,986
376,19.455,9326,8461,42794,42965,865
377,19.507,9917,8485,42271,43373,1432
378,19.558,9430,8324,43770,43415,1106
379,19.61,9161,8282,43083,43379,879
380,19.662,9004,8574,43169,42801,430
381,19.714,8729,8521,43334,42606,208
382,19.765,8570,8598,42861,43111,-28
383,19.817,8141,8491,41786,42843,-350
384,19.869,9248,8557,42929,43744,691
385,19.921,8474,8240,41945,42868,234
386,19.972,9088,8473,40740,42868,615
387,20.024,9606,8389,42484,43391,1217
388,20.076,9145,8491,41801,43354,654
389,20.128,8804,8628,42302,43379,176
390,20.179,9799,8509,43096,42880,1290
391,20.231,10216,8718,43159,43281,1498
392,20.283,9732,8598,43737,43677,1134
393,20.335,9713,8557,42842,43798,1156
394,20.386,9800,8563,42279,43044,1237
395,20.438,9553,8557,40570,43172,996
396,20.49,10740,8431,41630,43087,2309
397,20.542,10072,8485,41347,43208,1587
398,20.593,8954,8479,44576,43421,475
399,20.645,8926,8264,41606,43348,662
400,20.697,9520,8545,41068,43214,975
401,20.749,8158,8557,41619,43074,-399
402,20.8,9876,8455,40283,43549,1421
403,20.852,9813,8222,43666,43573,1591
404,20.904,12860,8407,41089,42928,4453
405,20.956,12844,8515,42261,42953,4329
406,21.007,11358,8413,41895,42661,2945
407,21.059,10972,8401,43134,43719,2571
408,21.111,10120,8222,41928,43701,1898
409,21.162,9256,8258,42727,43835,998
410,21.214,10049,8401,42086,43610,1648
411,21.266,10588,8521,42472,43263,2067
412,21.318,10651,8712,43463,43586,1939
413,21.369,9556,8425,44129,43087,1131
414,21.421,9117,8431,44182,42667,686
415,21.473,9114,8467,43268,43878,647
416,21.525,11150,8509,41825,43354,2641
417,21.576,12344,8455,40984,42868,3889
418,21.628,10741,8485,40650,43573,2256
419,21.68,13070,8455,43055,43458,4615
420,21.732,11790,8545,42736,43300,3245
421,21.783,9451,8551,42283,43026,900
422,21.835,9486,8294,44936,42892,1192
423,21.887,14429,8736,43272,43780,5693
424,21.939,14316,8789,42772,42928,5527
425,21.99,13077,8658,42486,43135,4419
426,22.042,11645,8736,41700,43312,2909
427,22.094,11288,8580,41038,43993,2708
428,22.146,15844,8837,41918,43719,7007
429,22.197,10039,8431,41732,43336,1608
430,22.249,9032,8413,43882,43513,619
431,22.301,9405,8437,42870,42722,968
432,22.353,9795,8539,43339,42448,1256
433,22.404,8588,8509,40856,43458,79
434,22.456,8672,8592,43246,43573,80
435,22.508,9640,8515,43153,43440,1125
436,22.56,9536,8371,41838,43531,1165
437,22.611,8589,8294,42826,43579,295
438,22.663,9904,8413,40767,43287,1491
439,22.715,10103,8401,41458,43513,1702
440,22.766,9176,8342,42452,43634,834
441,22.818,9155,8294,41814,43500,861
442,22.87,9987,8455,41830,43762,1532
443,22.922,9616,8294,42760,42478,1322
444,22.973,9111,8186,40580,43586,925
445,23.025,8442,8395,44163,43452,47
446,23.077,9698,8598,40961,43001,1100
447,23.129,10000,8563,42410,43001,1437
448,23.18,11516,8461,40674,44042,3055
449,23.232,10642,8694,41528,43202,1948
450,23.284,11868,8557,42416,43123,3311
451,23.336,11203,8634,42543,43074,2569
452,23.387,10343,8592,41672,43287,1751
453,23.439,9797,8616,42924,43567,1181
454,23.491,10441,8569,43532,43050,1872
455,23.543,10979,8539,41950,42892,2440
456,23.594,11961,8324,43163,43543,3637
457,23.646,11550,8383,42095,43452,3167
458,23.698,11838,8455,41511,43628,3383
459,23.75,10734,8724,40237,43403,2010
460,23.801,12136,8819,43456,43701,3317
461,23.853,11561,8622,41704,43081,2939
462,23.905,9792,8204,43970,43014,1588
463,23.957,11420,8521,43153,43166,2899
464,24.008,11946,8682,42969,43598,3264
465,24.06,10655,8760,43532,43561,1895
466,24.112,10932,8401,46205,43646,2531
467,24.164,9833,8461,39959,43281,1372
468,24.215,10032,8479,43241,43531,1553
469,24.267,10362,8306,42671,43409,2056
470,24.319,11098,8509,40772,43659,2589
471,24.37,10626,8682,43326,43963,1944
472,24.422,10213,8407,42669,43506,1806
473,24.474,11249,8437,42440,43354,2812
474,24.526,9845,8688,41763,43221,1157
475,24.577,11854,8640,39635,43403,3214
476,24.629,11514,8783,43282,43634,2731
477,24.681,11181,8342,40002,43056,2839
478,24.733,10843,8592,43407,43135,2251
479,24.784,10080,8682,44238,43306,1398
480,24.836,10407,8527,42227,43774,1880
481,24.888,10551,8503,42948,43884,2048
482,24.94,9915,8688,43160,43592,1227
483,24.991,10866,8658,42039,43470,2208
484,25.043,9891,9070,44577,43622,821
485,25.095,9964,8634,44586,43062,1330
486,25.147,13596,8837,42665,43598,4759
487,25.198,11677,8658,42938,43360,3019
488,25.25,11058,8712,41650,43318,2346
489,25.302,11327,8754,42593,43902,2573
490,25.354,10722,8783,41399,43701,1939
491,25.405,10899,8843,42663,42740,2056
492,25.457,10607,8658,41946,44121,1949
493,25.509,10515,8563,41396,43342,1952
494,25.561,9538,8533,43080,43732,1005
495,25.612,11205,8539,41463,43640,2666
496,25.664,9834,8497,42715,43604,1337
497,25.716,10505,8616,42595,43494,1889
498,25.768,10218,8539,42504,43671,1679
499,25.819,10080,8413,41249,44042,1667
500,25.871,10065,8545,43782,43409,1520
501,25.923,10498,8473,43304,44316,2025
502,25.974,9803,8491,42403,44048,1312
503,26.026,10273,8479,44044,43616,1794
504,26.078,11268,8921,42964,43817,2347
505,26.13,10103,8569,43590,43458,1534
506,26.181,12289,8586,43593,43537,3703
507,26.233,9894,8443,43192,43701,1451
508,26.285,10930,8688,43686,43811,2242
509,26.337,10288,8527,42183,43482,1761
510,26.388,10587,8473,43544,43628,2114
511,26.44,12066,8383,44583,43367,3683
512,26.492,10504,8449,42371,43038,2055
513,26.544,8684,8563,42352,43549,121
514,26.595,8754,8360,42110,43732,394
515,26.647,9501,8491,41763,43470,1010
516,26.699,9986,8294,42385,43598,1692
517,26.751,8834,8640,44595,43695,194
518,26.802,8784,8383,41378,43446,401
519,26.854,8723,8598,41706,43634,125
520,26.906,8814,8294,44792,43811,520
521,26.958,9446,8580,42470,43403,866
522,27.009,8932,8461,42818,43464,471
523,27.061,8365,8282,41428,43348,83
524,27.113,8508,8395,42305,43592,113
525,27.165,9277,8389,43055,43093,888
526,27.216,10207,8521,42367,43245,1686
527,27.268,10916,8491,42275,44011,2425
528,27.32,9004,8413,41802,43458,591
529,27.372,10887,8425,42722,44188,2462
530,27.423,10056,8569,43201,42928,1487
531,27.475,10957,8497,42106,43561,2460
532,27.527,10446,8610,42700,43245,1836
533,27.578,10303,8754,41562,43920,1549
534,27.63,10284,8604,43525,43458,1680
535,27.682,10156,8276,43085,43841,1880
536,27.734,9722,8694,42792,43549,1028
537,27.785,9537,8843,41938,43914,694
538,27.837,10139,8407,42231,43829,1732
539,27.889,9908,8222,42579,43738,1686
540,27.941,10095,8383,41616,43689,1712
541,27.992,9590,8563,43946,43330,1027
542,28.044,11187,8664,42835,43543,2523
543,28.096,10160,8467,41710,44127,1693
544,28.148,11159,8342,43653,43208,2817
545,28.199,11519,8377,43003,43148,3142
546,28.251,11520,8628,45510,43616,2892
547,28.303,10981,8604,42533,44121,2377
548,28.355,10914,8718,44459,43890,2196
549,28.406,10620,8437,42611,43391,2183
550,28.458,10544,8407,43833,43817,2137
551,28.51,9931,8586,40962,43117,1345
552,28.562,11081,8592,42707,43725,2489
553,28.613,10693,8497,42424,43233,2196
554,28.665,11673,8366,42866,43464,3307
555,28.717,12383,8401,43412,43640,3982
556,28.769,10737,8324,43349,43379,2413
557,28.82,11737,8533,42406,43135,3204
558,28.872,10318,8563,43177,43519,1755
559,28.924,9935,8151,44212,43342,1784
560,28.976,9043,8533,44646,43287,510
561,29.027,9659,8168,44126,43409,1491
562,29.079,8831,8473,43435,43975,358
563,29.131,9984,8288,40642,43397,1696
564,29.182,8243,8425,41870,44170,-182
565,29.234,9586,8574,41860,43214,1012
566,29.286,10352,8431,43869,43044,1921
567,29.338,9347,8545,43215,43561,802
568,29.389,9623,8527,42093,43397,1096
569,29.441,10176,8354,42769,43531,1822
570,29.493,12342,8539,43542,43604,3803
571,29.545,10867,8682,44808,43348,2185
572,29.596,11486,8616,42314,43938,2870
573,29.648,12189,8592,43001,43683,3597
574,29.7,12034,8503,41909,43403,3531
575,29.752,11637,8718,41902,43494,2919
576,29.803,11108,8533,43341,43689,2575
577,29.855,11628,8545,41693,43519,3083
578,29.907,11414,8455,42289,43719,2959
579,29.959,13225,8354,42326,44279,4871
580,30.01,12254,8371,43973,43452,3883
581,30.062,9526,8461,43673,43634,1065
582,30.114,10481,8551,40819,43567,1930
583,30.166,9279,8461,44084,44030,818
584,30.217,10904,8419,45197,43853,2485
585,30.269,11667,8551,42329,43634,3116
586,30.321,10980,8503,43173,43756,2477
587,30.373,12599,8551,43621,44310,4048
588,30.424,12677,8383,40759,43555,4294
589,30.476,13329,8646,42870,43519,4683
590,30.528,11721,8574,41811,44188,3147
591,30.58,12198,8473,41909,43555,3725
592,30.631,14608,8634,43480,43354,5974
593,30.683,11172,8413,42445,43805,2759
594,30.735,10865,8312,43118,44303,2553
595,30.786,16295,8497,43208,43281,7798
596,30.838,12970,8664,42997,43294,4306
597,30.89,12523,8533,42764,43896,3990
598,30.942,11649,8443,41971,43500,3206
599,30.993,10227,8569,41898,43239,1658
600,31.045,9571,8491,43501,44182,1080
601,31.097,9911,8306,42934,44072,1605
602,31.149,10722,8270,42052,43300,2452
603,31.2,10573,8419,43398,43957,2154
604,31.252,11181,8509,42000,43823,2672
605,31.304,12035,8324,41983,44151,3711
606,31.356,11662,8240,41304,43786,3422
607,31.407,11875,8413,43466,44066,3462
608,31.459,10255,8563,41580,43610,1692
609,31.511,12197,8413,42474,43902,3784
610,31.563,11664,8515,45883,44200,3149
611,31.614,12352,8437,43274,43628,3915
612,31.666,11113,8574,46379,43239,2539
613,31.718,11728,8473,41693,43056,3255
614,31.77,11952,8509,41914,44322,3443
615,31.821,11823,8551,43224,43817,3272
616,31.873,12053,8682,41687,43543,3371
617,31.925,13887,8682,42070,43652,5205
618,31.977,12374,9034,43460,43117,3340
619,32.028,11412,8545,44722,43482,2867
620,32.08,11683,8598,44146,44310,3085
621,32.132,13862,8586,44207,43871,5276
622,32.184,12471,8557,42269,43628,3914
623,32.235,10964,8407,42331,43756,2557
624,32.287,11858,8748,42733,43841,3110
625,32.339,12537,8736,42391,44310,3801
626,32.39,12274,8610,43898,43835,3664
627,32.442,10773,8276,41286,43865,2497
628,32.494,12981,8604,43632,43780,4377
629,32.546,13753,8354,42537,44115,5399
630,32.597,12423,8616,43434,44115,3807
631,32.649,11977,8634,43702,43938,3343
632,32.701,13245,8557,43568,44413,4688
633,32.753,12656,8855,45271,44139,3801
634,32.804,17954,8676,43375,43811,9278
635,32.856,14053,8366,41538,44097,5687
636,32.908,13331,8867,43014,44297,4464
637,32.96,13530,8736,42910,43859,4794
638,33.011,13373,8975,43969,43768,4398
639,33.063,14903,9195,42535,44115,5708
640,33.115,11957,9094,41975,44011,2863
641,33.167,12472,9040,41737,43671,3432
642,33.218,12725,8986,43707,43853,3739
643,33.27,12346,8969,43420,44237,3377
644,33.322,13067,8742,42922,43908,4325
645,33.374,12444,8592,43270,43792,3852
646,33.425,13219,8479,44410,43865,4740
647,33.477,11887,8360,43118,44212,3527
648,33.529,13206,8700,43112,44078,4506
649,33.581,14706,8491,43634,43878,6215
650,33.632,12637,8670,42722,43969,3967
651,33.684,13316,8718,44470,44419,4598
652,33.736,13274,8628,42982,43817,4646
653,33.788,12553,8855,42868,44693,3698
654,33.839,12405,8676,42361,43494,3729
655,33.891,11831,8640,41364,43896,3191
656,33.943,11834,8682,42877,43342,3152
657,33.994,11361,8240,44060,43659,3121
658,34.046,10854,8497,42193,43890,2357
659,34.098,11948,8377,42769,44364,3571
660,34.15,12983,8539,43599,44261,4444
661,34.201,12013,8533,42970,44413,3480
662,34.253,12672,8437,42984,44011,4235
663,34.305,11372,8294,41968,44151,3078
664,34.357,11647,8628,41490,43531,3019
665,34.408,12254,8580,44091,44121,3674
666,34.46,12499,8598,41274,43750,3901
667,34.512,13257,8569,43343,43853,4688
668,34.564,13192,8718,43710,43914,4474
669,34.615,13300,8431,42658,44249,4869
670,34.667,11668,8306,42765,43659,3362
671,34.719,11448,8443,43077,43579,3005
672,34.771,13706,8407,43039,43920,5299
673,34.822,12064,8479,44779,44182,3585
674,34.874,13142,8503,44973,43908,4639
675,34.926,11459,8270,43973,44011,3189
676,34.978,12102,8545,43412,43823,3557
677,35.029,10897,8509,45630,43871,2388
678,35.081,12845,8318,44251,43926,4527
679,35.133,11712,8240,44422,44456,3472
680,35.185,13448,8371,43598,43865,5077
681,35.236,12477,8503,42241,44127,3974
682,35.288,10433,8455,45192,44170,1978
683,35.34,11658,8539,42158,44401,3119
684,35.392,11717,8431,40797,44164,3286
685,35.443,11379,8288,44420,44608,3091
686,35.495,10592,8574,44180,44522,2018
687,35.547,11927,8766,44577,43999,3161
688,35.598,13435,8479,45219,44900,4956
689,35.65,12702,8503,44110,44352,4199
690,35.702,11848,8413,42359,44133,3435
691,35.754,11725,8563,44105,44200,3162
692,35.805,12585,8574,43934,44115,4011
693,35.857,12207,8503,42440,44486,3704
694,35.909,10851,8527,44171,44206,2324
695,35.961,12855,8503,43284,44218,4352
696,36.012,12208,8736,44663,44249,3472
697,36.064,10832,8491,44387,43628,2341
698,36.116,12211,8586,43888,44133,3625
699,36.168,11907,8634,43646,44176,3273
700,36.219,11955,8467,43494,44084,3488
701,36.271,9893,8216,41851,44516,1677
702,36.323,10758,8491,42784,44011,2267
703,36.375,10699,8174,42486,44322,2525
704,36.426,17245,8658,41952,44723,8587
705,36.478,13702,8592,44045,44194,5110
706,36.53,11693,8425,43634,44115,3268
707,36.582,10085,8473,43362,44078,1612
708,36.633,11207,8389,44158,43945,2818
709,36.685,11962,8342,42840,44316,3620
710,36.737,12607,8539,44350,44194,4068
711,36.789,11770,8449,43472,44103,3321
712,36.84,10333,8330,42779,43677,2003
713,36.892,11469,8503,41366,44303,2966
714,36.944,11667,8545,44715,44206,3122
715,36.996,12438,8258,43414,44626,4180
716,37.047,11463,8521,43391,44912,2942
717,37.099,11663,8485,45948,43920,3178
718,37.151,12042,8377,43138,43732,3665
719,37.202,11879,8377,43120,44249,3502
720,37.254,11278,8652,43970,44036,2626
721,37.306,12389,8473,44221,44005,3916
722,37.358,12019,8569,43935,44145,3450
723,37.409,11879,8306,44963,44139,3573
724,37.461,11084,8473,44660,44255,2611
725,37.513,11084,8395,42128,43926,2689
726,37.565,12395,8431,43389,43719,3964
727,37.616,11406,8527,43619,43738,2879
728,37.668,10407,8491,42802,44249,1916
729,37.72,9154,8479,44244,44602,675
730,37.772,8748,8371,44018,44018,377
731,37.823,9496,8509,43518,44462,987
732,37.875,9515,8389,42221,44535,1126
733,37.927,11125,8443,43680,44133,2682
734,37.979,10299,8521,45976,44510,1778
735,38.03,9972,8545,45023,44857,1427
736,38.082,9802,8557,42276,43324,1245
737,38.134,9721,8366,44131,43768,1355
738,38.186,10451,8282,43382,44018,2169
739,38.237,11320,8533,43158,43573,2787
740,38.289,9729,8288,43488,44535,1441
741,38.341,9252,8336,42081,44644,916
742,38.393,10481,8336,43577,44030,2145
743,38.444,10363,8294,43070,44054,2069
744,38.496,9737,8401,44108,44389,1336
745,38.548,9276,8276,42606,43294,1000
746,38.6,9811,8401,42595,44115,1410
747,38.651,11182,8783,44781,44115,2399
748,38.703,13109,8515,46657,43823,4594
749,38.755,10576,8598,43121,44480,1978
750,38.806,8823,8521,45087,44200,302
751,38.858,8749,8425,44828,43628,324
752,38.91,8808,8228,42775,44516,580
753,38.962,8806,8240,42267,44383,566
754,39.013,9377,8819,42867,44164,558
755,39.065,9779,8945,42608,43951,834
756,39.117,9829,8640,43574,44297,1189
757,39.169,9225,8491,43628,44133,734
758,39.22,10053,8598,43414,44048,1455
759,39.272,9217,8551,43636,44285,666
760,39.324,10018,8521,45381,44273,1497
761,39.376,9638,8306,43174,44188,1332
762,39.427,11063,8383,44723,43963,2680
763,39.479,9491,8300,44081,44480,1191
764,39.531,11167,8491,43597,43567,2676
765,39.583,11753,8276,41665,44407,3477
766,39.634,10877,8342,45687,44005,2535
767,39.686,10632,8366,43571,44437,2266
768,39.738,9965,8539,43789,44243,1426
769,39.79,10197,8413,43978,43926,1784
770,39.841,10977,8545,43105,44644,2432
771,39.893,10914,8294,43600,44054,2620
772,39.945,11425,8204,44071,44127,3221
773,39.997,10659,8401,43428,44249,2258
774,40.048,9401,8616,43022,44139,785
775,40.1,11977,8473,45070,43567,3504
776,40.152,11535,8527,45458,43993,3008
777,40.204,11931,8563,42206,43896,3368
778,40.255,11332,8383,42477,44164,2949
779,40.307,11139,8467,45282,44510,2672
780,40.359,12174,8348,42271,44395,3826
781,40.41,10995,8760,43369,44717,2235
782,40.462,11322,8748,44059,44005,2574
783,40.514,11389,8724,42640,44748,2665
784,40.566,11259,8801,42916,44486,2458
785,40.617,11694,8473,44296,44796,3221
786,40.669,12315,8939,42767,44121,3376
787,40.721,11495,8628,45928,44522,2867
788,40.773,12715,8634,41428,44127,4081
789,40.824,11195,8813,44544,43470,2382
790,40.876,10726,8634,43467,43798,2092
791,40.928,10973,8425,44741,44097,2548
792,40.98,10457,8616,46845,44376,1841
793,41.031,10441,8521,43692,43938,1920
794,41.083,11981,8604,43608,43841,3377
795,41.135,11967,8527,42386,44224,3440
796,41.187,11384,8330,44877,43725,3054
797,41.238,12138,8449,43861,43957,3689
798,41.29,12077,8395,43403,44164,3682
799,41.342,10631,8449,43424,43166,2182
800,41.394,11742,8455,44795,43999,3287
801,41.445,11225,8354,42279,44559,2871
802,41.497,11498,8413,44080,43999,3085
803,41.549,11457,8569,42674,43963,2888
804,41.601,10816,8580,44049,44249,2236
805,41.652,10545,8401,44663,44230,2144
806,41.704,10167,8491,44850,44273,1676
807,41.756,15360,8742,45023,44522,6618
808,41.808,18747,8670,43859,43829,10077
809,41.859,14293,8586,44326,44547,5707
810,41.911,16974,8521,44282,44413,8453
811,41.963,11037,8574,43156,44413,2463
812,42.015,11351,8437,42362,44413,2914
813,42.066,11433,8580,43810,44121,2853
814,42.118,11135,8336,43659,44547,2799
815,42.17,11292,8354,45074,44413,2938
816,42.221,11630,8437,42121,44036,3193
817,42.273,11809,8431,44739,44875,3378
818,42.325,10164,8377,45093,44078,1787
819,42.377,13147,8437,46795,44279,4710
820,42.428,11254,8377,44253,44188,2877
821,42.48,12070,8515,44749,44395,3555
822,42.532,10589,8509,42773,44407,2080
823,42.584,11521,8473,41369,44157,3048
824,42.635,12356,8395,43962,44790,3961
825,42.687,10972,8318,44653,44291,2654
826,42.739,10947,8449,45686,44042,2498
827,42.791,11889,8413,44349,44255,3476
828,42.842,12996,8306,44353,43896,4690
829,42.894,12371,8270,44778,44036,4101
830,42.946,11876,8282,43745,43896,3594
831,42.998,10115,8115,45352,43987,2000
832,43.049,13204,8533,44960,43774,4671
833,43.101,13356,8586,44842,43896,4770
834,43.153,12578,8551,44855,44157,4027
835,43.205,11216,8545,42016,44206,2671
836,43.256,8803,8228,46067,44036,575
837,43.308,13540,8736,43568,44115,4804
838,43.36,11993,8336,44185,44577,3657
839,43.412,12150,8395,45065,43543,3755
840,43.463,12809,8306,44006,44912,4503
841,43.515,17581,8700,43796,44011,8881
842,43.567,18390,8748,43141,43963,9642
843,43.619,10737,8228,42972,44206,2509
844,43.67,13634,8294,45359,43543,5340
845,43.722,12423,8413,41747,43987,4010
846,43.774,11998,8527,42108,43896,3471
847,43.825,13686,8616,42486,44863,5070
848,43.877,11465,8419,44041,43884,3046
849,43.929,11264,8234,43672,44297,3030
850,43.981,11510,8234,43862,44705,3276
851,44.032,11490,8491,43853,44200,2999
852,44.084,10981,8377,42706,44091,2604
853,44.136,11423,8449,43197,44383,2974
854,44.188,10472,8204,44620,43951,2268
855,44.239,9716,8342,45518,43890,1374
856,44.291,12663,8348,41893,43817,4315
857,44.343,11655,8449,43981,44297,3206
858,44.395,10162,8234,45815,44468,1928
859,44.446,11188,8300,43894,44334,2888
860,44.498,10944,8407,43926,44419,2537
861,44.55,11457,8312,43184,43786,3145
862,44.602,12061,8371,42501,44188,3690
863,44.653,13098,8360,42836,44018,4738
864,44.705,10803,8551,45924,44182,2252
865,44.757,12086,8383,44003,44583,3703
866,44.809,11765,8491,45197,44322,3274
867,44.86,11769,8598,42855,44577,3171
868,44.912,10592,8318,44612,44620,2274
869,44.964,11032,8437,43169,44206,2595
870,45.016,10592,8497,42198,44200,2095
871,45.067,10570,8407,43716,44091,2163
872,45.119,10190,8276,45093,44170,1914
873,45.171,8628,8157,43539,44504,471
874,45.223,8451,8527,45166,44072,-76
875,45.274,9427,8557,42150,44595,870
876,45.326,8209,8288,44069,44389,-79
877,45.378,8555,8491,44595,44206,64
878,45.429,8736,8288,42994,44638,448
879,45.481,9068,8395,44985,44662,673
880,45.533,9824,8437,46029,44790,1387
881,45.585,8437,8395,42911,43969,42
882,45.636,9875,8318,43646,44364,1557
883,45.688,8774,8527,43657,44273,247
884,45.74,8548,8318,44154,44018,230
885,45.792,8025,8234,44205,43811,-209
886,45.843,9281,8276,45387,44151,1005
887,45.895,8787,8318,45686,44255,469
888,45.947,8738,8449,44761,44164,289
889,45.999,8968,8497,43916,43890,471
890,46.05,8377,8109,41712,44370,268
891,46.102,8729,8610,42551,44115,119
892,46.154,9070,8073,45048,44164,997
893,46.206,9511,8252,45255,44790,1259
894,46.257,7485,8258,42797,44413,-773
895,46.309,8504,8270,43384,44188,234
896,46.361,8157,8252,44671,44705,-95
897,46.413,8340,8371,44407,44322,-31
898,46.464,8408,8103,44258,44535,305
899,46.516,8726,8270,44451,44206,456
900,46.568,8825,8330,46097,44139,495
901,46.62,8358,8354,42531,43811,4
902,46.671,7957,8234,40957,44200,-277
903,46.723,8382,8318,43569,44930,64
904,46.775,8487,8354,41916,44693,133
905,46.827,8641,8228,44634,44285,413
906,46.878,8702,8145,43327,44188,557
907,46.93,8351,8162,45233,44188,189
908,46.982,8403,8049,42476,43817,354
909,47.033,7250,8145,44673,44230,-895
910,47.085,8507,8503,44324,44869,4
911,47.137,9120,8276,42436,44352,844
912,47.189,8336,8497,45712,43786,-161
913,47.24,8391,8157,42258,44188,234
914,47.292,8650,8234,45368,44103,416
915,47.344,8736,8025,43030,45155,711
916,47.396,8513,8210,44897,44383,303
917,47.447,9461,8115,44390,44620,1346
918,47.499,8533,8371,47162,44699,162
919,47.551,8867,8479,44887,44346,388
920,47.603,9174,8348,41858,44577,826
921,47.654,8766,8467,44169,44188,299
922,47.706,8395,8413,44661,44535,-18
923,47.758,8823,8479,43613,44200,344
924,47.81,9187,8574,44687,44577,613
925,47.861,8819,8395,43300,44595,424
926,47.913,8891,8455,42377,44431,436
927,47.965,9466,8628,44395,44024,838
928,48.017,9439,8449,43002,44376,990
929,48.068,8214,8503,44184,44316,-289
930,48.12,8250,8503,44452,44693,-253
931,48.172,8866,8377,45377,44474,489
932,48.224,8062,8151,43471,44279,-89
933,48.275,9124,8449,45657,44425,675
934,48.327,8962,8240,43693,44662,722
935,48.379,8704,8455,42423,44164,249
936,48.431,9846,8318,44711,44474,1528
937,48.482,8546,8569,44525,43756,-23
938,48.534,8941,8449,43346,44291,492
939,48.586,8617,8395,42725,43896,222
940,48.637,8635,8354,43271,44316,281
941,48.689,8690,8174,41561,44346,516
942,48.741,8431,8395,44848,45052,36
943,48.793,8774,8569,43985,44766,205
944,48.844,8838,8377,43256,44504,461
945,48.896,8794,8616,44201,44437,178
946,48.948,8228,8354,44972,44413,-126
947,49.0,8679,8282,45899,43798,397
948,49.051,8253,8192,44205,44681,61
949,49.103,8110,8258,43536,44297,-148
950,49.155,8880,8312,44672,44084,568
951,49.207,7884,8449,42239,44346,-565
952,49.258,8915,8401,44531,44492,514
953,49.31,8648,8336,43965,44602,312
954,49.362,8557,8473,43032,44492,84
955,49.414,9262,8282,43667,44200,980
956,49.465,9624,8300,43345,44176,1324
957,49.517,8842,8318,43764,44389,524
958,49.569,9450,8676,43715,44224,774
959,49.621,8477,8419,43816,44133,58
960,49.672,7966,8467,44353,44821,-501
961,49.724,8341,8449,44584,43829,-108
962,49.776,8650,8389,42194,44693,261
963,49.828,8453,8234,44349,43975,219
964,49.879,9200,8604,45007,44522,596
965,49.931,8267,8455,42720,44370,-188
966,49.983,8182,8312,44996,44084,-130
967,50.035,8766,8473,41923,44608,293
968,50.086,7825,8539,42226,44383,-714
969,50.138,8473,8443,46199,43847,30
970,50.19,8049,8431,43325,43987,-382
971,50.241,8801,8479,44527,44608,322
972,50.293,8848,8580,43976,44431,268
973,50.345,8366,8467,43136,44681,-101
974,50.397,7750,8395,42939,44164,-645
975,50.448,8229,8425,42394,44255,-196
976,50.5,8503,8515,44039,44504,-12
977,50.552,8467,8222,44281,44468,245
978,50.604,9385,8461,42211,44237,924
979,50.655,8874,8485,45190,44054,389
980,50.707,8365,8306,44337,44157,59
981,50.759,9180,8312,43104,44815,868
982,50.811,8903,8503,41798,44529,400
983,50.862,8848,8348,44653,44334,500
984,50.914,8503,8467,43730,44881,36
985,50.966,8691,8449,43208,43884,242
986,51.018,8217,8658,44853,45046,-441
987,51.069,9039,8330,42602,43586,709
988,51.121,8846,8724,42466,44115,122
989,51.173,8679,8521,45182,44395,158
990,51.225,8714,8324,44844,44303,390
991,51.276,8538,8401,44796,44486,137
992,51.328,8884,8360,43384,44261,524
993,51.38,9044,8503,41502,44583,541
994,51.432,8914,8455,42790,44218,459
995,51.483,8677,8425,44116,44888,252
996,51.535,8200,8276,45070,44291,-76
997,51.587,9722,8336,43040,44675,1386
998,51.639,8947,8437,42736,44784,510
999,51.69,8229,8473,43354,43896,-244
