frame,Time [s],CH1,BGND1,CH2,BGND2,intensity
0,0.0,120022,71476,59917,63529,48546
1,0.052,114138,71677,60104,62739,42461
2,0.103,92202,70885,60957,63772,21317
3,0.155,96600,69978,58755,63529,26622
4,0.207,89795,69686,60797,62782,20109
5,0.259,102996,66313,60131,63280,36683
6,0.31,97344,67512,59152,62788,29832
7,0.362,103048,66453,61073,63037,36595
8,0.414,114367,67403,60636,62448,46964
9,0.466,115283,64334,59933,62964,50949
10,0.517,102127,65363,60295,63165,36764
11,0.569,115447,67068,60663,62648,48379
12,0.621,111646,68170,61665,62946,43476
13,0.673,109023,67147,58391,63803,41876
14,0.724,106413,65850,60634,62417,40563
15,0.776,115879,66477,59714,63298,49402
16,0.828,97581,63987,57519,63098,33594
17,0.88,107702,63488,61902,62849,44214
18,0.931,98377,63926,59758,63086,34451
19,0.983,97783,64096,59018,62770,33687
20,1.035,114684,63305,64034,62855,51379
21,1.087,105014,63177,58382,62855,41837
22,1.138,100725,63548,59075,63013,37177
23,1.19,98546,61831,60740,62831,36715
24,1.242,92605,64267,60307,62448,28338
25,1.294,88228,61971,57745,63608,26257
26,1.345,106159,60675,59221,63341,45484
27,1.397,116989,59767,59926,62873,57222
28,1.449,115516,58142,58527,63274,57374
29,1.501,126647,60157,59063,62697,66490
30,1.552,107903,61959,58809,63481,45944
31,1.604,98901,61168,57389,63043,37733
32,1.656,99347,61734,58468,62454,37613
33,1.707,96329,58531,60519,62150,37798
34,1.759,91696,57563,59306,62940,34133
35,1.811,90858,60053,59902,62211,30805
36,1.863,98099,59439,59675,62199,38660
37,1.914,92500,59274,59028,62752,33226
38,1.966,95776,58069,60312,62344,37707
39,2.018,80588,59219,60075,62733,21369
40,2.07,84414,56893,58469,62989,27521
41,2.121,86616,57922,60498,63596,28694
42,2.173,85697,57393,61242,62259,28304
43,2.225,86131,58196,61448,62873,27935
44,2.277,88924,58233,61972,62527,30691
45,2.328,89876,58026,58544,62964,31850
46,2.38,87641,57253,58679,63323,30388
47,2.432,91869,57374,62744,61786,34495
48,2.484,90984,57880,61068,62478,33104
49,2.535,101502,55852,61143,62685,45650
50,2.587,97934,57094,61639,62934,40840
51,2.639,101788,57606,59531,62746,44182
52,2.691,78947,56668,58386,62752,22279
53,2.742,68605,54695,59775,61804,13910
54,2.794,82458,54750,59701,62211,27708
55,2.846,76599,54933,60581,62843,21666
56,2.898,68293,55268,61078,61536,13025
57,2.949,74576,54860,59412,62727,19716
58,3.001,65430,53112,59753,62509,12318
59,3.053,77166,53545,59831,62290,23621
60,3.105,70556,56126,60626,61968,14430
61,3.156,75949,57472,59214,61986,18477
62,3.208,75973,55931,60456,62095,20042
63,3.26,64001,54202,58406,62217,9799
64,3.311,60015,52966,60219,62344,7049
65,3.363,53639,52041,60776,61603,1598
66,3.415,53014,52558,59671,62101,456
67,3.467,59358,52723,60504,62600,6635
68,3.518,65130,53995,61952,62138,11135
69,3.57,68807,54001,59345,61597,14806
70,3.622,73979,52911,59844,61306,21068
71,3.674,65855,52424,58499,61312,13431
72,3.725,67048,53782,58197,61421,13266
73,3.777,68353,53940,59614,62381,14413
74,3.829,72164,53666,59260,61640,18498
75,3.881,78670,54720,61350,62448,23950
76,3.932,69708,52150,62670,61792,17558
77,3.984,69818,53082,58617,62770,16736
78,4.036,68771,52443,61183,62029,16328
79,4.088,65016,53307,59030,62563,11709
80,4.139,60157,51255,60916,62490,8902
81,4.191,57917,51030,58758,61172,6887
82,4.243,63287,49897,61594,62399,13390
83,4.295,75282,49715,61299,61937,25567
84,4.346,75562,49575,58519,62654,25987
85,4.398,79002,48984,60000,61682,30018
86,4.45,77459,51700,58618,61822,25759
87,4.502,78283,50287,58465,61463,27996
88,4.553,85533,51420,59246,61779,34113
89,4.605,71581,50098,60894,61865,21483
90,4.657,86126,50634,60383,61312,35492
91,4.709,77238,50866,61036,61628,26372
92,4.76,83025,49989,58054,62101,33036
93,4.812,78648,49934,62776,62083,28714
94,4.864,82862,49142,58894,62253,33720
95,4.915,75186,48856,58806,61275,26330
96,4.967,73669,49319,61621,61105,24350
97,5.019,76485,49331,61475,60418,27154
98,5.071,86824,49593,59003,62108,37231
99,5.122,77160,48917,58350,62934,28243
100,5.174,73441,47261,60157,61743,26180
101,5.226,69374,47779,61945,62721,21595
102,5.278,78662,48948,60004,62016,29714
103,5.329,70508,49934,60300,62618,20574
104,5.381,67282,49940,59320,62606,17342
105,5.433,63006,50957,62041,61299,12049
106,5.485,62213,51334,59283,61634,10879
107,5.536,64018,50512,59496,61129,13506
108,5.588,64274,51310,60643,61555,12964
109,5.64,67076,51304,59923,60947,15772
110,5.692,79993,52400,60861,61385,27593
111,5.743,73027,52558,58944,61166,20469
112,5.795,68555,51231,58226,61160,17324
113,5.847,84967,49995,58635,61567,34972
114,5.899,81413,51724,58784,61858,29689
115,5.95,76251,52491,57635,62794,23760
116,6.002,65415,50458,55909,61907,14957
117,6.054,69540,50835,60206,61439,18705
118,6.106,68209,51298,60066,62411,16911
119,6.157,73381,51608,59292,62272,21773
120,6.209,75036,50293,60784,61798,24743
121,6.261,81367,50439,58369,60576,30928
122,6.313,78125,49222,59339,61664,28903
123,6.364,69468,49362,59618,62010,20106
124,6.416,59518,47803,56043,61391,11715
125,6.468,64439,48966,56986,62484,15473
126,6.519,68721,48065,58486,62180,20656
127,6.571,71320,48540,59913,61968,22780
128,6.623,77963,49830,60003,61707,28133
129,6.675,71473,49301,60638,62375,22172
130,6.726,65262,48935,59853,61743,16327
131,6.778,61454,48132,58970,63396,13322
132,6.83,66778,49142,60939,62205,17636
133,6.882,58625,49100,62739,63128,9525
134,6.933,66802,49295,58554,62144,17507
135,6.985,73041,46804,58136,62922,26237
136,7.037,84358,47048,58966,61415,37310
137,7.089,68807,46068,58247,62016,22739
138,7.14,59748,46390,57481,62405,13358
139,7.192,70301,46396,62549,62575,23905
140,7.244,80393,46092,59022,61925,34301
141,7.296,76044,47078,60193,62551,28966
142,7.347,55388,48278,58434,62824,7110
143,7.399,59271,47736,58761,61992,11535
144,7.451,58597,47657,58619,62436,10940
145,7.503,62296,47523,57623,62502,14773
146,7.554,61373,49520,59972,62272,11853
147,7.606,70199,49721,58398,62077,20478
148,7.658,65074,48984,61897,61737,16090
149,7.71,62794,49057,58976,60686,13737
150,7.761,68232,48144,58838,62187,20088
151,7.813,70457,47803,59308,62812,22654
152,7.865,76133,47760,59554,61956,28373
153,7.917,77270,47986,60375,62253,29284
154,7.968,62668,48588,60573,61992,14080
155,8.02,73131,47474,60724,62770,25657
156,8.072,69263,48101,61197,62101,21162
157,8.123,69911,47608,59141,61615,22303
158,8.175,70456,47377,58823,63013,23079
159,8.227,75962,47365,61704,61731,28597
160,8.279,71053,49203,57141,62648,21850
161,8.33,69801,47523,60643,61810,22278
162,8.382,79086,46768,58728,62472,32318
163,8.434,68750,44302,58732,61621,24448
164,8.486,64066,45964,58893,61749,18102
165,8.537,74518,45781,59466,61773,28737
166,8.589,84222,46135,58827,61804,38087
167,8.641,88668,45495,59264,62502,43173
168,8.693,72555,44813,57319,61913,27742
169,8.744,72644,44710,58790,62454,27934
170,8.796,76534,45008,57761,62332,31526
171,8.848,75600,45812,60592,62326,29788
172,8.9,72238,46171,58748,61713,26067
173,8.951,71715,48065,61775,61670,23650
174,9.003,62261,46177,60063,63171,16084
175,9.055,63936,46445,59702,62071,17491
176,9.107,58483,46804,57682,62314,11679
177,9.158,51727,46329,57634,61366,5398
178,9.21,51229,45672,58525,61591,5557
179,9.262,54674,45781,61463,63049,8893
180,9.314,51524,45294,58385,62120,6230
181,9.365,58511,45440,59028,62472,13071
182,9.417,58438,44625,60113,62187,13813
183,9.469,56769,45812,61315,62120,10957
184,9.521,56593,45501,59613,61700,11092
185,9.572,67389,46628,60070,62976,20761
186,9.624,73002,45550,60506,61451,27452
187,9.676,66133,47066,58210,61117,19067
188,9.727,72621,47535,60926,62490,25086
189,9.779,68319,44631,57445,61427,23688
190,9.831,63918,45483,60613,61798,18435
191,9.883,67321,45106,58818,62976,22215
192,9.934,80387,44746,59007,61032,35641
193,9.986,76937,45781,60331,61591,31156
194,10.038,86648,46908,59893,63244,39740
195,10.09,71783,45891,59024,62466,25892
196,10.141,60987,45434,58347,63086,15553
197,10.193,74584,44156,57932,64131,30428
198,10.245,83289,44795,60731,61974,38494
199,10.297,81608,43589,60967,61919,38019
200,10.348,74305,45440,59460,62970,28865
201,10.4,62843,43516,60490,61943,19327
202,10.452,65379,43425,58821,61950,21954
203,10.504,62569,43547,58151,61798,19022
204,10.555,68056,44722,59104,62484,23334
205,10.607,70590,44308,57273,62223,26282
206,10.659,70678,44710,61971,61542,25968
207,10.711,78204,43876,60946,62697,34328
208,10.762,87331,43669,59003,62472,43662
209,10.814,83796,42761,58369,62369,41035
210,10.866,92019,42530,56850,61749,49489
211,10.918,76424,42512,59668,62144,33912
212,10.969,78122,42475,59891,62788,35647
213,11.021,74246,42439,59049,62387,31807
214,11.073,80540,43236,57289,62363,37304
215,11.125,68110,42067,59857,62733,26043
216,11.176,68862,42841,58434,62539,26021
217,11.228,64789,45063,59502,61755,19726
218,11.28,81581,44314,59281,62326,37267
219,11.331,83458,44825,59332,62442,38633
220,11.383,72425,44844,60153,63019,27581
221,11.435,69807,43632,60662,62624,26175
222,11.487,66167,42767,57213,61567,23400
223,11.538,61146,43711,58226,62332,17435
224,11.59,64680,42360,58233,62849,22320
225,11.642,60857,42475,58664,63250,18382
226,11.694,72647,43054,57505,62843,29593
227,11.745,85552,43425,58248,62114,42127
228,11.797,69570,43553,61130,63244,26017
229,11.849,61805,42725,60496,62041,19080
230,11.901,70015,43839,59605,62509,26176
231,11.952,63775,42908,56606,62648,20867
232,12.004,71177,43900,59063,62843,27277
233,12.056,70795,43194,57720,61561,27601
234,12.108,62142,43620,55660,63104,18522
235,12.159,64788,42755,60142,62266,22033
236,12.211,67338,42286,57306,62436,25052
237,12.263,70095,42634,60003,62697,27461
238,12.315,78327,42335,59721,62679,35992
239,12.366,72971,42767,59377,62223,30204
240,12.418,84217,41087,59171,63049,43130
241,12.47,92069,39583,57860,63274,52486
242,12.522,78626,40917,59461,62618,37709
243,12.573,64931,41751,59653,62873,23180
244,12.625,65165,41921,60405,62812,23244
245,12.677,82819,41781,60753,63128,41038
246,12.729,75693,43510,59954,62660,32183
247,12.78,70692,42232,60975,62982,28460
248,12.832,57849,42439,57987,62581,15410
249,12.884,65577,42384,60260,62648,23193
250,12.935,70729,41605,59535,62405,29124
251,12.987,66772,41568,60148,62174,25204
252,13.039,64067,41324,58619,61591,22743
253,13.091,66423,40107,58830,62727,26316
254,13.142,69020,41178,57641,62976,27842
255,13.194,58053,41958,57651,62065,16095
256,13.246,67335,40034,57391,63080,27301
257,13.298,57666,39413,60382,63080,18253
258,13.349,71865,39565,59121,62187,32300
259,13.401,65808,40734,58071,62284,25074
260,13.453,76263,40515,57869,62332,35748
261,13.505,73084,40977,59240,61846,32107
262,13.556,90333,40831,57570,62022,49502
263,13.608,94053,40837,59476,62484,53216
264,13.66,101362,42055,61258,62229,59307
265,13.712,96037,41939,60256,61676,54098
266,13.763,74567,39961,59091,62557,34606
267,13.815,66689,41538,58617,62417,25151
268,13.867,73230,42146,63167,62776,31084
269,13.919,86724,42256,58057,62211,44468
270,13.97,89902,40953,57300,62916,48949
271,14.022,89913,41477,60163,61852,48436
272,14.074,75886,41544,58362,62229,34342
273,14.126,72719,42615,59157,62533,30104
274,14.177,73270,43547,56579,62029,29723
275,14.229,97516,41391,58143,62205,56125
276,14.281,80165,40350,58825,62047,39815
277,14.333,81542,40009,58533,63450,41533
278,14.384,61496,39967,60039,62065,21529
279,14.436,61450,41008,57595,61937,20442
280,14.488,60265,40813,58391,61950,19452
281,14.54,60696,39279,57815,62259,21417
282,14.591,62864,39601,59340,61682,23263
283,14.643,68512,40070,58434,62065,28442
284,14.695,63787,38554,60319,62843,25233
285,14.746,68579,39735,61809,62776,28844
286,14.798,66611,39467,60266,62035,27144
287,14.85,63558,40277,59358,61719,23281
288,14.902,61083,41203,57843,62417,19880
289,14.953,57535,40216,58335,62581,17319
290,15.005,73661,39242,62567,61585,34419
291,15.057,75411,39151,59626,62253,36260
292,15.109,62582,39382,58721,61129,23200
293,15.16,75702,41227,59982,62344,34475
294,15.212,73602,41818,58992,62557,31784
295,15.264,81618,41477,61975,62563,40141
296,15.316,75217,41592,60689,62411,33625
297,15.367,77697,39906,58140,61755,37791
298,15.419,92368,39656,57224,63213,52712
299,15.471,88682,40874,58784,62818,47808
300,15.523,81635,40892,62139,63019,40743
301,15.574,89643,40716,61758,63061,48927
302,15.626,100374,40728,59463,62460,59646
303,15.678,78561,39181,59660,62108,39380
304,15.73,79541,40880,61288,61998,38661
305,15.781,81616,41391,58995,62782,40225
306,15.833,63337,40983,57958,62527,22354
307,15.885,64454,39218,59216,62344,25236
308,15.937,62375,39540,60305,63092,22835
309,15.988,59864,41464,58882,62515,18400
310,16.04,57857,42159,59666,62630,15698
311,16.092,56649,41136,60531,62083,15513
312,16.144,60196,39717,60092,62259,20479
313,16.195,66417,39735,58069,62266,26682
314,16.247,68858,39321,61139,62235,29537
315,16.299,59514,38639,61364,62095,20875
316,16.35,56389,38414,59020,62891,17975
317,16.402,63667,39346,58877,62381,24321
318,16.454,53721,40003,60061,63456,13718
319,16.506,59931,39522,61320,62624,20409
320,16.557,78045,39492,60848,62296,38553
321,16.609,75346,40113,59702,62843,35233
322,16.661,72213,38706,59323,63256,33507
323,16.713,67016,38749,59733,62272,28267
324,16.764,72308,38524,60841,63365,33784
325,16.816,70780,40411,59177,62916,30369
326,16.868,74383,38980,60086,63031,35403
327,16.92,65537,39193,58848,62521,26344
328,16.971,58888,38834,59554,63122,20054
329,17.023,50580,38524,59688,63936,12056
330,17.075,54929,39169,58054,62618,15760
331,17.127,58903,38664,59686,62654,20239
332,17.178,56747,38451,58608,62588,18296
333,17.23,68459,38986,59370,62818,29473
334,17.282,63498,38158,59901,63414,25340
335,17.334,56033,40356,58546,62357,15677
336,17.385,48370,38816,59257,62843,9554
337,17.437,46121,38006,59888,62108,8115
338,17.489,50486,37903,60190,62600,12583
339,17.541,48456,37513,59913,62575,10943
340,17.592,52366,38037,61048,62691,14329
341,17.644,57422,41057,59312,62922,16365
342,17.696,50965,37580,57912,62144,13385
343,17.748,64086,36618,59051,63207,27468
344,17.799,69569,37184,58712,62399,32385
345,17.851,70733,36642,59442,63456,34091
346,17.903,41178,36715,59722,62964,4463
347,17.954,35716,36892,57719,63298,-1176
348,18.006,43965,36941,60183,63365,7024
349,18.058,44056,37817,61469,62715,6239
350,18.11,46636,38170,60754,62496,8466
351,18.161,41393,38444,57576,63347,2949
352,18.213,52767,37963,58546,62423,14804
353,18.265,53426,38219,59083,61342,15207
354,18.317,44611,37068,56627,63620,7543
355,18.368,41931,37665,57527,62095,4266
356,18.42,37842,38335,60538,62472,-493
357,18.472,35995,36624,60254,63596,-629
358,18.524,38769,37409,56269,62691,1360
359,18.575,38898,36922,58272,62472,1976
360,18.627,41967,38371,60138,62679,3596
361,18.679,54399,37574,58040,63390,16825
362,18.731,56699,36965,60510,63383,19734
363,18.782,50106,37495,59530,62800,12611
364,18.834,65331,37665,62163,63402,27666
365,18.886,60964,36210,60817,63657,24754
366,18.938,61353,36880,58532,62472,24473
367,18.989,52010,37215,58678,61931,14795
368,19.041,59436,37714,60887,62782,21722
369,19.093,59968,37434,55264,62873,22534
370,19.145,57422,38219,59971,62818,19203
371,19.196,55384,38268,57653,63329,17116
372,19.248,72329,39212,60619,63153,33117
373,19.3,53257,38371,62520,62430,14886
374,19.352,51670,38457,62449,63049,13213
375,19.403,57182,38116,63166,62995,19066
376,19.455,62102,36947,61423,63061,25155
377,19.507,69790,37312,60087,64046,32478
378,19.558,61915,37495,60295,63882,24420
379,19.61,59687,38359,58513,63049,21328
380,19.662,56360,38591,60226,63487,17769
381,19.714,47287,37306,60733,63450,9981
382,19.765,46654,36575,59419,62697,10079
383,19.817,57916,37148,60121,62940,20768
384,19.869,35894,35899,60423,63396,-5
385,19.921,41413,36746,59325,62897,4667
386,19.972,40903,37196,59221,63396,3707
387,20.024,40056,36423,61983,61883,3633
388,20.076,41703,36898,59982,62958,4805
389,20.128,53641,36295,59770,63499,17346
390,20.179,49481,37166,62778,62910,12315
391,20.231,42254,36423,60122,63827,5831
392,20.283,47245,36971,60663,63292,10274
393,20.335,56827,36892,62568,62168,19935
394,20.386,49000,37817,59917,64028,11183
395,20.438,47088,37068,63089,63517,10020
396,20.49,54135,36837,62006,63444,17298
397,20.542,59565,35735,60281,63572,23830
398,20.593,61210,35388,61090,63037,25822
399,20.645,66233,37196,60046,63183,29037
400,20.697,63945,36703,60007,62563,27242
401,20.749,65820,36703,60469,63298,29117
402,20.8,60859,36648,59525,62940,24211
403,20.852,47421,36794,59058,62612,10627
404,20.904,55867,36758,60545,62958,19109
405,20.956,47861,36100,62082,63025,11761
406,21.007,51465,36393,61754,63967,15072
407,21.059,48707,36648,60268,62934,12059
408,21.111,48679,36679,62125,63219,12000
409,21.162,55786,37927,60993,63341,17859
410,21.214,55465,36575,61734,63967,18890
411,21.266,58131,36788,60445,63718,21343
412,21.318,66878,36417,62049,62982,30461
413,21.369,63364,36819,61304,63499,26545
414,21.421,51609,37294,60536,63614,14315
415,21.473,48629,36947,60676,63845,11682
416,21.525,49317,37300,58527,62648,12017
417,21.576,70523,38006,57601,63195,32517
418,21.628,72738,37787,59463,63523,34951
419,21.68,56225,36727,62996,63876,19498
420,21.732,51681,35991,58337,62156,15690
421,21.783,47079,35638,60048,62478,11441
422,21.835,42911,35686,59510,63274,7225
423,21.887,43506,36058,60852,62879,7448
424,21.939,47497,36356,60883,63280,11141
425,21.99,41931,35144,59772,64337,6787
426,22.042,44285,35619,59549,64465,8666
427,22.094,47795,36283,60334,63189,11512
428,22.146,55167,35546,58140,63444,19621
429,22.197,53082,34061,60690,64028,19021
430,22.249,44791,33543,60579,62916,11248
431,22.301,45591,32751,59796,62302,12840
432,22.353,53234,34231,58425,62818,19003
433,22.404,51707,34578,59250,62928,17129
434,22.456,49279,33348,59603,63329,15931
435,22.508,60361,33823,61325,63778,26538
436,22.56,54045,34018,61101,63839,20027
437,22.611,52112,35205,61651,63432,16907
438,22.663,53274,34389,59449,63906,18885
439,22.715,42285,33683,60019,63687,8602
440,22.766,46832,34042,60557,63888,12790
441,22.818,41788,34158,60373,63353,7630
442,22.87,56430,33835,59706,64495,22595
443,22.922,48581,33732,60698,62746,14849
444,22.973,46990,34261,59125,62946,12729
445,23.025,48238,34901,60696,63450,13337
446,23.077,41282,34919,57531,63791,6363
447,23.129,40164,34000,61982,63256,6164
448,23.18,46665,34828,60055,62746,11837
449,23.232,37068,34621,59417,63110,2447
450,23.284,42017,34962,58419,62922,7055
451,23.336,37204,34042,60894,63487,3162
452,23.387,40882,33488,60071,62794,7394
453,23.439,45567,34676,60528,63201,10891
454,23.491,51974,35309,59556,63633,16665
455,23.543,51722,34657,60448,63268,17065
456,23.594,54667,34548,58957,63529,20119
457,23.646,61839,34615,59264,63238,27224
458,23.698,53483,34937,61639,63578,18546
459,23.75,56971,35412,59187,63037,21559
460,23.801,56846,34469,61014,63171,22377
461,23.853,42234,33232,62292,63651,9002
462,23.905,42809,34335,61436,64125,8474
463,23.957,47412,35077,61571,63116,12335
464,24.008,43069,34730,60229,63274,8339
465,24.06,51545,34992,60263,62539,16553
466,24.112,52314,35771,60088,63195,16543
467,24.164,47193,35382,59797,63068,11811
468,24.215,47534,34475,60795,62770,13059
469,24.267,54352,35455,58371,63681,18897
470,24.319,58402,35808,60691,63839,22594
471,24.37,55288,36581,61311,63924,18707
472,24.422,44906,36880,58994,63675,8026
473,24.474,44808,35644,62110,63207,9164
474,24.526,45213,36429,59223,64410,8784
475,24.577,51023,35601,60794,63651,15422
476,24.629,50698,34542,64215,64489,16156
477,24.681,54471,35029,57380,63013,19442
478,24.733,50147,33622,58947,63815,16525
479,24.784,45499,34164,59775,63699,11335
480,24.836,45406,33921,62390,64477,11485
481,24.888,53249,33677,58430,63262,19572
482,24.94,60069,33525,57253,62673,26544
483,24.991,67017,34633,58168,63134,32384
484,25.043,56108,34755,60344,64015,21353
485,25.095,56050,34316,57533,63250,21734
486,25.147,60810,33981,60403,62721,26829
487,25.198,67047,33299,58517,63068,33748
488,25.25,60094,33062,61829,64082,27032
489,25.302,52487,34012,59906,63778,18475
490,25.354,53878,34237,60441,63165,19641
491,25.405,48335,34316,59297,63408,14019
492,25.457,46405,35114,60276,64386,11291
493,25.509,46346,34913,59729,64058,11433
494,25.561,44023,33890,60857,63207,10133
495,25.612,45302,33622,61080,63888,11680
496,25.664,36199,33263,60643,62922,2936
497,25.716,40696,32800,62205,63906,7896
498,25.768,43381,33543,60035,63511,9838
499,25.819,39549,33421,60789,63043,6128
500,25.871,37413,32745,61915,62101,4668
501,25.923,39254,32618,60945,63390,6636
502,25.974,44895,33239,58258,63201,11656
503,26.026,48615,32648,60563,63122,15967
504,26.078,50048,34280,59486,63153,15768
505,26.13,51790,33768,58762,63578,18022
506,26.181,49547,32946,59777,63882,16601
507,26.233,44261,33847,61964,64222,10414
508,26.285,44834,33348,61059,63140,11486
509,26.337,44741,32946,57818,63529,11795
510,26.388,42675,32733,59013,63128,9942
511,26.44,43210,33226,59377,63900,9984
512,26.492,45626,32825,60794,64325,12801
513,26.544,48624,33001,58541,62417,15623
514,26.595,39062,31783,57760,63371,7279
515,26.647,40073,31662,60107,63627,8411
516,26.699,37703,33038,56233,63979,4665
517,26.751,45851,33141,59553,62897,12710
518,26.802,36855,32806,59970,63469,4049
519,26.854,36633,33019,62578,63730,3614
520,26.906,40172,31820,59488,63262,8352
521,26.958,40251,32179,58962,64386,8072
522,27.009,41983,31448,59498,63317,10535
523,27.061,45380,33001,61591,64884,12379
524,27.113,50526,33421,61951,63469,17105
525,27.165,43935,33032,58502,64040,10903
526,27.216,44329,33464,61130,63870,10865
527,27.268,46412,33166,61756,64617,13246
528,27.32,64940,32904,59987,64228,32036
529,27.372,71341,34140,61068,64216,37201
530,27.423,52574,33537,59292,63766,19037
531,27.475,65774,33007,57662,63365,32767
532,27.527,59004,33099,59753,63633,25905
533,27.578,64472,33884,58233,63894,30588
534,27.63,64605,33921,60404,64453,30684
535,27.682,51290,33793,62806,63560,17497
536,27.734,58923,34347,61521,63681,24576
537,27.785,49585,34054,60128,64040,15531
538,27.837,49137,33263,61020,63207,15874
539,27.889,47191,33695,58599,63323,13496
540,27.941,58697,34237,59198,63159,24460
541,27.992,51212,34444,62579,63681,16768
542,28.044,46817,34456,61525,63560,12361
543,28.096,50687,32946,58172,64149,17741
544,28.148,54866,33220,62128,64459,21646
545,28.199,64325,33293,59309,63298,31032
546,28.251,61274,32222,61289,63347,29052
547,28.303,45593,33318,60244,64763,12275
548,28.355,40698,33354,60460,64380,7344
549,28.406,46574,32459,60333,64015,14115
550,28.458,49648,31686,61600,64459,17962
551,28.51,56185,31473,61281,64799,24712
552,28.562,61497,32270,62247,64100,29227
553,28.613,62483,31363,59655,63997,31120
554,28.665,48882,30346,62590,64508,18536
555,28.717,47735,31509,60631,63274,16226
556,28.769,47938,32392,60294,63280,15546
557,28.82,40870,33019,60657,65243,7851
558,28.872,52207,32039,60578,63602,20168
559,28.924,65494,31954,60791,64301,33540
560,28.976,79973,32362,60631,63608,47611
561,29.027,81216,32009,62104,63511,49207
562,29.079,60000,31424,63662,64568,28576
563,29.131,72724,31869,60590,64726,40855
564,29.182,76853,33799,62165,65066,43054
565,29.234,63749,33135,59491,63839,30614
566,29.286,66897,33257,62146,64094,33640
567,29.338,59233,34085,62168,63991,25148
568,29.389,41181,31905,60603,63942,9276
569,29.441,42894,33141,61320,64635,9753
570,29.493,41645,32203,61894,65042,9442
571,29.545,41331,31674,62338,64678,9657
572,29.596,38486,31101,60717,64192,7385
573,29.648,32123,31497,56850,64447,626
574,29.7,34716,31576,61470,64167,3140
575,29.752,36287,31467,63001,63238,4820
576,29.803,41247,31619,60232,64963,9628
577,29.855,37735,31607,61492,64586,6128
578,29.907,35430,31497,59684,64185,3933
579,29.959,38252,30620,59908,64915,7632
580,30.01,34092,31193,58983,64593,2899
581,30.062,44668,32246,60668,64258,12422
582,30.114,52319,30712,62031,63857,21607
583,30.166,48964,30432,59656,64605,18532
584,30.217,51916,31235,60989,64732,20681
585,30.269,59607,31022,62056,64046,28585
586,30.321,51632,30426,61209,65060,21206
587,30.373,50764,29914,61266,65139,20850
588,30.424,48447,29591,62371,64975,18856
589,30.476,43553,29878,61756,64708,13675
590,30.528,51319,30048,61229,64902,21271
591,30.58,42370,30645,62446,64185,11725
592,30.631,41685,30225,62366,64678,11460
593,30.683,54371,30840,58446,64483,23531
594,30.735,66519,31144,59558,64343,35375
595,30.786,57394,30955,63485,64769,26439
596,30.838,37681,29573,63056,65297,8108
597,30.89,36119,30176,62102,65115,5943
598,30.942,35365,29829,63559,65133,5536
599,30.993,40445,30413,62334,64945,10032
600,31.045,31595,30480,63320,64441,1115
601,31.097,37658,29987,60871,64040,7671
602,31.149,37093,29537,61905,65012,7556
603,31.2,31848,29092,63068,64672,2756
604,31.252,28936,29080,61218,65194,-144
605,31.304,31924,28246,63875,65212,3678
606,31.356,29062,29762,62051,65231,-700
607,31.407,28947,30042,61462,64696,-1095
608,31.459,28082,31461,62715,64034,-3379
609,31.511,28661,31272,60865,64593,-2611
610,31.563,31747,29859,61040,64830,1888
611,31.614,32919,28203,62272,65449,4716
612,31.666,33084,29074,60983,64927,4010
613,31.718,46320,29671,61505,64817,16649
614,31.77,49984,29652,60933,64647,20332
615,31.821,58625,30480,61642,65133,28145
616,31.873,62032,29762,62002,64258,32270
617,31.925,53076,28392,62468,65091,24684
618,31.977,29616,28483,63714,65042,1133
619,32.028,25552,28294,63294,64422,-2742
620,32.08,25906,28617,64253,64258,-2711
621,32.132,27663,29457,63119,64823,-1794
622,32.184,29966,28550,61224,64799,1416
623,32.235,28134,29951,62211,65224,-1817
624,32.287,31681,30834,62252,65073,847
625,32.339,31126,29951,62436,64398,1175
626,32.39,29916,30328,62263,64969,-412
627,32.442,30524,30261,61576,64878,263
628,32.494,36577,30243,62750,64611,6334
629,32.546,26982,29451,61000,65413,-2469
630,32.597,41695,31034,61592,64872,10661
631,32.649,43063,29622,63160,64945,13441
632,32.701,48624,29591,65113,64672,19033
633,32.753,38989,29177,60812,66288,9812
634,32.804,48854,29543,63387,64617,19311
635,32.856,50264,28191,62535,64653,22073
636,32.908,53956,28769,63662,64665,25187
637,32.96,45834,28806,58518,65200,17028
638,33.011,42791,28167,59886,65941,14624
639,33.063,36931,28142,60765,65006,8789
640,33.115,34616,27332,64424,64690,7284
641,33.167,58533,29415,62147,64532,29118
642,33.218,43306,30097,62614,65066,13209
643,33.27,46320,28855,61893,65765,17465
644,33.322,40921,28313,63357,63754,12608
645,33.374,46952,28623,65416,65717,18329
646,33.425,33062,28465,63456,64665,4597
647,33.477,28463,27978,61706,65030,485
648,33.529,29514,28477,63851,65480,1037
649,33.581,29418,29390,62546,65692,28
650,33.632,31481,29153,61358,64957,2328
651,33.684,31650,28355,62648,65437,3295
652,33.736,30589,28331,63293,65711,2258
653,33.788,36115,29500,61540,65577,6615
654,33.839,37526,29147,63687,65729,8379
655,33.891,30603,29330,64117,65516,1273
656,33.943,34813,28386,63139,64994,6427
657,33.994,40907,28404,62684,65923,12503
658,34.046,35783,29013,61538,65589,6770
659,34.098,35944,27905,61494,66105,8039
660,34.15,34610,27972,63726,65504,6638
661,34.201,33174,28087,62938,65528,5087
662,34.253,37546,28508,63177,66707,9038
663,34.305,37007,28361,63582,65352,8646
664,34.357,28461,28209,63514,65352,252
665,34.408,26089,27771,63171,65297,-1682
666,34.46,30337,28209,65039,65704,2128
667,34.512,27687,28185,64082,66677,-498
668,34.564,28820,28228,63866,64410,592
669,34.615,27225,28008,64561,65461,-783
670,34.667,26546,27740,62094,65972,-1194
671,34.719,30155,27399,62893,65650,2756
672,34.771,34001,28483,63680,65492,5518
673,34.822,27083,27996,63662,64751,-913
674,34.874,28597,27789,62297,65899,808
675,34.926,35371,28008,60757,66701,7363
676,34.978,28030,27813,63777,65097,217
677,35.029,30687,27539,61336,65753,3148
678,35.081,34212,28556,63130,64635,5656
679,35.133,26318,28221,62622,64489,-1903
680,35.185,27242,28167,62923,65540,-925
681,35.236,31284,27174,62572,65783,4110
682,35.288,40963,28374,63258,65947,12589
683,35.34,40772,27783,63530,66355,12989
684,35.392,36710,27783,62442,66197,8927
685,35.443,42795,28355,62329,65826,14440
686,35.495,30259,28532,64860,65777,1727
687,35.547,33077,27710,62877,65984,5367
688,35.598,38824,27625,64949,65571,11199
689,35.65,31127,27905,63073,65546,3222
690,35.702,27311,27704,62312,65893,-393
691,35.754,33042,27241,62820,65504,5801
692,35.805,33751,28081,65072,66312,5670
693,35.857,31118,27125,65801,65862,3993
694,35.909,29345,27399,62774,64927,1946
695,35.961,37245,28081,64779,66063,9164
696,36.012,35884,27363,65231,65164,8521
697,36.064,41459,26559,63976,65814,14900
698,36.116,30043,26882,64318,65808,3161
699,36.168,31143,27576,63307,65619,3567
700,36.219,43578,27442,64114,64629,16136
701,36.271,28822,28477,63103,65589,345
702,36.323,26688,28642,64688,65486,-1954
703,36.375,27587,28288,65919,65455,-701
704,36.426,26549,27162,61985,65486,-613
705,36.478,25831,28075,62581,65553,-2244
706,36.53,27248,29488,65381,65887,-2240
707,36.582,28385,28642,65071,65613,-257
708,36.633,36909,29086,64702,64909,7823
709,36.685,28571,27393,64724,64975,1178
710,36.737,33577,27728,66347,65802,5849
711,36.789,33724,28355,64515,66470,5369
712,36.84,30599,29275,65602,65231,1324
713,36.892,35746,28234,63876,66069,7512
714,36.944,40141,28051,63058,65012,12090
715,36.996,42370,28106,63259,65060,14264
716,37.047,39411,27990,64446,65480,11421
717,37.099,34833,28008,66272,66075,6825
718,37.151,33451,27107,66155,64830,6344
719,37.202,38627,27996,66582,66002,10631
720,37.254,34294,27880,65150,65352,6414
721,37.306,37065,28179,67220,65583,8886
722,37.358,35363,28307,63717,65717,7056
723,37.409,29796,28130,65150,66415,1666
724,37.461,30878,28587,64186,64781,2291
725,37.513,34524,28489,64096,64672,6035
726,37.565,32751,27351,62709,65139,5400
727,37.616,31019,27387,64686,65158,3632
728,37.668,30067,27058,64342,66245,3009
729,37.72,30806,26669,63953,64362,4137
730,37.772,36361,27887,63307,65273,8474
731,37.823,40721,27954,64851,64307,12767
732,37.875,31376,27253,63485,65838,4123
733,37.927,34653,27351,62817,65875,7302
734,37.979,29023,27387,65283,64872,1636
735,38.03,31881,27430,62098,65200,4451
736,38.082,30712,27199,61101,65212,3513
737,38.134,27751,27113,63652,66239,638
738,38.186,28878,26925,66107,65595,1953
739,38.237,33462,28733,66156,66166,4729
740,38.289,37615,28361,65049,64672,9254
741,38.341,34483,29214,65243,65589,5269
742,38.393,35439,29165,66622,66938,6274
743,38.444,37192,28715,65259,65079,8477
744,38.496,43240,29074,63977,65753,14166
745,38.548,40166,28611,64260,65947,11555
746,38.6,43289,28161,61657,65905,15128
747,38.651,42381,28100,63827,66695,14281
748,38.703,38916,27954,64326,65601,10962
749,38.755,33213,27594,62849,65467,5619
750,38.806,31192,26906,64841,66221,4286
751,38.858,32339,26973,63935,66081,5366
752,38.91,34896,27010,66515,65419,7886
753,38.962,27781,26778,62542,65376,1003
754,39.013,31887,27296,63535,65899,4591
755,39.065,35765,27850,65614,65850,7915
756,39.117,43211,28922,63444,66543,14289
757,39.169,37065,28660,65544,66257,8405
758,39.22,38254,29451,63420,66251,8803
759,39.272,32896,29299,62216,66494,3597
760,39.324,37539,28940,63117,65534,8599
761,39.376,30365,27905,64984,66081,2460
762,39.427,29958,27826,64489,65474,2132
763,39.479,31180,27144,62815,64921,4036
764,39.531,31716,27625,62846,65285,4091
765,39.583,35742,27332,61811,66579,8410
766,39.634,31657,29147,64925,66506,2510
767,39.686,36442,28258,65969,65504,8184
768,39.738,58054,27223,60729,66634,30831
769,39.79,38627,27393,63253,66750,11234
770,39.841,40574,27320,62731,67102,13254
771,39.893,39968,27667,66122,66683,12301
772,39.945,38803,27491,64758,66695,11312
773,39.997,34297,28185,63728,65431,6112
774,40.048,30927,28021,63349,66677,2906
775,40.1,31443,28313,65613,66537,3130
776,40.152,27259,27911,62269,64878,-652
777,40.204,26664,27052,62073,66063,-388
778,40.255,25964,27150,64620,66452,-1186
779,40.307,28904,27345,63701,66713,1559
780,40.359,25350,27235,63622,66828,-1885
781,40.41,27398,27978,65618,66251,-580
782,40.462,37064,26760,63465,65583,10304
783,40.514,40689,27899,62627,66014,12790
784,40.566,48191,26711,65198,67600,21480
785,40.617,47779,26766,62865,65504,21013
786,40.669,44402,26766,64430,66379,17636
787,40.721,41063,26760,62234,65917,14303
788,40.773,30652,26979,64529,65358,3673
789,40.824,29722,27954,62911,67047,1768
790,40.876,33848,27040,64964,67242,6808
791,40.928,38397,27393,63443,66640,11004
792,40.98,37593,28410,61796,66592,9183
793,41.031,37514,28264,64091,65200,9250
794,41.083,38575,28106,62706,65656,10469
795,41.135,37370,27899,62597,66537,9471
796,41.187,36664,27643,64824,66142,9021
797,41.238,31475,26803,63351,65996,4672
798,41.29,38455,28124,61849,65267,10331
799,41.342,43233,27832,63438,67479,15401
800,41.394,50013,28100,62946,66640,21913
801,41.445,52838,27692,65199,66592,25146
802,41.497,43971,27302,62994,66270,16669
803,41.549,39859,28191,63973,66391,11668
804,41.601,34515,27850,63418,66178,6665
805,41.652,48683,27722,61377,66871,20961
806,41.704,46610,27265,63564,66792,19345
807,41.756,39537,27369,65288,66324,12168
808,41.808,46957,26979,64504,66980,19978
809,41.859,44486,28562,63485,66203,15924
810,41.911,43337,28051,64126,66701,15286
811,41.963,37225,28051,63803,67211,9174
812,42.015,30445,26571,62912,67035,3874
813,42.066,39304,26383,63051,67120,12921
814,42.118,42564,26760,64674,66330,15804
815,42.17,35735,26937,64386,66701,8798
816,42.221,38304,27570,64059,67035,10734
817,42.273,34673,27996,64890,66750,6677
818,42.325,36306,29074,62158,66731,7232
819,42.377,42365,27661,65310,66962,14704
820,42.428,47496,27253,66120,67302,20243
821,42.48,44420,26559,63590,66427,17861
822,42.532,35543,26383,66989,66604,9160
823,42.584,28299,27253,65663,67697,1046
824,42.635,28527,28459,63737,66567,68
825,42.687,29358,27345,64918,66446,2013
826,42.739,32532,26553,63052,66743,5979
827,42.791,27375,27625,63131,66227,-250
828,42.842,34416,26480,64742,65079,7936
829,42.894,33682,26419,63122,66877,7263
830,42.946,37071,26060,64998,66197,11011
831,42.998,29824,25506,62339,65443,4318
832,43.049,30674,26638,65786,65698,4036
833,43.101,30644,26809,64164,66877,3835
834,43.153,33408,27156,63061,67181,6252
835,43.205,26514,27272,62825,65607,-758
836,43.256,28853,27546,62566,66914,1307
837,43.308,27198,26925,67062,66312,273
838,43.36,27371,27113,63197,66573,258
839,43.412,30907,27424,63100,66440,3483
840,43.463,27506,27046,63799,66804,460
841,43.515,28150,26590,66348,66421,1560
842,43.567,24344,26590,64913,66677,-2246
843,43.619,28235,26145,63295,67053,2090
844,43.67,31769,26206,63224,66191,5563
845,43.722,50049,27058,62556,66871,22991
846,43.774,44440,27466,65316,66421,16974
847,43.825,29451,27058,62164,67248,2393
848,43.877,25252,25950,63564,67363,-698
849,43.929,26798,25555,62603,67047,1243
850,43.981,29775,26066,65319,65856,3709
851,44.032,30714,26011,63694,66999,4703
852,44.084,27309,25999,61308,66756,1310
853,44.136,25748,25883,63641,66743,-135
854,44.188,24290,26078,64337,66640,-1788
855,44.239,30254,26864,65642,66664,3390
856,44.291,32485,26827,65254,66841,5658
857,44.343,37054,27460,63215,66810,9594
858,44.395,25422,26206,65544,66671,-784
859,44.446,26418,26303,64508,66087,115
860,44.498,28307,25640,62373,67734,2667
861,44.55,37076,25871,64044,66014,11205
862,44.602,27510,25445,63841,66640,2065
863,44.653,27921,25086,65072,66980,2835
864,44.705,28165,25962,62127,66810,2203
865,44.757,26665,25914,62649,66853,751
866,44.809,32963,25749,62780,66458,7214
867,44.86,42036,26547,63389,66628,15489
868,44.912,32461,26224,63356,66683,6237
869,44.964,34288,25439,61473,67023,8849
870,45.016,31776,27296,64080,66573,4480
871,45.067,26306,26778,64279,66251,-472
872,45.119,23841,27077,63174,67302,-3236
873,45.171,29907,26882,63868,67758,3025
874,45.223,31270,27893,61893,67199,3377
875,45.274,34668,27454,62022,66774,7214
876,45.326,45932,28027,62262,66914,17905
877,45.378,34757,26736,62748,66804,8021
878,45.429,32526,25463,62719,66543,7063
879,45.481,33684,26054,63155,67053,7630
880,45.533,33139,25469,61436,65595,7670
881,45.585,35155,25792,61633,66877,9363
882,45.636,47561,26845,61619,66397,20716
883,45.688,44847,27107,63350,66822,17740
884,45.74,35292,26943,63742,66464,8349
885,45.792,43992,28319,62787,66737,15673
886,45.843,42077,29062,62322,66379,13015
887,45.895,39237,28343,63878,66215,10894
888,45.947,38469,27856,61970,66986,10613
889,45.999,37907,27278,60639,67053,10629
890,46.05,28666,25920,64456,67333,2746
891,46.102,32811,25920,63797,66786,6891
892,46.154,27771,26224,63485,66877,1547
893,46.206,37888,26182,65233,65856,11706
894,46.257,36219,27162,63556,65644,9057
895,46.309,38135,26797,64806,67485,11338
896,46.361,30853,26358,64991,66743,4495
897,46.413,28135,26066,63441,66567,2069
898,46.464,28678,25518,67507,66239,3160
899,46.516,28904,26212,63022,67406,2692
900,46.568,25764,25975,61745,67436,-211
901,46.62,32881,26797,65311,66980,6084
902,46.671,31748,26042,63361,66488,5706
903,46.723,31789,26474,64658,67223,5315
904,46.775,36942,27393,65097,66968,9549
905,46.827,31491,26705,62778,67570,4786
906,46.878,33152,26279,62287,66750,6873
907,46.93,46646,26358,65120,66427,20288
908,46.982,47251,26395,62458,66318,20856
909,47.033,47482,25877,63359,66555,21605
910,47.085,54343,25652,63573,66440,28691
911,47.137,49391,25719,62987,65632,23672
912,47.189,46605,25074,63101,67023,21531
913,47.24,31188,25488,63146,66130,5700
914,47.292,30005,25585,65422,67290,4420
915,47.344,29079,25427,62119,66099,3652
916,47.396,31756,25676,63597,67260,6080
917,47.447,33238,26103,63359,67163,7135
918,47.499,29045,25737,63450,66956,3308
919,47.551,31205,25311,63500,66227,5894
920,47.603,27520,25323,62909,67017,2197
921,47.654,30584,24952,63927,67199,5632
922,47.706,28036,24891,64766,67430,3145
923,47.758,32319,25311,65468,66616,7008
924,47.81,28319,25348,61968,66762,2971
925,47.861,26125,25281,62618,66434,844
926,47.913,34381,25664,63178,66112,8717
927,47.965,33329,26011,63446,66585,7318
928,48.017,42719,25159,61619,66482,17560
929,48.068,41532,26005,62378,66154,15527
930,48.12,28115,26699,64042,66780,1416
931,48.172,24570,26492,64116,67533,-1922
932,48.224,34500,26547,64684,66519,7953
933,48.275,37112,25701,62270,67181,11411
934,48.327,30668,26267,61740,66762,4401
935,48.379,22909,25165,66819,67065,-2256
936,48.431,27708,25201,64112,66980,2507
937,48.482,36905,25433,63109,66081,11472
938,48.534,35303,26023,63843,67673,9280
939,48.586,39406,26121,64346,67035,13285
940,48.637,38446,25512,64504,67752,12934
941,48.689,49853,25993,64344,67637,23860
942,48.741,51879,26504,64860,66197,25375
943,48.793,43442,27071,64275,66257,16371
944,48.844,48376,27241,63943,67369,21135
945,48.896,51789,26657,62337,66804,25132
946,48.948,44749,26200,62212,67758,18549
947,49.0,34982,25835,62023,67011,9147
948,49.051,35021,26084,64135,67387,8937
949,49.103,31423,27125,61787,67126,4298
950,49.155,39346,27716,62857,67102,11630
951,49.207,29305,27144,63671,67576,2161
952,49.258,31809,25798,63363,66628,6011
953,49.31,40015,26163,63790,65887,13852
954,49.362,40856,25841,65504,67181,15015
955,49.414,36146,25914,63530,68354,10232
956,49.465,33658,25475,63190,67193,8183
957,49.517,27996,25786,62083,67485,2210
958,49.569,26863,26651,64361,67661,212
959,49.621,36811,26815,65619,67151,9996
960,49.672,38241,25908,62861,65917,12333
961,49.724,45101,26407,60587,65662,18694
962,49.776,47967,25841,63008,67606,22126
963,49.828,40160,27862,65339,66926,12298
964,49.879,29731,26998,63509,66877,2733
965,49.931,33897,26644,64228,66938,7253
966,49.983,38733,27150,63920,67236,11583
967,50.035,33038,26224,64888,66743,6814
968,50.086,37693,26529,62314,67527,11164
969,50.138,34864,26358,63956,67041,8506
970,50.19,35751,25877,63654,66756,9874
971,50.241,46658,25445,62632,66683,21213
972,50.293,46071,26364,61597,68196,19707
973,50.345,34638,25902,65207,67649,8736
974,50.397,28697,26096,63718,66853,2601
975,50.448,27616,25116,64273,67205,2500
976,50.5,27181,26255,66360,66895,926
977,50.552,25640,26431,64833,67181,-791
978,50.604,27752,26498,64775,65765,1254
979,50.655,33512,25944,64373,66598,7568
980,50.707,33267,26157,65523,66573,7110
981,50.759,32461,25341,65449,66713,7120
982,50.811,30093,25798,62456,66415,4295
983,50.862,31697,26584,62338,67643,5113
984,50.914,35460,26401,64219,67582,9059
985,50.966,53135,27406,63122,67430,25729
986,51.018,50477,26279,62364,66178,24198
987,51.069,41119,25396,64093,67606,15723
988,51.121,43806,24233,60873,66853,19573
989,51.173,35114,23819,65226,67169,11295
990,51.225,33645,24373,67048,67266,9272
991,51.276,24436,24532,63182,65978,-96
992,51.328,28377,24325,62963,65850,4052
993,51.38,27069,24751,63678,66695,2318
994,51.432,34610,26005,62715,65704,8605
995,51.483,33178,24940,65137,66257,8238
996,51.535,33032,24550,62331,66300,8482
997,51.587,31360,25427,64039,65893,5933
998,51.639,28109,24580,61560,66513,3529
999,51.69,33378,23752,64247,66579,9626
