frame,Time [s],CH1,BGND1,CH2,BGND2,intensity
0,0.0,7886,7786,16679,18455,100
1,0.052,9250,7702,17569,18696,1548
2,0.103,8001,7605,17611,18329,396
3,0.155,7414,7683,18240,18738,-269
4,0.207,8239,7447,18862,18575,792
5,0.259,7886,7544,17941,18293,342
6,0.31,8286,7465,18065,18383,821
7,0.362,8091,7568,17787,18569,523
8,0.414,8249,7538,19023,18407,711
9,0.466,7789,7586,17626,18629,203
10,0.517,8888,7592,18256,18563,1296
11,0.569,8014,7441,17785,18593,573
12,0.621,7609,7568,19358,18822,41
13,0.673,8391,7611,17464,18720,780
14,0.724,8149,7653,17331,18287,496
15,0.776,8360,7398,18449,18587,962
16,0.828,8200,7483,17876,18810,717
17,0.88,8205,7580,18068,18431,625
18,0.931,7473,7508,18835,18569,-35
19,0.983,8185,7538,18623,18690,647
20,1.035,8954,7696,18622,18726,1258
21,1.087,9379,7677,17787,18581,1702
22,1.138,8355,7429,18921,18726,926
23,1.19,9210,7501,17712,18780,1709
24,1.242,7731,7380,18793,18491,351
25,1.294,7994,7532,18533,18581,462
26,1.345,7746,7447,19804,18461,299
27,1.397,7563,7368,18994,18569,195
28,1.449,7885,7750,17349,19129,135
29,1.501,7767,7696,19283,18611,71
30,1.552,7963,7471,17811,18798,492
31,1.604,7740,7508,18903,18906,232
32,1.656,8479,7350,17593,18804,1129
33,1.707,8449,7580,18001,18828,869
34,1.759,8419,7562,17527,18714,857
35,1.811,8697,7380,18893,18581,1317
36,1.863,8669,7489,18219,18238,1180
37,1.914,7463,7562,17159,18780,-99
38,1.966,7773,7465,18423,18990,308
39,2.018,7682,7508,18668,18900,174
40,2.07,8654,7344,18395,18605,1310
41,2.121,7819,7410,17998,18389,409
42,2.173,9030,7441,17399,18702,1589
43,2.225,7888,7398,18612,18389,490
44,2.277,8531,7526,18508,18780,1005
45,2.328,9208,7520,16664,18208,1688
46,2.38,8541,7489,18799,18479,1052
47,2.432,7740,7417,18163,18684,323
48,2.484,8411,7720,19133,18491,691
49,2.535,8404,7665,17806,18329,739
50,2.587,7983,7483,18121,18714,500
51,2.639,8379,7465,18693,18762,914
52,2.691,8425,7471,16898,18479,954
53,2.742,7661,7471,17752,18611,190
54,2.794,8510,7241,18683,18443,1269
55,2.846,7944,7350,18110,18858,594
56,2.898,8951,7501,17940,18389,1450
57,2.949,8840,7441,18495,18918,1399
58,3.001,8253,7605,18177,18190,648
59,3.053,8574,7295,19604,18521,1279
60,3.105,8544,7332,17574,18509,1212
61,3.156,8255,7417,17988,18732,838
62,3.208,8177,7435,18049,18708,742
63,3.26,7154,7295,18082,18876,-141
64,3.311,7800,7380,17647,18551,420
65,3.363,8103,7404,18547,18744,699
66,3.415,7702,7538,17633,18437,164
67,3.467,7751,7404,19490,18539,347
68,3.518,8105,7410,16624,18503,695
69,3.57,7486,7301,17863,18419,185
70,3.622,8524,7150,18302,18509,1374
71,3.674,7890,7574,18358,18377,316
72,3.725,8241,7598,17618,18533,643
73,3.777,7751,7283,16968,18545,468
74,3.829,7796,7350,19975,18629,446
75,3.881,8106,7423,18894,19002,683
76,3.932,7640,7235,17543,18726,405
77,3.984,7677,7150,18568,18473,527
78,4.036,8065,7216,18765,18798,849
79,4.088,8073,7259,18989,18635,814
80,4.139,7354,7247,18495,18641,107
81,4.191,7536,7229,18742,18461,307
82,4.243,8149,7392,19374,18503,757
83,4.295,8116,7150,17891,18888,966
84,4.346,7782,7216,18070,18768,566
85,4.398,7751,7283,18304,18720,468
86,4.45,7423,7168,18535,18515,255
87,4.502,7382,7101,17726,18425,281
88,4.553,7266,7229,17780,18545,37
89,4.605,7885,7441,18253,18954,444
90,4.657,7647,7132,16915,18575,515
91,4.709,7944,7307,17546,18678,637
92,4.76,7553,7180,18499,18738,373
93,4.812,7349,7410,19316,19075,-61
94,4.864,8037,7326,18176,18383,711
95,4.915,7647,7350,18428,18780,297
96,4.967,7583,7198,19502,18353,385
97,5.019,8007,7465,17793,18900,542
98,5.071,7606,7447,17755,18894,159
99,5.122,8203,7447,16979,18708,756
100,5.174,8852,7550,18030,18726,1302
101,5.226,7764,7295,17405,18575,469
102,5.278,8032,7550,18218,18347,482
103,5.329,8092,7295,18121,18575,797
104,5.381,7436,7356,18842,18726,80
105,5.433,7455,7338,17543,18647,117
106,5.485,7366,7501,18920,18527,-135
107,5.536,7830,7514,17476,18936,316
108,5.588,8004,7313,18463,18515,691
109,5.64,7978,7362,18045,18864,616
110,5.692,7779,7465,18612,18840,314
111,5.743,7858,7441,19018,18515,417
112,5.795,7492,7386,17087,18858,106
113,5.847,7172,7320,17869,18659,-148
114,5.899,7835,7277,18171,18299,558
115,5.95,7989,7253,17891,18437,736
116,6.002,7312,7271,18317,18960,41
117,6.054,8661,7320,18122,18569,1341
118,6.106,8250,7259,18349,18617,991
119,6.157,7131,7374,17870,18611,-243
120,6.209,7359,7471,19914,18918,-112
121,6.261,8402,7265,17913,18720,1137
122,6.313,8241,7313,19518,18659,928
123,6.364,7344,7344,17174,18732,0
124,6.416,7693,7326,18325,19044,367
125,6.468,7887,7344,18216,18599,543
126,6.519,7866,7156,18933,18425,710
127,6.571,8010,7107,18913,18539,903
128,6.623,7766,7144,18775,18726,622
129,6.675,6979,7210,18440,18780,-231
130,6.726,7871,7156,18412,18575,715
131,6.778,7698,7132,18468,18653,566
132,6.83,7905,7125,18392,18473,780
133,6.882,7165,7071,19005,18792,94
134,6.933,7808,7168,17245,18665,640
135,6.985,7719,7235,18049,18653,484
136,7.037,7947,7150,17582,18443,797
137,7.089,7321,7101,17668,18533,220
138,7.14,6819,7277,17291,18816,-458
139,7.192,7431,7204,17749,18533,227
140,7.244,7802,7156,18462,18792,646
141,7.296,7135,7216,17677,18599,-81
142,7.347,7504,6974,18172,18750,530
143,7.399,7746,7010,18700,18852,736
144,7.451,7147,7313,17913,18371,-166
145,7.503,7610,7253,19188,18611,357
146,7.554,7606,7174,18061,18972,432
147,7.606,7568,7198,17734,18696,370
148,7.658,7953,7283,17840,18990,670
149,7.71,7417,6998,17816,18822,419
150,7.761,7339,7247,18555,18696,92
151,7.813,7794,7229,16742,18611,565
152,7.865,7123,7277,18621,18671,-154
153,7.917,7061,7259,17740,18726,-198
154,7.968,7587,7204,18514,18527,383
155,8.02,8125,7125,18395,18635,1000
156,8.072,7209,7132,18265,18665,77
157,8.123,7533,7028,17908,18443,505
158,8.175,7680,7204,17296,18623,476
159,8.227,7682,7083,19650,18888,599
160,8.279,7430,7295,18261,18684,135
161,8.33,7550,6986,18327,18690,564
162,8.382,7631,7156,19279,18605,475
163,8.434,7550,7192,18523,18611,358
164,8.486,7772,7119,17587,18539,653
165,8.537,7625,7010,18145,18804,615
166,8.589,7710,7229,18870,18611,481
167,8.641,7663,7162,16954,18930,501
168,8.693,6838,7132,19801,18684,-294
169,8.744,7780,7277,18362,18786,503
170,8.796,7908,7265,19008,18437,643
171,8.848,7732,7198,17800,18798,534
172,8.9,7785,7095,17753,18671,690
173,8.951,7628,7168,17182,18852,460
174,9.003,7570,7277,17193,18708,293
175,9.055,7818,7398,18526,18816,420
176,9.107,7627,7156,17921,18864,471
177,9.158,8059,7162,17608,18756,897
178,9.21,7360,7204,17998,18756,156
179,9.262,7319,7216,18138,18443,103
180,9.314,7871,7344,18038,18641,527
181,9.365,7917,7016,19066,18533,901
182,9.417,7507,7247,18403,18274,260
183,9.469,7632,7028,18749,18587,604
184,9.521,7794,7162,17620,19069,632
185,9.572,7759,7119,18353,18527,640
186,9.624,7668,7107,17783,18678,561
187,9.676,7476,7071,17631,18593,405
188,9.727,7234,6980,18501,18798,254
189,9.779,7013,7107,17870,18467,-94
190,9.831,7128,7065,19668,18623,63
191,9.883,7378,7071,18942,18720,307
192,9.934,6978,6986,17580,18268,-8
193,9.986,6723,6974,17917,18449,-251
194,10.038,7021,7144,17782,18539,-123
195,10.09,8289,7162,19451,19075,1127
196,10.141,7709,7035,19104,18617,674
197,10.193,7382,6956,18499,18810,426
198,10.245,7227,7065,17004,18497,162
199,10.297,8017,7053,18427,18533,964
200,10.348,7534,7059,16963,18455,475
201,10.4,7888,6944,17513,18852,944
202,10.452,7225,7059,18214,18647,166
203,10.504,7305,7265,17587,18696,40
204,10.555,7726,7301,18605,19099,425
205,10.607,7305,7047,18386,18864,258
206,10.659,7078,7174,18422,18244,-96
207,10.711,7643,7320,18143,18870,323
208,10.762,7367,7386,17667,18744,-19
209,10.814,7438,7198,18206,18467,240
210,10.866,7145,7271,17378,18647,-126
211,10.918,7594,7022,18673,18846,572
212,10.969,7363,6980,18042,18521,383
213,11.021,7557,7028,18511,18377,529
214,11.073,7446,7301,19005,18774,145
215,11.125,7454,7344,19033,18702,110
216,11.176,7367,7132,18203,18503,235
217,11.228,7793,7259,17977,18834,534
218,11.28,7730,7204,18424,18551,526
219,11.331,7529,7223,17515,18858,306
220,11.383,8078,7265,16130,18515,813
221,11.435,7937,7041,18441,18744,896
222,11.487,7406,7216,17934,18437,190
223,11.538,7300,7144,18625,18551,156
224,11.59,7400,6919,17110,18858,481
225,11.642,7839,6992,18322,18449,847
226,11.694,7212,7144,17857,18641,68
227,11.745,7183,7150,19328,18419,33
228,11.797,7596,7101,17745,18611,495
229,11.849,7818,6998,18413,18738,820
230,11.901,7895,7223,19016,18671,672
231,11.952,7165,7010,18211,18834,155
232,12.004,7546,7089,18735,18473,457
233,12.056,8489,7035,18214,18635,1454
234,12.108,7032,7235,18465,18623,-203
235,12.159,7209,7022,17496,18629,187
236,12.211,6950,7168,18637,18870,-218
237,12.263,7794,7150,17525,18647,644
238,12.315,7427,7119,16865,18425,308
239,12.366,6731,7138,18378,18774,-407
240,12.418,7768,7016,19215,18678,752
241,12.47,7528,6998,18964,18599,530
242,12.522,7558,6950,18510,18671,608
243,12.573,7139,7107,18593,18503,32
244,12.625,7946,7016,19024,18702,930
245,12.677,8299,7047,18935,18665,1252
246,12.729,8011,6986,17680,18461,1025
247,12.78,7000,7113,18338,18665,-113
248,12.832,7380,7119,18048,18389,261
249,12.884,7691,6883,18175,18822,808
250,12.935,7704,6944,18343,18581,760
251,12.987,8238,7320,17753,18834,918
252,13.039,8162,7156,19354,18714,1006
253,13.091,7503,7180,18034,18834,323
254,13.142,7559,7053,18693,18521,506
255,13.194,7280,6931,17615,18726,349
256,13.246,7666,7241,18894,18684,425
257,13.298,7860,6980,19209,18623,880
258,13.349,7438,7053,18202,18413,385
259,13.401,8045,7198,18068,18780,847
260,13.453,7578,7174,18894,18906,404
261,13.505,7290,7089,18300,18665,201
262,13.556,7272,6980,19470,19183,292
263,13.608,6934,7028,17844,18846,-94
264,13.66,7205,7301,17249,18798,-96
265,13.712,7841,7150,18780,18738,691
266,13.763,8240,7265,19329,19087,975
267,13.815,6809,7065,18102,18924,-256
268,13.867,7833,7271,17263,18810,562
269,13.919,8034,7095,17994,18882,939
270,13.97,7775,7119,17808,18786,656
271,14.022,8354,7362,18179,18533,992
272,14.074,8043,7101,18007,18708,942
273,14.126,8045,7101,18389,18756,944
274,14.177,7727,7216,18105,18804,511
275,14.229,7693,7022,18516,18702,671
276,14.281,7918,7047,19773,18726,871
277,14.333,7501,7095,19087,18834,406
278,14.384,7447,7204,18485,18485,243
279,14.436,7420,7077,18573,18671,343
280,14.488,7972,7132,19112,18726,840
281,14.54,7332,7132,18797,18834,200
282,14.591,7893,7095,18089,18611,798
283,14.643,7364,7138,18542,18846,226
284,14.695,7045,7016,18510,19020,29
285,14.746,8104,7144,18067,18407,960
286,14.798,6999,7083,18604,18846,-84
287,14.85,7011,7119,18242,18395,-108
288,14.902,7871,7089,17381,18341,782
289,14.953,6769,6980,18552,18846,-211
290,15.005,7375,7198,19240,18936,177
291,15.057,7220,6877,18973,19038,343
292,15.109,7352,7107,18405,18762,245
293,15.16,7517,6889,18118,18750,628
294,15.212,8058,7125,18547,18882,933
295,15.264,8224,7210,18504,18918,1014
296,15.316,7626,6907,17314,18605,719
297,15.367,7445,6786,17188,18678,659
298,15.419,6969,6992,18380,18533,-23
299,15.471,7445,7053,18211,18726,392
300,15.523,7384,7028,18928,18912,356
301,15.574,7183,6913,19087,19020,270
302,15.626,7869,6901,17729,18521,968
303,15.678,7385,7047,18115,18503,338
304,15.73,7361,7095,19015,18678,266
305,15.781,7773,6962,18104,18533,811
306,15.833,7255,6998,19092,18665,257
307,15.885,7057,6950,19192,18870,107
308,15.937,7009,7010,19013,18671,-1
309,15.988,7257,6919,17979,18521,338
310,16.04,7998,6853,17955,18443,1145
311,16.092,7281,6913,18964,18732,368
312,16.144,6912,7022,18085,18665,-110
313,16.195,8121,6980,18532,18256,1141
314,16.247,7621,6986,18651,18816,635
315,16.299,8654,7138,17979,18816,1516
316,16.35,7241,7119,18261,18732,122
317,16.402,7679,7035,18728,18822,644
318,16.454,7333,7132,18702,18858,201
319,16.506,7504,7059,19296,18557,445
320,16.557,7395,6895,18030,18629,500
321,16.609,7524,6980,18032,18804,544
322,16.661,7687,6877,18580,18750,810
323,16.713,6831,6962,18403,18960,-131
324,16.764,7654,6944,18821,19069,710
325,16.816,7357,6889,19053,18852,468
326,16.868,7927,7235,17701,18557,692
327,16.92,7583,7041,18522,19062,542
328,16.971,7259,7022,17851,18545,237
329,17.023,6859,6980,18794,18756,-121
330,17.075,7515,7022,18116,18852,493
331,17.127,6485,6840,17821,18900,-355
332,17.178,7856,7083,17261,19087,773
333,17.23,7775,6913,18325,18617,862
334,17.282,7759,6834,17733,18810,925
335,17.334,7528,6877,17915,18756,651
336,17.385,7225,6944,18212,18587,281
337,17.437,7750,7053,17703,18413,697
338,17.489,7426,7053,17791,18605,373
339,17.541,7664,7344,17703,18220,320
340,17.592,6901,6834,18395,18563,67
341,17.644,7483,6925,18360,18684,558
342,17.696,6577,6859,16818,18876,-282
343,17.748,7354,7035,18899,18696,319
344,17.799,7401,6980,18193,18581,421
345,17.851,7254,6950,18921,18647,304
346,17.903,7733,6877,17871,18497,856
347,17.954,7896,6907,17273,18515,989
348,18.006,7585,6919,16736,18912,666
349,18.058,7262,6871,17764,18443,391
350,18.11,7328,7016,18292,18623,312
351,18.161,7559,7028,17911,18750,531
352,18.213,7244,7192,19083,18852,52
353,18.265,7635,7198,17282,18732,437
354,18.317,7090,6998,18977,18708,92
355,18.368,7626,6889,18225,18419,737
356,18.42,7337,7083,18042,18431,254
357,18.472,7569,7125,17953,18533,444
358,18.524,7336,7125,17011,18371,211
359,18.575,7628,6950,18039,18659,678
360,18.627,7409,6998,17534,18575,411
361,18.679,7470,6847,18659,18780,623
362,18.731,8270,7065,18493,18972,1205
363,18.782,7785,7192,17878,18960,593
364,18.834,7751,7101,18103,18407,650
365,18.886,7728,6853,18898,18647,875
366,18.938,7169,6919,19632,19056,250
367,18.989,7366,6840,18130,18900,526
368,19.041,6793,6901,17424,18569,-108
369,19.093,7449,6913,19193,18647,536
370,19.145,7064,7041,17862,18792,23
371,19.196,7810,7168,18117,18894,642
372,19.248,7309,7028,17270,18473,281
373,19.3,7174,6962,17683,18708,212
374,19.352,7161,7047,18286,18641,114
375,19.403,7835,6925,17372,18665,910
376,19.455,7528,7229,18250,18359,299
377,19.507,8038,7041,18418,18575,997
378,19.558,7663,6786,18090,18894,877
379,19.61,7625,6937,18881,18599,688
380,19.662,7325,6956,17228,18485,369
381,19.714,6915,6919,18357,18635,-4
382,19.765,7632,7035,18498,18780,597
383,19.817,7286,6907,18755,18744,379
384,19.869,7377,6944,17117,18936,433
385,19.921,7260,6840,18181,18575,420
386,19.972,7211,6853,17343,18708,358
387,20.024,8119,6804,18312,18641,1315
388,20.076,7595,6962,18207,18684,633
389,20.128,7945,7144,18480,18371,801
390,20.179,7379,6780,18493,19008,599
391,20.231,6677,6883,17771,18449,-206
392,20.283,8198,7065,18920,18605,1133
393,20.335,7551,6998,17657,18575,553
394,20.386,7199,6913,18063,19002,286
395,20.438,7809,7016,17218,18461,793
396,20.49,7433,7004,17033,18912,429
397,20.542,7076,6913,17275,18750,163
398,20.593,6695,6895,18511,18473,-200
399,20.645,7783,7150,18352,18635,633
400,20.697,6951,7077,18149,18894,-126
401,20.749,7608,7047,18072,18936,561
402,20.8,7648,6847,19690,18515,801
403,20.852,7089,6859,18720,18726,230
404,20.904,7160,7095,17839,19020,65
405,20.956,7332,7077,19877,18653,255
406,21.007,7678,7113,17018,18786,565
407,21.059,7753,7065,18511,19020,688
408,21.111,8647,6907,19946,18563,1740
409,21.162,6832,6871,18098,18443,-39
410,21.214,7986,6937,17036,18918,1049
411,21.266,7983,6913,17193,19099,1070
412,21.318,7674,6925,17307,18768,749
413,21.369,7371,6786,17833,18365,585
414,21.421,7178,6683,18291,18852,495
415,21.473,7087,6913,17817,18509,174
416,21.525,7298,6950,19360,18575,348
417,21.576,7845,7016,17195,18653,829
418,21.628,6994,6889,19089,18858,105
419,21.68,7423,6853,17716,18732,570
420,21.732,7811,6822,18164,18299,989
421,21.783,7256,6907,18651,18744,349
422,21.835,7362,7162,17923,18774,200
423,21.887,7658,7150,19010,18732,508
424,21.939,7505,7138,18578,18912,367
425,21.99,7482,6986,18809,18647,496
426,22.042,8201,6798,17227,18798,1403
427,22.094,7694,6907,19416,18816,787
428,22.146,7443,7089,17507,18930,354
429,22.197,7364,7016,18160,18395,348
430,22.249,7294,7089,17857,18365,205
431,22.301,6900,6859,18084,18732,41
432,22.353,7255,6853,17907,18569,402
433,22.404,7190,7095,18473,18960,95
434,22.456,7226,6925,17481,18816,301
435,22.508,7704,6956,18466,18509,748
436,22.56,7320,6828,18914,18918,492
437,22.611,6942,7035,18353,18678,-93
438,22.663,7300,6853,18751,18732,447
439,22.715,7314,7107,17966,18593,207
440,22.766,6950,7047,17718,18587,-97
441,22.818,7987,7041,19137,18641,946
442,22.87,7082,6895,17707,18930,187
443,22.922,8110,7071,19337,18816,1039
444,22.973,6564,7180,18652,18690,-616
445,23.025,7295,7053,18566,18377,242
446,23.077,8188,6956,18114,18503,1232
447,23.129,7823,7053,19675,19032,770
448,23.18,7438,7259,18439,18744,179
449,23.232,8071,6980,18333,18551,1091
450,23.284,8389,7035,17663,18846,1354
451,23.336,7996,6919,17142,18684,1077
452,23.387,7566,7186,19212,18587,380
453,23.439,7840,7101,17830,18804,739
454,23.491,7109,7132,17674,18593,-23
455,23.543,6741,7077,19334,18569,-336
456,23.594,7513,7077,17325,18455,436
457,23.646,7391,6907,17321,18455,484
458,23.698,7031,7028,18005,18419,3
459,23.75,7500,7041,16858,18906,459
460,23.801,6679,7113,18374,18906,-434
461,23.853,7353,6877,18521,18545,476
462,23.905,8186,6974,18367,18635,1212
463,23.957,6713,7010,18905,18876,-297
464,24.008,6910,6889,17826,18202,21
465,24.06,7294,7053,18297,18858,241
466,24.112,7500,6968,17765,18545,532
467,24.164,7379,7035,17724,18882,344
468,24.215,7227,6998,18065,19117,229
469,24.267,6989,7235,18546,18894,-246
470,24.319,7031,7320,18244,18816,-289
471,24.37,6474,7174,19350,18696,-700
472,24.422,7773,6956,18308,18720,817
473,24.474,7440,6901,17896,18702,539
474,24.526,7334,7022,18532,18762,312
475,24.577,6878,7138,17817,18431,-260
476,24.629,7476,6883,18419,18545,593
477,24.681,7292,7168,16834,18888,124
478,24.733,7391,6871,17888,18684,520
479,24.784,6886,7089,17353,18756,-203
480,24.836,7119,6798,19098,18617,321
481,24.888,7010,6937,19539,18623,73
482,24.94,7950,6980,16588,18786,970
483,24.991,7379,6950,18830,18810,429
484,25.043,7574,6956,18224,18653,618
485,25.095,7209,7028,17538,18690,181
486,25.147,7207,7041,18261,18659,166
487,25.198,7288,7101,18435,18665,187
488,25.25,8011,6877,18590,18629,1134
489,25.302,7047,7016,18505,18972,31
490,25.354,8268,6925,18519,18918,1343
491,25.405,7212,7016,18169,18539,196
492,25.457,7876,7047,17946,19165,829
493,25.509,7919,6859,19273,18816,1060
494,25.561,7747,6968,17478,18804,779
495,25.612,8037,7022,18709,18605,1015
496,25.664,7835,7016,17980,18678,819
497,25.716,7301,6937,17600,18894,364
498,25.768,7211,6859,18339,18377,352
499,25.819,7492,6822,17875,18744,670
500,25.871,7013,6762,16889,18557,251
501,25.923,7318,6810,17452,18647,508
502,25.974,7096,6762,17954,18449,334
503,26.026,7024,6695,18555,18690,329
504,26.078,6784,6889,18136,18539,-105
505,26.13,7342,6798,19379,18804,544
506,26.181,6552,7065,18605,18750,-513
507,26.233,8502,6847,18701,18738,1655
508,26.285,7129,7162,18383,18419,-33
509,26.337,7532,6931,19276,18599,601
510,26.388,7634,6968,17457,18311,666
511,26.44,7464,6986,18423,18756,478
512,26.492,6925,6768,19246,18473,157
513,26.544,7042,6931,17748,18756,111
514,26.595,7170,6944,17890,18575,226
515,26.647,7250,6913,18503,18521,337
516,26.699,7574,6913,18129,18551,661
517,26.751,7151,6871,17501,18401,280
518,26.802,7430,6840,19428,18563,590
519,26.854,7584,6677,18712,18798,907
520,26.906,7108,6804,17736,18641,304
521,26.958,7336,6950,18697,19026,386
522,27.009,6891,6822,18035,18906,69
523,27.061,6983,6816,18800,18653,167
524,27.113,6937,6925,17904,18906,12
525,27.165,7265,6895,18200,18882,370
526,27.216,7552,6974,17605,18972,578
527,27.268,7178,6853,18182,18738,325
528,27.32,7352,6834,18723,18768,518
529,27.372,7605,6804,18924,18533,801
530,27.423,7469,6944,19053,18533,525
531,27.475,6947,6707,18106,18635,240
532,27.527,7809,6737,18296,18702,1072
533,27.578,7791,6974,18654,18756,817
534,27.63,7341,6622,17923,18918,719
535,27.682,7136,6834,17679,18467,302
536,27.734,7165,6877,17932,18942,288
537,27.785,6816,6774,19273,18726,42
538,27.837,7387,6810,17908,18605,577
539,27.889,7747,6749,19042,18431,998
540,27.941,6986,6768,16678,18413,218
541,27.992,7523,6822,17721,18671,701
542,28.044,7457,6980,18085,18473,477
543,28.096,6379,6889,18063,18214,-510
544,28.148,7935,6798,19577,18515,1137
545,28.199,7099,6962,16972,18665,137
546,28.251,7063,6907,18353,18696,156
547,28.303,7227,7028,18278,18684,199
548,28.355,7021,6974,19067,18840,47
549,28.406,7575,6992,17278,18659,583
550,28.458,7218,6980,19332,18678,238
551,28.51,7262,7095,18385,18629,167
552,28.562,7271,7162,18766,18461,109
553,28.613,7336,7107,18129,18581,229
554,28.665,6462,7028,17405,18497,-566
555,28.717,7549,7071,18961,18732,478
556,28.769,6721,7047,20091,18305,-326
557,28.82,6678,6913,19093,18467,-235
558,28.872,6571,6998,18743,18678,-427
559,28.924,7702,6822,19044,19026,880
560,28.976,7031,6883,18592,18413,148
561,29.027,7535,6889,17902,18684,646
562,29.079,7416,7041,17042,18966,375
563,29.131,7285,6865,17859,18930,420
564,29.182,7535,6871,17699,18539,664
565,29.234,7439,6822,18815,18912,617
566,29.286,7365,6749,17942,18533,616
567,29.338,7534,6762,18704,18768,772
568,29.389,7647,6774,19331,18479,873
569,29.441,7430,6743,17928,18563,687
570,29.493,7145,6707,17877,18762,438
571,29.545,7077,6707,18508,18395,370
572,29.596,7737,6822,17854,18894,915
573,29.648,7441,6780,18311,18653,661
574,29.7,7414,6756,18669,18569,658
575,29.752,7560,6743,18607,18599,817
576,29.803,6752,6877,17063,18798,-125
577,29.855,7318,6840,18718,18846,478
578,29.907,6583,6871,17484,18641,-288
579,29.959,6714,6865,18396,18605,-151
580,30.01,7135,6762,18003,18485,373
581,30.062,6772,6834,18507,18497,-62
582,30.114,7201,6865,18186,18647,336
583,30.166,7410,6786,17926,18371,624
584,30.217,7372,6549,19152,18377,823
585,30.269,7217,6756,17236,18726,461
586,30.321,6742,6743,18315,18389,-1
587,30.373,7726,6659,17927,18509,1067
588,30.424,6370,6834,18146,18641,-464
589,30.476,7096,6810,18322,18900,286
590,30.528,6991,6762,17731,18684,229
591,30.58,7527,6737,17340,18960,790
592,30.631,7561,6780,18488,18774,781
593,30.683,7098,6762,17619,18605,336
594,30.735,7370,6652,18866,18996,718
595,30.786,6908,6695,18668,18852,213
596,30.838,7622,6725,17221,18443,897
597,30.89,7636,6719,18191,18593,917
598,30.942,7177,6671,19169,18659,506
599,30.993,6714,6659,18208,18924,55
600,31.045,7235,6695,18133,18274,540
601,31.097,7135,6792,19731,18948,343
602,31.149,7246,6931,18970,18930,315
603,31.2,7658,6695,17870,18732,963
604,31.252,7295,6689,18637,18732,606
605,31.304,6411,6804,17883,18611,-393
606,31.356,7492,6652,19034,18828,840
607,31.407,7172,6683,18102,18623,489
608,31.459,7475,6598,17485,18599,877
609,31.511,7219,6677,18038,18786,542
610,31.563,7152,6665,17729,18918,487
611,31.614,7485,6640,17419,18377,845
612,31.666,7091,6816,18293,18756,275
613,31.718,7160,6731,18885,19014,429
614,31.77,10837,6689,18148,18599,4148
615,31.821,11900,6913,18306,18750,4987
616,31.873,11515,6950,18554,18653,4565
617,31.925,10903,6883,17558,19093,4020
618,31.977,9897,6840,16705,18696,3057
619,32.028,11068,6834,19152,18653,4234
620,32.08,11142,6944,18542,18756,4198
621,32.132,10587,6798,18693,18383,3789
622,32.184,9733,6840,18521,18491,2893
623,32.235,10754,7119,18614,18738,3635
624,32.287,10521,6913,18885,19008,3608
625,32.339,9546,6907,19223,18708,2639
626,32.39,9910,6725,18719,18720,3185
627,32.442,10038,6810,18435,18461,3228
628,32.494,10576,7095,17622,18774,3481
629,32.546,10849,6974,18862,18575,3875
630,32.597,10121,6725,19338,18659,3396
631,32.649,11207,6743,18301,18738,4464
632,32.701,10777,6810,17801,18696,3967
633,32.753,10261,6804,16963,18702,3457
634,32.804,11155,6810,18027,18503,4345
635,32.856,9611,6756,16984,18629,2855
636,32.908,10612,6780,17992,18311,3832
637,32.96,9912,6792,18586,18605,3120
638,33.011,10187,6847,18537,18383,3340
639,33.063,9233,6780,19213,18443,2453
640,33.115,10218,6737,19111,18479,3481
641,33.167,9545,6731,18137,18834,2814
642,33.218,9966,6756,18171,18996,3210
643,33.27,10574,6840,18529,18581,3734
644,33.322,10316,6780,17711,18846,3536
645,33.374,9899,6962,18248,18605,2937
646,33.425,10116,6937,19212,18467,3179
647,33.477,10413,6907,17680,18720,3506
648,33.529,10639,6804,18963,18744,3835
649,33.581,10225,6677,18763,18930,3548
650,33.632,11224,6786,19081,18347,4438
651,33.684,11304,6913,19384,19008,4391
652,33.736,10411,6853,18345,18714,3558
653,33.788,10039,6877,17656,18665,3162
654,33.839,11014,6883,19121,18539,4131
655,33.891,10502,6768,18780,18665,3734
656,33.943,11413,6913,18651,18768,4500
657,33.994,10951,6859,18567,18491,4092
658,34.046,9277,7004,19734,18786,2273
659,34.098,9838,6901,16974,18726,2937
660,34.15,10679,7004,18655,18768,3675
661,34.201,10826,6634,17556,18966,4192
662,34.253,9881,6816,17868,18696,3065
663,34.305,11472,6956,18412,18569,4516
664,34.357,11730,6804,18017,18461,4926
665,34.408,11057,6968,18479,18744,4089
666,34.46,10313,6889,18819,18696,3424
667,34.512,10946,6895,18493,18581,4051
668,34.564,10473,6822,18232,18768,3651
669,34.615,11647,6719,18594,18629,4928
670,34.667,11192,6853,18660,18804,4339
671,34.719,6878,6671,18530,18732,207
672,34.771,7320,6543,18232,18527,777
673,34.822,6970,6574,19864,18750,396
674,34.874,8426,6610,17831,18605,1816
675,34.926,10658,6683,17135,18984,3975
676,34.978,10287,6695,19181,18647,3592
677,35.029,10767,6713,18283,18732,4054
678,35.081,9693,6847,18143,18684,2846
679,35.133,11544,6859,17473,18768,4685
680,35.185,10382,6834,17889,18720,3548
681,35.236,9432,6671,18293,18665,2761
682,35.288,10271,6822,16939,18419,3449
683,35.34,10574,6731,17810,18750,3843
684,35.392,10009,6907,18380,18665,3102
685,35.443,9495,6768,19242,18509,2727
686,35.495,9829,6810,18485,18268,3019
687,35.547,8512,6652,17699,18557,1860
688,35.598,8931,6822,18459,18461,2109
689,35.65,10642,6713,18121,18250,3929
690,35.702,9992,6537,18922,18738,3455
691,35.754,10612,6859,16902,18792,3753
692,35.805,11075,6768,18656,18347,4307
693,35.857,12117,6792,18735,18750,5325
694,35.909,12594,6895,17800,18924,5699
695,35.961,13510,6713,18051,18732,6797
696,36.012,11694,6568,18390,18419,5126
697,36.064,11901,6883,18622,18858,5018
698,36.116,11635,6853,18273,18702,4782
699,36.168,11674,6719,18645,18539,4955
700,36.219,11194,6762,17383,18756,4432
701,36.271,10597,6749,17916,18696,3848
702,36.323,11022,6725,19464,18647,4297
703,36.375,8041,6665,18139,19008,1376
704,36.426,6754,6592,17342,18906,162
705,36.478,7447,6749,18624,18629,698
706,36.53,6862,6816,19130,18509,46
707,36.582,7285,6652,18752,18545,633
708,36.633,6821,6568,17247,18792,253
709,36.685,7434,6792,18842,18593,642
710,36.737,6994,6847,18723,18948,147
711,36.789,7330,6622,17930,19008,708
712,36.84,6446,6659,18986,18491,-213
713,36.892,7484,6683,18642,18882,801
714,36.944,6467,6913,18796,18720,-446
715,36.996,7543,6749,19040,18930,794
716,37.047,6870,6634,18365,18641,236
717,37.099,7304,6634,18311,18846,670
718,37.151,6937,6731,18112,18678,206
719,37.202,6936,6871,17244,18750,65
720,37.254,6632,6725,19021,18948,-93
721,37.306,7464,6731,18067,18834,733
722,37.358,7375,6840,17954,18726,535
723,37.409,7539,6646,17810,18822,893
724,37.461,6885,6507,17420,18587,378
725,37.513,8023,6695,17400,18810,1328
726,37.565,6650,6713,18696,18702,-63
727,37.616,7716,6853,18412,18635,863
728,37.668,7113,6768,18012,18888,345
729,37.72,6909,6889,19239,18744,20
730,37.772,6767,6701,18835,18395,66
731,37.823,6866,6513,19213,18792,353
732,37.875,7134,6634,18635,18744,500
733,37.927,6434,6847,19602,18684,-413
734,37.979,6796,6743,18593,18792,53
735,38.03,6951,6634,19449,18539,317
736,38.082,7571,6640,16867,18918,931
737,38.134,7100,6828,19051,18503,272
738,38.186,7218,6701,17912,18515,517
739,38.237,7007,6628,18940,18671,379
740,38.289,7146,6792,17538,18545,354
741,38.341,7058,6762,17813,18870,296
742,38.393,7210,6452,17025,18461,758
743,38.444,7019,6840,17780,18822,179
744,38.496,7238,6859,18683,18539,379
745,38.548,6701,6804,18775,18503,-103
746,38.6,6836,6798,17376,18611,38
747,38.651,7035,6859,18148,18653,176
748,38.703,7946,6853,17735,18696,1093
749,38.755,6769,6834,18119,18401,-65
750,38.806,6899,7077,18546,18696,-178
751,38.858,6815,7047,18341,18720,-232
752,38.91,7081,6986,18511,18539,95
753,38.962,8253,7119,18688,18786,1134
754,39.013,8151,7053,19155,18641,1098
755,39.065,6482,7210,17607,18972,-728
756,39.117,7043,6974,17730,18515,69
757,39.169,7064,6774,18464,18714,290
758,39.22,6662,6810,18492,18491,-148
759,39.272,7357,6907,17914,18996,450
760,39.324,7186,7101,17124,18960,85
761,39.376,7239,6956,17936,18744,283
762,39.427,8000,6925,18502,18653,1075
763,39.479,6631,6877,17546,18575,-246
764,39.531,7336,6865,18524,18461,471
765,39.583,6929,6877,18474,18659,52
766,39.634,7227,6974,19608,18659,253
767,39.686,7443,7119,18352,18828,324
768,39.738,7266,6737,18577,18641,529
769,39.79,7078,6956,18575,18455,122
770,39.841,7859,6865,18849,18479,994
771,39.893,6666,6859,18511,18557,-193
772,39.945,6857,6980,19275,18864,-123
773,39.997,7311,6889,17919,18503,422
774,40.048,7022,6828,17728,18611,194
775,40.1,7473,6804,18008,18503,669
776,40.152,7789,7107,17145,18690,682
777,40.204,7377,6677,18665,18557,700
778,40.255,7280,6913,17347,18816,367
779,40.307,7189,6816,18860,18467,373
780,40.359,7270,6725,18311,18509,545
781,40.41,6765,6689,18304,18888,76
782,40.462,6649,6616,18185,18485,33
783,40.514,7224,6853,17463,18533,371
784,40.566,6768,6804,17397,18720,-36
785,40.617,7227,6822,17356,18798,405
786,40.669,6790,6616,17704,18467,174
787,40.721,6894,6895,18389,18587,-1
788,40.773,7206,6865,17827,18479,341
789,40.824,6903,6907,17446,18942,-4
790,40.876,7156,6847,19204,18389,309
791,40.928,7123,7022,18685,18287,101
792,40.98,7142,7053,18037,18984,89
793,41.031,7567,6877,18900,18840,690
794,41.083,7260,6756,18064,18413,504
795,41.135,7003,6974,18510,18906,29
796,41.187,7178,6877,18813,18768,301
797,41.238,7286,6816,18091,18708,470
798,41.29,7342,6895,18235,19183,447
799,41.342,7480,6762,18731,18828,718
800,41.394,6616,6562,18298,18738,54
801,41.445,7054,6489,18574,18846,565
802,41.497,7171,6853,19164,18678,318
803,41.549,6921,6683,18977,18605,238
804,41.601,7420,6768,17471,19014,652
805,41.652,7547,6683,17630,18852,864
806,41.704,7918,6968,17829,18990,950
807,41.756,7534,6792,17830,18274,742
808,41.808,6926,6707,18131,18413,219
809,41.859,7332,6780,18119,18587,552
810,41.911,7066,6834,17344,19050,232
811,41.963,7271,6828,18099,18629,443
812,42.015,7036,6695,17886,18467,341
813,42.066,7546,6762,18592,18786,784
814,42.118,7498,6756,18491,18732,742
815,42.17,6816,6822,17147,18762,-6
816,42.221,6741,6537,18227,18365,204
817,42.273,7233,6513,18138,18756,720
818,42.325,7290,6634,17808,18708,656
819,42.377,7364,6659,18320,18768,705
820,42.428,7120,6749,18147,18708,371
821,42.48,7067,6731,17747,18900,336
822,42.532,7055,6683,18134,18948,372
823,42.584,6638,6586,18870,18708,52
824,42.635,7311,6574,18861,18515,737
825,42.687,7491,6731,19036,18587,760
826,42.739,7380,6749,18190,18629,631
827,42.791,6980,6549,18248,18431,431
828,42.842,7108,6592,19522,18581,516
829,42.894,6911,6628,18586,18714,283
830,42.946,6991,6743,17369,18870,248
831,42.998,6583,6604,18555,18756,-21
832,43.049,7655,6895,19295,18738,760
833,43.101,7387,6956,18001,18852,431
834,43.153,7243,6634,18152,18876,609
835,43.205,6851,6574,18629,18858,277
836,43.256,6802,6604,18815,18479,198
837,43.308,6357,6786,18098,18810,-429
838,43.36,6759,6743,18179,19014,16
839,43.412,7329,6798,17649,18647,531
840,43.463,7814,6640,17895,18696,1174
841,43.515,7047,6919,18230,18888,128
842,43.567,7486,6622,18323,18708,864
843,43.619,7065,6634,18841,18515,431
844,43.67,7412,6895,18710,18473,517
845,43.722,6958,6756,17895,18696,202
846,43.774,7193,6604,17976,18888,589
847,43.825,6874,6489,18446,18960,385
848,43.877,7215,6834,18580,18575,381
849,43.929,7444,6634,18811,18774,810
850,43.981,7080,6677,19908,18882,403
851,44.032,7057,6974,19122,18684,83
852,44.084,7054,6889,19633,18834,165
853,44.136,6705,6719,20116,18678,-14
854,44.188,7425,6549,18032,18708,876
855,44.239,7080,6677,18888,18744,403
856,44.291,7183,6895,18042,18329,288
857,44.343,7384,6762,19068,18978,622
858,44.395,7119,6640,17708,18593,479
859,44.446,7563,6604,19724,18816,959
860,44.498,7387,6810,18389,18792,577
861,44.55,7470,6834,16875,18774,636
862,44.602,7229,6671,18314,18810,558
863,44.653,7137,6665,18420,18852,472
864,44.705,6623,6671,18068,18936,-48
865,44.757,6542,6877,18282,18696,-335
866,44.809,7429,6822,18598,18702,607
867,44.86,7341,6871,19647,18786,470
868,44.912,6843,6689,17839,18485,154
869,44.964,7580,6695,17990,18756,885
870,45.016,7168,6889,18696,18738,279
871,45.067,7800,6719,18886,18479,1081
872,45.119,7753,6610,17360,19075,1143
873,45.171,7502,6865,19208,18413,637
874,45.223,7207,6913,17681,18906,294
875,45.274,7174,6725,18970,19002,449
876,45.326,7191,6671,18226,19099,520
877,45.378,7139,6555,18217,18593,584
878,45.429,7169,6768,18452,18593,401
879,45.481,6213,6695,20011,18449,-482
880,45.533,6364,6762,18484,18846,-398
881,45.585,7122,6834,18805,18696,288
882,45.636,6610,6634,18269,18792,-24
883,45.688,6539,6853,18791,19008,-314
884,45.74,6998,6840,16556,18912,158
885,45.792,6844,6616,17558,18864,228
886,45.843,6972,6695,19450,18720,277
887,45.895,6657,6628,19182,18840,29
888,45.947,7477,6592,17145,18882,885
889,45.999,7316,6555,17733,18533,761
890,46.05,7386,6731,18353,18858,655
891,46.102,7191,6786,17967,18936,405
892,46.154,6545,6671,17905,18629,-126
893,46.206,7396,6853,18050,19014,543
894,46.257,7201,6725,18641,18816,476
895,46.309,6085,6707,18424,18750,-622
896,46.361,7167,6719,17756,18587,448
897,46.413,8200,6792,19175,18551,1408
898,46.464,8273,6944,17190,18870,1329
899,46.516,7435,6713,18952,18256,722
900,46.568,7210,6634,18425,18419,576
901,46.62,6825,6792,18812,19032,33
902,46.671,6705,6768,17535,18696,-63
903,46.723,7072,6756,18174,19123,316
904,46.775,7027,6622,17030,18858,405
905,46.827,7033,6743,18422,19345,290
906,46.878,6932,6677,17627,18804,255
907,46.93,6739,6865,17634,18762,-126
908,46.982,7284,6586,17705,18834,698
909,47.033,6937,6756,18478,18900,181
910,47.085,7302,6677,18669,19117,625
911,47.137,7441,6671,18538,18732,770
912,47.189,6758,6731,18427,18894,27
913,47.24,7126,6701,18464,18768,425
914,47.292,6528,6725,19121,18720,-197
915,47.344,6680,6640,18334,18918,40
916,47.396,6498,6743,18250,18611,-245
917,47.447,7082,6713,18104,19044,369
918,47.499,6801,6707,17930,18924,94
919,47.551,6614,6780,18151,18912,-166
920,47.603,7406,6834,17769,18858,572
921,47.654,6864,6677,18558,18593,187
922,47.706,6766,6743,18534,18702,23
923,47.758,6789,6640,17996,18960,149
924,47.81,7144,6725,18690,18846,419
925,47.861,6703,6695,18242,19069,8
926,47.913,6997,6877,18595,18696,120
927,47.965,7457,6859,19068,18804,598
928,48.017,8122,6659,19070,18678,1463
929,48.068,7276,6768,19041,19087,508
930,48.12,7341,6677,19250,18768,664
931,48.172,7081,6792,18682,18563,289
932,48.224,7176,6689,17513,18978,487
933,48.275,6978,6768,18478,18942,210
934,48.327,7249,6440,17197,19081,809
935,48.379,6669,6586,18245,18762,83
936,48.431,6790,6798,18509,18732,-8
937,48.482,6947,6707,18722,19002,240
938,48.534,7051,6634,18258,19020,417
939,48.586,6972,6671,18084,18840,301
940,48.637,7508,6677,18879,18696,831
941,48.689,7370,6592,19563,18647,778
942,48.741,7451,6701,17703,19099,750
943,48.793,7347,6665,17553,18918,682
944,48.844,6916,6622,19226,18768,294
945,48.896,7445,6749,18689,18461,696
946,48.948,7303,6689,18921,19369,614
947,49.0,7048,6725,17397,18894,323
948,49.051,7470,6665,18553,18936,805
949,49.103,7224,6646,19421,18924,578
950,49.155,7356,6792,18187,18918,564
951,49.207,7342,6719,18318,18960,623
952,49.258,7957,6592,18341,19069,1365
953,49.31,7236,6689,18300,18786,547
954,49.362,7761,6731,18811,19201,1030
955,49.414,7214,6537,18007,18708,677
956,49.465,6709,6562,18368,19183,147
957,49.517,6697,6483,17261,18972,214
958,49.569,6999,6628,18484,18930,371
959,49.621,7000,6683,18937,19159,317
960,49.672,7164,6719,19395,19002,445
961,49.724,7174,6780,17815,19135,394
962,49.776,7104,6592,17966,19153,512
963,49.828,7761,6762,18904,19050,999
964,49.879,7546,6580,18512,19026,966
965,49.931,6545,6743,19499,19237,-198
966,49.983,7073,6464,18394,18834,609
967,50.035,7133,6701,18192,19225,432
968,50.086,7398,6622,18763,18720,776
969,50.138,6577,6737,19783,18960,-160
970,50.19,6836,6737,19212,19267,99
971,50.241,7245,6604,19312,18888,641
972,50.293,7351,6628,19034,19321,723
973,50.345,7261,6816,18185,19213,445
974,50.397,7210,6689,18510,18948,521
975,50.448,7254,6780,19120,18659,474
976,50.5,6616,6816,18697,18930,-200
977,50.552,6931,6762,17700,19267,169
978,50.604,7208,6780,18203,19123,428
979,50.655,7306,6762,19228,19237,544
980,50.707,7808,6628,19022,18828,1180
981,50.759,7092,6640,18098,18906,452
982,50.811,7119,6828,18686,19195,291
983,50.862,6449,6562,17794,18990,-113
984,50.914,7151,6889,18324,18894,262
985,50.966,6739,6719,17567,18816,20
986,51.018,7560,6804,20758,19189,756
987,51.069,6853,6798,18246,18972,55
988,51.121,6959,6756,18787,18876,203
989,51.173,6888,6707,19173,19117,181
990,51.225,6971,6762,19361,19117,209
991,51.276,7207,6731,18305,18954,476
992,51.328,7271,6725,19525,19069,546
993,51.38,6815,6731,19407,18780,84
994,51.432,7178,6792,19446,18828,386
995,51.483,7624,6786,19030,18581,838
996,51.535,7124,6865,17471,18816,259
997,51.587,7257,6719,20543,18978,538
998,51.639,6443,6652,18067,18996,-209
999,51.69,6907,6592,18382,18852,315
