frame,Time [s],CH1,BGND1,CH2,BGND2,intensity
0,0.0,5731,6266,16378,16209,-535
1,0.052,6255,6370,16898,16393,-115
2,0.103,5712,6272,17415,16393,-560
3,0.155,6413,6169,14883,16292,244
4,0.207,5917,6352,15040,16137,-435
5,0.259,6348,6291,16182,15989,57
6,0.31,6186,6394,16507,16048,-208
7,0.362,6531,6370,16950,16554,161
8,0.414,6438,6346,16436,16024,92
9,0.466,6341,6260,15569,16506,81
10,0.517,6498,6321,16628,16131,177
11,0.569,6259,6272,15425,16524,-13
12,0.621,5754,6498,16687,16036,-744
13,0.673,6697,6437,16186,16274,260
14,0.724,5958,6407,16007,16435,-449
15,0.776,5913,6303,15136,16334,-390
16,0.828,6310,6303,15386,16292,7
17,0.88,5979,6224,15001,16238,-245
18,0.931,6186,6321,16188,16673,-135
19,0.983,6030,6370,15904,15953,-340
20,1.035,6548,6285,14493,16203,263
21,1.087,5974,6266,17454,16209,-292
22,1.138,6453,6132,16675,16322,321
23,1.19,6991,6516,16767,16018,475
24,1.242,6574,6218,14986,16387,356
25,1.294,6593,6425,16238,16256,168
26,1.345,5819,6205,16359,16078,-386
27,1.397,6721,6339,16239,16452,382
28,1.449,6111,6047,15637,16488,64
29,1.501,6328,6303,18364,16090,25
30,1.552,5658,6266,15635,16191,-608
31,1.604,6276,6272,16471,16119,4
32,1.656,5988,6352,15909,16423,-364
33,1.707,6816,6211,15479,16482,605
34,1.759,6377,6218,15995,16351,159
35,1.811,5519,6339,16323,16536,-820
36,1.863,6618,6236,15834,16137,382
37,1.914,5834,6242,15331,16006,-408
38,1.966,6042,6388,16423,16488,-346
39,2.018,6842,6364,15834,16203,478
40,2.07,5844,6413,16409,16226,-569
41,2.121,6593,6346,16055,16131,247
42,2.173,6413,6187,15225,16643,226
43,2.225,6640,6364,16248,16429,276
44,2.277,5869,6303,15270,16268,-434
45,2.328,6631,6339,16124,16464,292
46,2.38,6548,6352,17237,16102,196
47,2.432,6199,6291,16213,16238,-92
48,2.484,6882,6260,15665,16357,622
49,2.535,6465,6285,16693,16203,180
50,2.587,5768,6291,16410,16334,-523
51,2.639,6557,6339,15798,16637,218
52,2.691,5952,6327,16273,16476,-375
53,2.742,5698,6327,15704,16607,-629
54,2.794,5727,6339,15489,16209,-612
55,2.846,5725,6297,15811,16256,-572
56,2.898,6526,6333,16269,16357,193
57,2.949,5851,6309,15254,16441,-458
58,3.001,5358,6364,16783,16090,-1006
59,3.053,6118,6364,16263,16417,-246
60,3.105,6363,6236,16885,16238,127
61,3.156,6495,6315,15594,16607,180
62,3.208,5469,6248,15894,16024,-779
63,3.26,6159,6266,14954,16369,-107
64,3.311,7032,6394,16033,16274,638
65,3.363,6452,6248,15753,16417,204
66,3.415,6409,6224,16165,16328,185
67,3.467,5555,6169,15734,16084,-614
68,3.518,6046,6205,16065,16155,-159
69,3.57,5737,6425,16111,16286,-688
70,3.622,5868,6211,15895,16328,-343
71,3.674,6069,6224,16007,16113,-155
72,3.725,6598,6303,14903,16458,295
73,3.777,6059,6266,16360,16506,-207
74,3.829,6051,6413,15894,16334,-362
75,3.881,6282,6303,16104,16167,-21
76,3.932,6533,6315,16194,16411,218
77,3.984,5693,6169,15888,16613,-476
78,4.036,5880,6327,15760,16435,-447
79,4.088,6040,6431,15949,16726,-391
80,4.139,6179,6279,16000,16268,-100
81,4.191,6332,6309,16615,16060,23
82,4.243,6456,6230,15590,16482,226
83,4.295,6607,6260,14796,16369,347
84,4.346,6253,6315,17528,16429,-62
85,4.398,5856,6413,16284,16524,-557
86,4.45,6584,6175,15441,16161,409
87,4.502,6439,6352,16152,16661,87
88,4.553,6283,6486,14929,16363,-203
89,4.605,6097,6339,16239,16357,-242
90,4.657,5895,6358,17250,16221,-463
91,4.709,6184,6376,15986,16423,-192
92,4.76,6389,6065,16850,16108,324
93,4.812,6397,6236,16463,16244,161
94,4.864,5891,6187,14904,15852,-296
95,4.915,6169,6315,16921,16304,-146
96,4.967,6025,6187,16360,16571,-162
97,5.019,6305,6297,17542,16191,8
98,5.071,6838,6370,16510,16506,468
99,5.122,5949,6297,16587,16096,-348
100,5.174,6424,6315,15017,16060,109
101,5.226,5844,6260,15858,16262,-416
102,5.278,6331,6291,16622,16084,40
103,5.329,6075,6211,14497,16256,-136
104,5.381,5934,6120,16392,16298,-186
105,5.433,6013,6138,15623,16191,-125
106,5.485,5947,6248,16051,16357,-301
107,5.536,6114,6211,16902,16387,-97
108,5.588,6464,6309,17503,16030,155
109,5.64,6515,6181,16146,16411,334
110,5.692,6309,6346,16613,16078,-37
111,5.743,5937,6297,15402,16054,-360
112,5.795,6307,6199,16087,16102,108
113,5.847,6248,6157,16585,16179,91
114,5.899,6284,6346,16387,16030,-62
115,5.95,5840,6218,15296,16286,-378
116,6.002,6742,6205,15770,16595,537
117,6.054,6061,6041,17324,16464,20
118,6.106,6681,6126,15852,16482,555
119,6.157,6213,6224,15667,16012,-11
120,6.209,6058,6248,16808,16577,-190
121,6.261,6781,6224,15912,16369,557
122,6.313,6606,6315,16352,16375,291
123,6.364,5944,6419,15713,16250,-475
124,6.416,5844,6187,15880,16179,-343
125,6.468,5992,6254,15979,16613,-262
126,6.519,6406,6138,16354,16399,268
127,6.571,5957,6193,15523,16179,-236
128,6.623,5763,6218,16642,16232,-455
129,6.675,6265,6175,16571,16435,90
130,6.726,5983,6144,16947,16155,-161
131,6.778,6173,6437,16567,16268,-264
132,6.83,6148,6400,15977,16280,-252
133,6.882,6158,6199,16737,16298,-41
134,6.933,6345,6169,16131,16185,176
135,6.985,5829,6224,16565,16203,-395
136,7.037,6096,6016,15395,16595,80
137,7.089,5780,6327,16746,16268,-547
138,7.14,5946,6138,16689,16363,-192
139,7.192,6655,6169,16552,16232,486
140,7.244,5936,6279,15487,16637,-343
141,7.296,6627,6303,15647,16601,324
142,7.347,6125,6291,16985,16470,-166
143,7.399,6101,6327,15761,16155,-226
144,7.451,5796,6376,16956,16536,-580
145,7.503,5951,6327,16842,16399,-376
146,7.554,6100,6108,16322,16191,-8
147,7.606,5774,6236,15026,16530,-462
148,7.658,6077,6297,15755,16530,-220
149,7.71,6214,6254,16876,16334,-40
150,7.761,6143,6205,16355,16488,-62
151,7.813,6014,6291,15799,16375,-277
152,7.865,6234,6474,15943,16310,-240
153,7.917,6156,6126,15816,16226,30
154,7.968,6005,6291,16416,16221,-286
155,8.02,6200,6425,15166,16381,-225
156,8.072,6010,6272,16574,16185,-262
157,8.123,5728,6297,15910,16310,-569
158,8.175,6082,6303,15148,16351,-221
159,8.227,5846,6370,15840,16256,-524
160,8.279,6691,6382,16642,16304,309
161,8.33,6114,6279,16120,16494,-165
162,8.382,5836,6339,16171,16221,-503
163,8.434,6832,6303,16632,16435,529
164,8.486,6460,6236,15655,16191,224
165,8.537,6241,6187,16270,16661,54
166,8.589,5987,6102,17137,16357,-115
167,8.641,5980,6321,15115,16244,-341
168,8.693,5885,6309,15630,16435,-424
169,8.744,6292,6230,16789,16488,62
170,8.796,6282,6285,15797,16268,-3
171,8.848,6236,6285,16341,16452,-49
172,8.9,6474,6260,15956,16387,214
173,8.951,6130,6205,15740,16244,-75
174,9.003,5716,6004,16361,16512,-288
175,9.055,6472,6211,15106,16363,261
176,9.107,6061,6169,15387,16500,-108
177,9.158,6454,6248,16663,16756,206
178,9.21,6230,6333,16433,16286,-103
179,9.262,5879,6108,16564,16768,-229
180,9.314,6282,6169,16193,16625,113
181,9.365,5797,6358,16034,16155,-561
182,9.417,5724,6248,16347,16524,-524
183,9.469,5838,6346,16974,16494,-508
184,9.521,6272,6126,16872,16571,146
185,9.572,5843,6199,15921,16149,-356
186,9.624,6459,6157,15819,16137,302
187,9.676,7003,6236,17127,16387,767
188,9.727,6201,6108,15083,16375,93
189,9.779,6263,6047,15217,16155,216
190,9.831,6299,6279,15814,16334,20
191,9.883,6565,6279,16098,16250,286
192,9.934,6220,6224,15470,16577,-4
193,9.986,5913,6242,15720,16809,-329
194,10.038,5933,6333,16126,16464,-400
195,10.09,6457,6224,16083,16494,233
196,10.141,5743,6102,15472,16381,-359
197,10.193,6501,6224,16737,16155,277
198,10.245,5365,6230,16031,16548,-865
199,10.297,6260,6211,16631,16500,49
200,10.348,6381,6096,15668,16470,285
201,10.4,6099,6370,16175,16357,-271
202,10.452,6624,6181,16317,16334,443
203,10.504,6319,6254,16277,16375,65
204,10.555,6102,6175,15881,16351,-73
205,10.607,6246,6175,16381,16173,71
206,10.659,5798,6407,16986,16464,-609
207,10.711,6279,6218,15990,16197,61
208,10.762,6198,6108,15120,16197,90
209,10.814,5652,6272,16647,16494,-620
210,10.866,6180,6248,15716,16399,-68
211,10.918,6546,6315,15600,16375,231
212,10.969,6319,6297,16685,16726,22
213,11.021,5890,6260,16124,16173,-370
214,11.073,6099,6254,17040,16518,-155
215,11.125,5980,6315,15844,16244,-335
216,11.176,6355,6126,16017,16435,229
217,11.228,6738,6169,16401,16571,569
218,11.28,6425,6443,16665,16268,-18
219,11.331,6549,6279,16564,16452,270
220,11.383,6643,6321,16273,16464,322
221,11.435,6148,6309,16655,16423,-161
222,11.487,6382,6138,16238,16304,244
223,11.538,5988,6321,16699,16399,-333
224,11.59,6322,6236,17094,15905,86
225,11.642,6613,6285,17018,16084,328
226,11.694,6294,6144,16853,16375,150
227,11.745,5938,6248,16411,16536,-310
228,11.797,5648,6175,15399,16518,-527
229,11.849,6169,6181,15602,16447,-12
230,11.901,6765,6315,15579,16851,450
231,11.952,6426,6181,15575,16470,245
232,12.004,6354,6315,16404,16470,39
233,12.056,6371,6346,15807,16417,25
234,12.108,6086,6242,16339,16411,-156
235,12.159,5942,6211,17508,16803,-269
236,12.211,5995,6199,16487,16357,-204
237,12.263,6141,6205,16202,16542,-64
238,12.315,5804,6242,15892,16262,-438
239,12.366,6270,6175,15082,16447,95
240,12.418,5834,6303,15347,16482,-469
241,12.47,5610,6236,16493,16155,-626
242,12.522,5779,6114,15761,16607,-335
243,12.573,6526,6236,15186,16488,290
244,12.625,7706,6108,16608,16096,1598
245,12.677,5584,6126,15375,16637,-542
246,12.729,6203,6157,15690,16661,46
247,12.78,5801,6181,16432,16577,-380
248,12.832,6054,6126,16330,16655,-72
249,12.884,5943,6248,16137,16524,-305
250,12.935,6555,6126,16437,16887,429
251,12.987,5817,6260,15814,16268,-443
252,13.039,5642,6205,16517,16482,-563
253,13.091,6311,6279,15037,16464,32
254,13.142,6137,6230,16385,16351,-93
255,13.194,6052,6193,16357,16637,-141
256,13.246,6261,6358,15515,16441,-97
257,13.298,5986,6419,15899,16173,-433
258,13.349,6270,6291,15381,16250,-21
259,13.401,6909,6339,16137,16173,570
260,13.453,6920,6352,15647,16304,568
261,13.505,6155,6327,15177,16262,-172
262,13.556,6340,6035,15671,16185,305
263,13.608,5997,6138,15654,16441,-141
264,13.66,5917,6260,16714,16334,-343
265,13.712,6900,6358,16036,16827,542
266,13.763,6102,6029,16222,16226,73
267,13.815,6364,6260,15876,16345,104
268,13.867,6480,6187,16584,16411,293
269,13.919,6190,6151,15982,16310,39
270,13.97,6775,6230,15999,16375,545
271,14.022,6395,5992,16241,16506,403
272,14.074,6458,6279,15280,16476,179
273,14.126,6078,6285,16222,16726,-207
274,14.177,6252,6224,15742,16797,28
275,14.229,6099,6327,15471,16637,-228
276,14.281,6641,6224,16571,16161,417
277,14.333,6099,6260,15497,16583,-161
278,14.384,6271,6151,16810,16738,120
279,14.436,5739,6291,15732,16351,-552
280,14.488,6461,6169,15418,16530,292
281,14.54,6292,6327,16176,16774,-35
282,14.591,6382,6157,15994,17083,225
283,14.643,6454,6083,17489,16589,371
284,14.695,6513,6096,16555,16417,417
285,14.746,6004,6163,16115,16554,-159
286,14.798,6257,6175,16620,16577,82
287,14.85,6024,6114,17438,16524,-90
288,14.902,5850,6272,15506,16726,-422
289,14.953,6210,6187,16666,16458,23
290,15.005,6436,6321,15440,16934,115
291,15.057,6452,6199,17376,16774,253
292,15.109,6543,6254,16472,16560,289
293,15.16,6368,6352,15697,16512,16
294,15.212,6474,6181,16867,16756,293
295,15.264,6221,6205,15911,16399,16
296,15.316,6310,6285,16318,16750,25
297,15.367,6297,6114,15979,16542,183
298,15.419,6424,6090,16490,16595,334
299,15.471,5915,6327,17069,16637,-412
300,15.523,6281,6211,17060,16536,70
301,15.574,6415,6248,15859,16411,167
302,15.626,6521,6309,17159,16655,212
303,15.678,6010,6285,15288,16631,-275
304,15.73,6256,6205,15700,16655,51
305,15.781,6256,6187,14862,16583,69
306,15.833,6023,6187,16760,16542,-164
307,15.885,6097,6272,15485,16566,-175
308,15.937,6659,6285,16177,16369,374
309,15.988,6191,6254,16483,16464,-63
310,16.04,6333,6224,16378,16744,109
311,16.092,6335,6157,17067,16720,178
312,16.144,6242,6163,16000,16619,79
313,16.195,6272,6449,15752,16506,-177
314,16.247,5862,6285,16394,16458,-423
315,16.299,6501,6248,15966,16488,253
316,16.35,6128,6205,16539,16452,-77
317,16.402,6112,6187,16926,16316,-75
318,16.454,6483,6248,16057,16583,235
319,16.506,6283,6339,15834,16589,-56
320,16.557,6053,6272,15735,16536,-219
321,16.609,6161,6193,14817,16458,-32
322,16.661,6525,6205,17014,16464,320
323,16.713,7280,6297,15340,16417,983
324,16.764,6283,6388,17142,16530,-105
325,16.816,6539,6394,16807,16768,145
326,16.868,5919,6218,16149,16470,-299
327,16.92,6240,6309,15561,16679,-69
328,16.971,6770,6364,16423,16583,406
329,17.023,6073,6126,16053,16649,-53
330,17.075,6137,6272,16004,16589,-135
331,17.127,6661,6193,16045,16334,468
332,17.178,6179,6248,16515,16708,-69
333,17.23,5615,6157,16658,16411,-542
334,17.282,6258,6205,16522,16714,53
335,17.334,5783,6169,16255,16631,-386
336,17.385,6026,6260,16689,16566,-234
337,17.437,5758,6230,16392,16702,-472
338,17.489,6634,6187,17483,16316,447
339,17.541,5882,6285,15986,16690,-403
340,17.592,6178,6126,16571,16750,52
341,17.644,6395,6181,16845,16631,214
342,17.696,6027,6266,15980,16351,-239
343,17.748,5890,6224,16552,16435,-334
344,17.799,6937,6224,16326,16197,713
345,17.851,13281,6358,17196,16530,6923
346,17.903,11709,6382,15527,16577,5327
347,17.954,13237,6327,16166,16441,6910
348,18.006,12410,6108,16081,16464,6302
349,18.058,12758,6248,15749,16387,6510
350,18.11,13884,6449,16085,16566,7435
351,18.161,12910,6413,17028,16696,6497
352,18.213,11912,6370,16040,16488,5542
353,18.265,12874,6382,16491,16375,6492
354,18.317,12846,6138,15382,16357,6708
355,18.368,7756,6376,16068,16548,1380
356,18.42,9492,6327,14960,16952,3165
357,18.472,11211,6279,16288,16690,4932
358,18.524,10958,6291,15969,16470,4667
359,18.575,11786,6285,16125,16863,5501
360,18.627,10765,6388,16068,16381,4377
361,18.679,9259,6199,17364,16381,3060
362,18.731,11443,6333,17130,16625,5110
363,18.782,11361,6193,16423,16732,5168
364,18.834,11340,6413,17273,16393,4927
365,18.886,11378,6407,15517,16488,4971
366,18.938,11399,6272,15505,16542,5127
367,18.989,11694,6272,16570,16548,5422
368,19.041,10183,6443,16460,16589,3740
369,19.093,10597,6425,17291,16560,4172
370,19.145,11009,6358,17165,16542,4651
371,19.196,11682,6297,16491,16435,5385
372,19.248,12295,6272,15904,16661,6023
373,19.3,12257,6492,16234,16684,5765
374,19.352,11987,6248,16034,16566,5739
375,19.403,9607,6272,16771,16744,3335
376,19.455,10254,6394,16545,16869,3860
377,19.507,10968,6254,16283,16875,4714
378,19.558,10505,6315,15042,16554,4190
379,19.61,11784,6297,16942,16679,5487
380,19.662,10438,6254,15723,17077,4184
381,19.714,10455,6358,16397,16684,4097
382,19.765,11207,6388,15591,16720,4819
383,19.817,11001,6370,16834,16684,4631
384,19.869,12069,6407,16314,16756,5662
385,19.921,13807,6407,16154,16262,7400
386,19.972,12709,6352,15753,16226,6357
387,20.024,12257,6382,15219,16476,5875
388,20.076,8514,6346,15737,16750,2168
389,20.128,8845,6486,15693,16381,2359
390,20.179,10411,6370,15679,16215,4041
391,20.231,10817,6461,16707,16744,4356
392,20.283,10140,6291,16140,16310,3849
393,20.335,10796,6339,17022,16607,4457
394,20.386,10435,6364,16272,16345,4071
395,20.438,13679,6376,15801,16589,7303
396,20.49,13545,6559,16687,16762,6986
397,20.542,13543,6474,15602,16792,7069
398,20.593,12563,6364,17438,16696,6199
399,20.645,11857,6376,16806,16750,5481
400,20.697,12613,6272,16223,16542,6341
401,20.749,12924,6211,16914,16488,6713
402,20.8,15460,6236,16583,16304,9224
403,20.852,15590,6535,15743,16512,9055
404,20.904,15039,6449,16544,16583,8590
405,20.956,15187,6346,16628,17024,8841
406,21.007,15026,6474,15689,16423,8552
407,21.059,13430,6376,17155,16399,7054
408,21.111,12864,6376,16261,16476,6488
409,21.162,13961,6467,16947,16673,7494
410,21.214,13972,6352,16841,16583,7620
411,21.266,14016,6400,15944,16673,7616
412,21.318,12307,6266,16986,16732,6041
413,21.369,12050,6425,15476,16583,5625
414,21.421,12376,6486,16523,16506,5890
415,21.473,13198,6504,16926,16649,6694
416,21.525,12894,6364,16814,16762,6530
417,21.576,13077,6285,16332,16411,6792
418,21.628,12795,6400,15849,16292,6395
419,21.68,10853,6376,15622,16631,4477
420,21.732,7368,6199,15849,16548,1169
421,21.783,11725,6352,16561,16369,5373
422,21.835,13382,6498,17212,16827,6884
423,21.887,11504,6303,15802,16583,5201
424,21.939,6928,6053,16053,16476,875
425,21.99,8327,6169,16916,16571,2158
426,22.042,8179,6096,16261,16679,2083
427,22.094,9226,6236,16649,16667,2990
428,22.146,8414,6358,16076,16548,2056
429,22.197,8225,6394,16276,16631,1831
430,22.249,7735,6090,16854,16292,1645
431,22.301,7846,6224,16285,16744,1622
432,22.353,7132,6346,15599,16500,786
433,22.404,6363,6211,16578,16684,152
434,22.456,11890,6382,15588,16536,5508
435,22.508,10994,6431,15919,16899,4563
436,22.56,10650,6376,15841,16869,4274
437,22.611,11045,6425,15905,16875,4620
438,22.663,11413,6352,16922,16560,5061
439,22.715,10295,6370,16445,16833,3925
440,22.766,11461,6413,16230,16232,5048
441,22.818,9539,6279,17670,16928,3260
442,22.87,8874,6461,16995,16595,2413
443,22.922,9445,6279,16704,16595,3166
444,22.973,10381,6321,16961,16613,4060
445,23.025,7721,6187,17067,16173,1534
446,23.077,9407,6211,16412,16464,3196
447,23.129,9434,6315,15676,16595,3119
448,23.18,11146,6352,17438,16673,4794
449,23.232,12549,6498,14710,16637,6051
450,23.284,12095,6394,16411,16595,5701
451,23.336,11842,6260,16535,16357,5582
452,23.387,11033,6315,16358,16458,4718
453,23.439,12330,6443,16670,16887,5887
454,23.491,11644,6437,17250,16655,5207
455,23.543,10449,6358,15746,16447,4091
456,23.594,9773,6394,16624,16417,3379
457,23.646,11119,6297,15773,16512,4822
458,23.698,11594,6291,16441,16601,5303
459,23.75,11175,6321,15655,16786,4854
460,23.801,11929,6449,16540,16857,5480
461,23.853,11243,6510,16613,16476,4733
462,23.905,11865,6693,14798,16708,5172
463,23.957,11906,6565,16110,16857,5341
464,24.008,12171,6455,15439,16797,5716
465,24.06,11451,6724,16506,16726,4727
466,24.112,11909,6589,15993,16726,5320
467,24.164,12504,6656,16833,16803,5848
468,24.215,12265,6632,16764,16720,5633
469,24.267,11441,6467,17230,16655,4974
470,24.319,10954,6547,16810,16780,4407
471,24.37,11042,6650,16118,16375,4392
472,24.422,12549,6693,17463,16863,5856
473,24.474,9806,6693,16065,16637,3113
474,24.526,9549,6778,16345,16809,2771
475,24.577,6040,6492,16681,16916,-452
476,24.629,6342,6474,16012,16774,-132
477,24.681,6347,6315,16606,16899,32
478,24.733,6179,6205,16507,16482,-26
479,24.784,6317,6144,17561,16768,173
480,24.836,6848,6126,16143,16910,722
481,24.888,6375,6352,17299,16738,23
482,24.94,6256,6260,16575,16631,-4
483,24.991,5876,6297,17364,16863,-421
484,25.043,5517,6309,16268,16625,-792
485,25.095,6384,6346,17501,16577,38
486,25.147,6114,6242,15940,16601,-128
487,25.198,5720,6181,15289,16286,-461
488,25.25,6286,6315,15814,17059,-29
489,25.302,6258,6382,16367,17095,-124
490,25.354,5974,6163,16020,16530,-189
491,25.405,6614,6327,15896,16922,287
492,25.457,5803,6199,15433,16768,-396
493,25.509,6261,6333,16992,16595,-72
494,25.561,5876,6193,16242,16631,-317
495,25.612,5951,6272,17252,16809,-321
496,25.664,5744,6187,15418,17137,-443
497,25.716,6635,6346,15952,16887,289
498,25.768,6783,6559,15557,16720,224
499,25.819,6217,6516,16396,16744,-299
500,25.871,6855,6413,16466,16934,442
501,25.923,5888,6364,16349,16637,-476
502,25.974,6117,6352,15940,16809,-235
503,26.026,6498,6516,16667,17024,-18
504,26.078,6150,6535,16935,16637,-385
505,26.13,6429,6443,17286,16738,-14
506,26.181,5783,6370,16173,16673,-587
507,26.233,6649,6608,15908,17029,41
508,26.285,6000,6486,16073,16518,-486
509,26.337,6476,6364,16683,16774,112
510,26.388,6688,6364,17395,16797,324
511,26.44,5728,6419,17198,16643,-691
512,26.492,6800,6339,16138,16411,461
513,26.544,7589,6431,16887,16887,1158
514,26.595,5825,6492,16977,16815,-667
515,26.647,6315,6193,17147,16910,122
516,26.699,6503,6425,15795,16958,78
517,26.751,6424,6431,17671,16720,-7
518,26.802,6294,6419,16281,16815,-125
519,26.854,6677,6480,16906,16946,197
520,26.906,6368,6419,16213,16928,-51
521,26.958,5811,6376,17162,16411,-565
522,27.009,6060,6455,15916,16809,-395
523,27.061,6485,6486,16776,16809,-1
524,27.113,6167,6413,15953,16601,-246
525,27.165,5898,6266,16305,17029,-368
526,27.216,6257,6614,17131,16274,-357
527,27.268,6007,6443,16145,16774,-436
528,27.32,6072,6309,16405,16732,-237
529,27.372,6090,6382,16006,16732,-292
530,27.423,6633,6467,16449,16720,166
531,27.475,6328,6413,16030,16910,-85
532,27.527,6853,6535,15874,16577,318
533,27.578,6021,6419,16917,16607,-398
534,27.63,5971,6303,16208,16708,-332
535,27.682,6489,6474,15516,16851,15
536,27.734,6105,6187,16378,16827,-82
537,27.785,6506,6260,16609,16560,246
538,27.837,6310,6272,16875,16833,38
539,27.889,6645,6358,16832,16673,287
540,27.941,6504,6236,16860,16518,268
541,27.992,6995,6211,15909,16684,784
542,28.044,6183,6254,17239,16643,-71
543,28.096,6463,6230,15938,16786,233
544,28.148,6505,6224,16601,16655,281
545,28.199,6014,6138,16919,16696,-124
546,28.251,6071,6437,15561,16946,-366
547,28.303,6597,6321,16331,16369,276
548,28.355,6213,6486,15789,16595,-273
549,28.406,6397,6230,16569,16714,167
550,28.458,5588,6364,16232,16833,-776
551,28.51,5962,6474,16744,16494,-512
552,28.562,6426,6333,17074,16429,93
553,28.613,5898,6114,16175,16447,-216
554,28.665,6384,6425,16248,16833,-41
555,28.717,6125,6309,16210,16661,-184
556,28.769,5619,6199,16765,16589,-580
557,28.82,6392,6297,15926,16839,95
558,28.872,6360,6236,16324,16673,124
559,28.924,6211,6309,16808,17018,-98
560,28.976,6155,6449,16043,16470,-294
561,29.027,6601,6254,16707,16619,347
562,29.079,6307,6315,15889,16786,-8
563,29.131,5933,6498,17597,16631,-565
564,29.182,5982,6254,15989,16500,-272
565,29.234,5994,6175,16177,16566,-181
566,29.286,5987,6248,16629,16589,-261
567,29.338,6372,6065,16883,16940,307
568,29.389,6409,6236,16378,16667,173
569,29.441,6418,6242,16367,16458,176
570,29.493,6347,6498,16282,16934,-151
571,29.545,6106,6364,16488,16750,-258
572,29.596,6535,6394,16622,16661,141
573,29.648,6004,6486,16892,16458,-482
574,29.7,5733,6425,16450,16560,-692
575,29.752,6076,6260,15783,16625,-184
576,29.803,5924,6333,15857,16744,-409
577,29.855,6371,6425,15455,16684,-54
578,29.907,6740,6291,15764,16452,449
579,29.959,6368,6285,16788,16351,83
580,30.01,6432,6157,15816,16375,275
581,30.062,6479,6291,15973,16780,188
582,30.114,6456,6449,16492,16726,7
583,30.166,6811,6413,16165,16893,398
584,30.217,6659,6315,16556,16429,344
585,30.269,6194,6279,15746,16548,-85
586,30.321,5709,6309,15586,16875,-600
587,30.373,6229,6297,15997,16667,-68
588,30.424,5959,6382,15070,16958,-423
589,30.476,6506,6218,17283,16429,288
590,30.528,6535,6291,15727,16441,244
591,30.58,5895,6303,16723,16500,-408
592,30.631,6530,6333,16497,16256,197
593,30.683,6444,6413,15930,16940,31
594,30.735,5680,6169,15930,16661,-489
595,30.786,6243,6260,15441,16607,-17
596,30.838,5649,6297,17222,16958,-648
597,30.89,6031,6388,17220,16375,-357
598,30.942,6389,6352,16107,16619,37
599,30.993,5835,6242,16278,16613,-407
600,31.045,6221,6272,17258,16447,-51
601,31.097,6522,6486,16311,16643,36
602,31.149,5675,6242,16677,16786,-567
603,31.2,6130,6358,16645,16797,-228
604,31.252,6542,6413,15497,16536,129
605,31.304,6096,6352,16179,16512,-256
606,31.356,6038,6370,15859,16435,-332
607,31.407,6744,6291,14776,16625,453
608,31.459,5949,6254,17625,16857,-305
609,31.511,6119,6388,16444,16441,-269
610,31.563,6280,6303,15894,16649,-23
611,31.614,6584,6400,16662,16815,184
612,31.666,6554,6266,15811,16988,288
613,31.718,7118,6254,16154,16774,864
614,31.77,6183,6407,16661,16643,-224
615,31.821,6480,6291,15908,16518,189
616,31.873,6165,6388,16422,16667,-223
617,31.925,6226,6218,16877,16458,8
618,31.977,6165,6376,15878,16887,-211
619,32.028,6826,6333,15735,16750,493
620,32.08,6626,6339,16555,16601,287
621,32.132,5731,6358,16431,16393,-627
622,32.184,6212,6230,14868,16762,-18
623,32.235,5836,6388,16195,16607,-552
624,32.287,6105,6425,16141,16643,-320
625,32.339,5811,6279,16782,16631,-468
626,32.39,5894,6224,16097,16560,-330
627,32.442,6518,6437,16260,16506,81
628,32.494,5940,6315,16489,16768,-375
629,32.546,6694,6528,16518,16601,166
630,32.597,6428,6352,17495,16476,76
631,32.649,5878,6211,15842,16643,-333
632,32.701,6734,6510,16379,16554,224
633,32.753,5973,6358,17006,16643,-385
634,32.804,6022,6327,15599,16803,-305
635,32.856,5705,6407,16065,16655,-702
636,32.908,6361,6358,16883,16649,3
637,32.96,5983,6400,17354,16429,-417
638,33.011,6009,6388,16799,16732,-379
639,33.063,6314,6553,15981,16887,-239
640,33.115,6259,6400,16850,16470,-141
641,33.167,6443,6522,15450,16566,-79
642,33.218,6316,6260,15981,16375,56
643,33.27,6608,6309,16833,16583,299
644,33.322,6535,6242,17371,16667,293
645,33.374,6267,6388,16441,16494,-121
646,33.425,6591,6394,15936,16494,197
647,33.477,6215,6327,16344,16310,-112
648,33.529,5834,6358,16620,16637,-524
649,33.581,6515,6272,16672,16542,243
650,33.632,6112,6528,16113,16542,-416
651,33.684,6140,6425,15528,16637,-285
652,33.736,5932,6358,16599,16744,-426
653,33.788,6013,6358,15444,16363,-345
654,33.839,5696,6437,16058,16744,-741
655,33.891,6576,6260,16589,16720,316
656,33.943,6568,6364,16013,16542,204
657,33.994,6541,6309,15950,16441,232
658,34.046,6075,6413,16390,16679,-338
659,34.098,5554,6315,16371,16512,-761
660,34.15,6420,6303,16452,16583,117
661,34.201,6783,6315,15565,16750,468
662,34.253,6139,6321,15626,17041,-182
663,34.305,6183,6407,16141,16458,-224
664,34.357,6278,6346,16443,16667,-68
665,34.408,5626,6218,16955,16619,-592
666,34.46,6038,6260,16433,16732,-222
667,34.512,6170,6559,16976,16619,-389
668,34.564,6406,6504,14918,16304,-98
669,34.615,5771,6498,16140,16726,-727
670,34.667,6402,6205,16057,16845,197
671,34.719,6378,6333,15449,16774,45
672,34.771,6674,6218,17572,16488,456
673,34.822,5920,6059,15775,16619,-139
674,34.874,6429,6333,16758,16768,96
675,34.926,6538,6132,17418,16577,406
676,34.978,6492,6077,15196,16655,415
677,35.029,6751,6218,17107,16571,533
678,35.081,6201,6205,15313,16797,-4
679,35.133,6082,6108,16085,16673,-26
680,35.185,6099,6333,16751,16435,-234
681,35.236,6247,6205,16062,16488,42
682,35.288,5799,6187,16279,16577,-388
683,35.34,6179,6120,16949,16988,59
684,35.392,6411,6242,16632,16542,169
685,35.443,6146,6382,16339,16720,-236
686,35.495,6255,6303,15716,16649,-48
687,35.547,6533,6230,16271,16655,303
688,35.598,6276,6236,15352,16946,40
689,35.65,6307,6187,16694,16875,120
690,35.702,6168,6285,15902,16803,-117
691,35.754,6280,6224,17005,16577,56
692,35.805,6502,6114,17047,16756,388
693,35.857,6005,6120,16083,16803,-115
694,35.909,6190,6297,17176,16732,-107
695,35.961,6238,6315,17482,16673,-77
696,36.012,6754,6169,15845,16649,585
697,36.064,6376,6102,15923,16803,274
698,36.116,6028,6126,17428,16768,-98
699,36.168,6259,6120,16863,16512,139
700,36.219,5983,6279,15162,16809,-296
701,36.271,5754,6285,16627,16583,-531
702,36.323,6017,6144,15591,16536,-127
703,36.375,6336,6297,15755,16928,39
704,36.426,6224,6260,16554,16762,-36
705,36.478,6153,6193,15610,16887,-40
706,36.53,5989,6138,15891,16803,-149
707,36.582,5874,6272,15991,16601,-398
708,36.633,6435,6144,16135,16679,291
709,36.685,6056,6029,15551,16577,27
710,36.737,6395,6260,16256,16423,135
711,36.789,6260,6291,17353,16839,-31
712,36.84,6004,6321,16889,16542,-317
713,36.892,5975,6541,15990,16637,-566
714,36.944,6251,6474,16332,16821,-223
715,36.996,6271,6400,16052,16833,-129
716,37.047,6511,6297,14499,16714,214
717,37.099,5970,6364,15662,16851,-394
718,37.151,6305,6358,17647,16560,-53
719,37.202,6312,6315,16665,16922,-3
720,37.254,5884,6407,16659,16786,-523
721,37.306,6212,6260,16353,16780,-48
722,37.358,5853,6346,15271,16910,-493
723,37.409,6326,6248,17104,16946,78
724,37.461,6090,6144,16205,16910,-54
725,37.513,6463,6144,16273,16679,319
726,37.565,6301,6169,16617,16518,132
727,37.616,5829,6230,16144,16536,-401
728,37.668,6117,6285,15708,16803,-168
729,37.72,6027,6242,15636,16797,-215
730,37.772,6144,6169,17309,16792,-25
731,37.823,6202,6315,16151,16839,-113
732,37.875,5894,6120,16343,16768,-226
733,37.927,6606,6151,15137,16345,455
734,37.979,5989,6193,15187,16720,-204
735,38.03,5863,6285,15818,16887,-422
736,38.082,6076,6516,15674,17119,-440
737,38.134,6205,6230,17499,16696,-25
738,38.186,6032,6230,16931,16518,-198
739,38.237,6066,6309,16049,16601,-243
740,38.289,6069,6291,16209,16714,-222
741,38.341,6366,6236,17458,16851,130
742,38.393,5819,6175,15906,16875,-356
743,38.444,6640,6187,15557,16601,453
744,38.496,6624,6126,16174,16357,498
745,38.548,6562,6029,15652,16554,533
746,38.6,6233,6248,15901,16720,-15
747,38.651,5583,6230,17723,16447,-647
748,38.703,6165,6144,16144,16369,21
749,38.755,6318,6242,17125,16577,76
750,38.806,6438,6065,16406,16803,373
751,38.858,5623,6279,16377,16976,-656
752,38.91,6247,6236,16825,16334,11
753,38.962,5823,6236,15564,16869,-413
754,39.013,6216,6224,16607,16833,-8
755,39.065,5792,6114,16185,16554,-322
756,39.117,6433,6242,16106,16607,191
757,39.169,5931,6083,15538,16643,-152
758,39.22,6386,6102,16393,16441,284
759,39.272,6261,6236,16662,16667,25
760,39.324,6039,6285,17515,16500,-246
761,39.376,5906,6425,16418,16738,-519
762,39.427,6257,6169,17872,16756,88
763,39.479,6262,6303,16458,16667,-41
764,39.531,5956,6254,16805,16797,-298
765,39.583,5865,6187,16256,16631,-322
766,39.634,5677,6254,16221,16690,-577
767,39.686,5857,6260,15694,16762,-403
768,39.738,5700,6376,16225,16560,-676
769,39.79,6399,6151,17648,16583,248
770,39.841,6182,6230,16996,16768,-48
771,39.893,6199,6163,16592,16536,36
772,39.945,6442,6254,16864,16649,188
773,39.997,6098,6236,16704,16631,-138
774,40.048,6746,6187,16441,16750,559
775,40.1,6094,6254,15727,16738,-160
776,40.152,5842,6321,16332,16994,-479
777,40.204,6630,6279,15992,16934,351
778,40.255,6851,6211,17679,16774,640
779,40.307,6663,6272,16280,16839,391
780,40.359,5422,6297,16152,16530,-875
781,40.41,6406,6431,16937,16690,-25
782,40.462,6249,6211,14888,16994,38
783,40.514,6223,6126,15688,16899,97
784,40.566,6044,6230,15504,16464,-186
785,40.617,5565,6254,16254,16809,-689
786,40.669,5960,6132,16807,16786,-172
787,40.721,6357,6199,16141,16726,158
788,40.773,6484,6199,16129,16417,285
789,40.824,6205,6065,16913,17012,140
790,40.876,6491,6236,15936,16833,255
791,40.928,5962,6218,15762,16887,-256
792,40.98,5970,6309,15629,16613,-339
793,41.031,6267,6291,15972,16815,-24
794,41.083,6414,6272,17526,16875,142
795,41.135,6060,6266,16251,16851,-206
796,41.187,6106,6230,16810,16631,-124
797,41.238,6004,6346,18324,16768,-342
798,41.29,6352,6333,16651,16732,19
799,41.342,6547,6260,17131,17035,287
800,41.394,5836,6272,15907,17047,-436
801,41.445,6015,6358,17040,16803,-343
802,41.497,6129,6266,16510,16536,-137
803,41.549,6474,6388,17529,16910,86
804,41.601,5916,6370,16473,16756,-454
805,41.652,5919,6181,15865,16720,-262
806,41.704,6040,6419,15884,16714,-379
807,41.756,6512,6413,16733,17006,99
808,41.808,6185,6236,16986,16780,-51
809,41.859,6036,6358,15596,16708,-322
810,41.911,5816,6272,16355,16750,-456
811,41.963,6411,6071,16296,17000,340
812,42.015,6240,6230,17088,16839,10
813,42.066,5608,6236,15700,16988,-628
814,42.118,6626,6260,15813,17226,366
815,42.17,6324,6218,16172,16875,106
816,42.221,6070,6138,15355,16839,-68
817,42.273,6468,6297,14795,16958,171
818,42.325,5982,6090,15841,17131,-108
819,42.377,6066,6382,15891,16905,-316
820,42.428,6572,6236,15375,16839,336
821,42.48,5962,6297,16850,16690,-335
822,42.532,5863,6187,16365,16821,-324
823,42.584,6510,6346,16319,16702,164
824,42.635,5758,6315,15388,16845,-557
825,42.687,6997,6272,18768,16940,725
826,42.739,5945,6394,15857,16964,-449
827,42.791,5675,6272,15108,16447,-597
828,42.842,6191,6260,16509,16982,-69
829,42.894,6292,6193,16377,16744,99
830,42.946,6088,6211,15455,16566,-123
831,42.998,6527,6242,16363,16922,285
832,43.049,5899,6071,17355,17178,-172
833,43.101,6050,6224,16426,16649,-174
834,43.153,5830,6138,15987,17006,-308
835,43.205,6190,6205,15997,17131,-15
836,43.256,6165,6266,16087,16631,-101
837,43.308,6166,6169,16920,16714,-3
838,43.36,6230,6382,16415,16488,-152
839,43.412,6505,6138,16530,16946,367
840,43.463,6284,6449,16027,17119,-165
841,43.515,6553,6199,16910,17131,354
842,43.567,6174,6199,15607,16827,-25
843,43.619,6289,6248,17176,16827,41
844,43.67,6296,6333,15797,16940,-37
845,43.722,6628,6394,16013,17321,234
846,43.774,7038,6333,16594,16673,705
847,43.825,6196,6339,16605,16661,-143
848,43.877,6362,6236,16125,17071,126
849,43.929,6317,6126,18258,16690,191
850,43.981,5983,6382,15615,16845,-399
851,44.032,5934,6193,16143,16988,-259
852,44.084,6471,6199,16716,16661,272
853,44.136,6953,6181,15610,16655,772
854,44.188,6107,6254,16506,16964,-147
855,44.239,6563,6474,17293,16875,89
856,44.291,6109,6303,15383,16780,-194
857,44.343,6198,6096,17207,16916,102
858,44.395,6428,6315,16646,16821,113
859,44.446,5933,6163,17318,16905,-230
860,44.498,5996,6193,15632,17024,-197
861,44.55,6053,6199,16659,16887,-146
862,44.602,6087,6175,16373,17024,-88
863,44.653,5841,6321,16719,17148,-480
864,44.705,5987,6199,17162,16732,-212
865,44.757,6501,6224,16663,17142,277
866,44.809,5473,6169,16323,16851,-696
867,44.86,5950,6321,15765,16851,-371
868,44.912,6878,6339,16760,16952,539
869,44.964,6115,6242,17425,16940,-127
870,45.016,6523,6199,17836,16851,324
871,45.067,5908,6218,16553,17000,-310
872,45.119,6382,6254,15912,17029,128
873,45.171,6278,6242,16781,16982,36
874,45.223,6055,6211,16307,16910,-156
875,45.274,6487,6309,16461,16899,178
876,45.326,6052,6242,17312,16708,-190
877,45.378,5866,6346,16314,16952,-480
878,45.429,5707,6205,17451,16809,-498
879,45.481,6399,6382,16629,16881,17
880,45.533,6278,6175,16939,16750,103
881,45.585,6331,6108,15351,16554,223
882,45.636,5700,6224,15277,16714,-524
883,45.688,6097,6126,15609,16899,-29
884,45.74,6331,6352,16457,16928,-21
885,45.792,6390,6449,16420,17065,-59
886,45.843,6270,6285,16321,17131,-15
887,45.895,5791,6230,17671,17077,-439
888,45.947,6344,6431,16916,17035,-87
889,45.999,6279,6285,15651,16857,-6
890,46.05,6148,6370,16722,16643,-222
891,46.102,6175,6352,17056,16833,-177
892,46.154,6264,6211,16340,16714,53
893,46.206,6382,6266,15891,16595,116
894,46.257,6039,6248,16203,16815,-209
895,46.309,6347,6126,15775,17029,221
896,46.361,6521,6260,15823,16869,261
897,46.413,5431,6132,16233,17053,-701
898,46.464,6492,6181,16769,16702,311
899,46.516,6399,6211,16066,16661,188
900,46.568,6313,6333,17188,16482,-20
901,46.62,6094,6181,16369,16768,-87
902,46.671,5630,6218,16196,16702,-588
903,46.723,6140,6260,16300,17214,-120
904,46.775,6366,6297,17049,17244,69
905,46.827,6351,6279,16739,16571,72
906,46.878,6171,6108,16363,16601,63
907,46.93,6491,6285,16689,16916,206
908,46.982,5586,6193,16378,16922,-607
909,47.033,6505,6187,16995,16833,318
910,47.085,6376,6309,16022,16714,67
911,47.137,5685,6138,16575,16690,-453
912,47.189,6133,6163,16413,16447,-30
913,47.24,6491,6230,16674,16571,261
914,47.292,5616,6096,16274,16964,-480
915,47.344,6978,6248,18104,16976,730
916,47.396,6419,6272,16265,16958,147
917,47.447,6478,6352,16995,16768,126
918,47.499,5916,6224,16364,16928,-308
919,47.551,6502,6321,17709,16940,181
920,47.603,6291,6242,16946,16673,49
921,47.654,6283,6303,16992,16786,-20
922,47.706,6123,6218,16928,16803,-95
923,47.758,5966,6205,15606,16964,-239
924,47.81,6366,6175,16535,17035,191
925,47.861,5932,6199,15482,16542,-267
926,47.913,5938,6114,15905,16952,-176
927,47.965,5854,6266,16042,16922,-412
928,48.017,6380,6358,15509,16821,22
929,48.068,6019,6230,17211,16803,-211
930,48.12,6214,6309,16334,16768,-95
931,48.172,6008,6303,17405,16815,-295
932,48.224,6032,6254,17516,16756,-222
933,48.275,5835,6339,16220,16970,-504
934,48.327,6485,6382,17343,16893,103
935,48.379,6668,6285,16720,16934,383
936,48.431,6232,6083,16052,16571,149
937,48.482,6565,6132,16158,16809,433
938,48.534,6027,6120,17563,16940,-93
939,48.586,5774,6065,16163,16762,-291
940,48.637,5886,6291,16919,16827,-405
941,48.689,6268,6138,17146,17012,130
942,48.741,6774,6297,16620,16768,477
943,48.793,5796,6279,16075,16845,-483
944,48.844,6145,6169,15394,16845,-24
945,48.896,6212,6138,16752,17041,74
946,48.948,6017,6120,17447,17178,-103
947,49.0,5894,6352,15950,17119,-458
948,49.051,6281,6108,15930,16958,173
949,49.103,6753,6370,15031,16732,383
950,49.155,5977,6260,17278,16803,-283
951,49.207,6041,6181,17070,17196,-140
952,49.258,5881,6199,15432,17089,-318
953,49.31,6009,6272,17394,16762,-263
954,49.362,6269,6279,16563,17077,-10
955,49.414,6496,6181,16778,16607,315
956,49.465,7010,6090,16394,17101,920
957,49.517,6471,6187,16120,16887,284
958,49.569,5857,6205,16967,17024,-348
959,49.621,6446,6096,16591,16690,350
960,49.672,6028,6303,16828,16893,-275
961,49.724,6221,6151,16362,16702,70
962,49.776,6390,6151,16775,17178,239
963,49.828,5371,6108,17077,17101,-737
964,49.879,5654,6199,16359,16863,-545
965,49.931,5779,6236,16344,17160,-457
966,49.983,6771,6120,16354,16661,651
967,50.035,6524,6242,17040,16750,282
968,50.086,6591,6181,17186,16601,410
969,50.138,6418,6163,17447,16607,255
970,50.19,6204,6181,16638,16506,23
971,50.241,5998,6126,16349,17035,-128
972,50.293,5891,6193,16258,16869,-302
973,50.345,6115,6126,16289,17029,-11
974,50.397,6240,6352,16828,16946,-112
975,50.448,5985,6138,16635,16994,-153
976,50.5,5987,6071,15948,16613,-84
977,50.552,6176,6169,16068,16964,7
978,50.604,6758,6303,17404,17166,455
979,50.655,6150,6157,16081,16762,-7
980,50.707,6317,6132,15396,17190,185
981,50.759,5817,6211,16909,16964,-394
982,50.811,6298,6230,16997,16809,68
983,50.862,6349,6230,15905,16857,119
984,50.914,6520,6236,16288,16673,284
985,50.966,6004,6211,15904,17160,-207
986,51.018,6249,6248,17532,16815,1
987,51.069,6159,6199,16898,17267,-40
988,51.121,6133,6279,16723,16560,-146
989,51.173,6725,6291,17023,16922,434
990,51.225,6429,6144,16623,16762,285
991,51.276,6387,6285,16702,16714,102
992,51.328,5934,6541,15201,16649,-607
993,51.38,6488,6199,17952,16732,289
994,51.432,6383,6327,17022,16875,56
995,51.483,6391,6303,16496,16869,88
996,51.535,6345,6260,16572,16690,85
997,51.587,6607,6291,16026,16797,316
998,51.639,6352,6205,17060,16762,147
999,51.69,6881,6279,16476,16679,602
