frame,Time [s],CH1,BGND1,CH2,BGND2,intensity
0,0.0,12921,14917,30676,30774,-1996
1,0.052,14177,14833,31266,30162,-656
2,0.103,13054,14373,29338,30817,-1319
3,0.155,14641,14355,30135,30647,286
4,0.207,13369,14457,28405,31023,-1088
5,0.259,13289,13685,29284,30046,-396
6,0.31,13354,14289,29361,30550,-935
7,0.362,13298,13924,29428,30689,-626
8,0.414,13335,14684,30778,30416,-1349
9,0.466,13083,13912,28771,30792,-829
10,0.517,13367,13817,29281,30562,-450
11,0.569,12332,13715,28906,30786,-1383
12,0.621,11713,13219,29880,30550,-1506
13,0.673,12884,13631,30025,30107,-747
14,0.724,13744,13942,28108,30519,-198
15,0.776,12656,13482,29067,30792,-826
16,0.828,14015,13799,30113,30386,216
17,0.88,13462,13374,30198,30162,88
18,0.931,12311,13602,29140,30968,-1291
19,0.983,12550,13703,29269,30659,-1153
20,1.035,12423,13578,29877,30677,-1155
21,1.087,11990,13380,28831,30422,-1390
22,1.138,12347,13805,30317,30744,-1458
23,1.19,13318,14020,28780,30380,-702
24,1.242,13697,14223,28912,30993,-526
25,1.294,12425,14492,29848,30689,-2067
26,1.345,14279,14642,29364,30083,-363
27,1.397,13694,14026,28576,30617,-332
28,1.449,12936,14158,28814,30550,-1222
29,1.501,13109,13470,30653,30283,-361
30,1.552,14510,12890,30385,30168,1620
31,1.604,13263,13655,30417,30162,-392
32,1.656,15338,13046,31407,30677,2292
33,1.707,14977,13380,29875,30956,1597
34,1.759,14355,13362,30519,30404,993
35,1.811,14744,13667,29263,30362,1077
36,1.863,15404,14020,28983,30325,1384
37,1.914,11818,13763,28404,30398,-1945
38,1.966,13037,13769,30197,30889,-732
39,2.018,12922,13703,29073,30052,-781
40,2.07,13042,13452,29814,30695,-410
41,2.121,13177,13775,28385,30853,-598
42,2.173,14502,13805,31140,31174,697
43,2.225,13137,13434,28155,30744,-297
44,2.277,12464,13422,28697,30210,-958
45,2.328,13503,13685,28779,30289,-182
46,2.38,12614,13195,30102,30677,-581
47,2.432,13352,13602,29249,30865,-250
48,2.484,14156,13440,27649,30962,716
49,2.535,12973,13667,30083,30720,-694
50,2.587,12852,13422,30580,29961,-570
51,2.639,11839,13374,29761,30683,-1535
52,2.691,12218,13536,29928,30798,-1318
53,2.742,12480,13751,30695,30265,-1271
54,2.794,12779,13303,29731,30471,-524
55,2.846,14347,13739,29850,30477,608
56,2.898,12918,13309,28122,30374,-391
57,2.949,11624,12842,30513,30289,-1218
58,3.001,12924,12866,30429,30089,58
59,3.053,11208,12920,29493,30889,-1712
60,3.105,11697,13123,30022,30501,-1426
61,3.156,11893,12944,30795,30137,-1051
62,3.208,12349,12842,28546,30386,-493
63,3.26,13079,13087,30072,30465,-8
64,3.311,12073,13171,29579,30265,-1098
65,3.363,13144,12884,29550,30568,260
66,3.415,12109,13285,28546,30701,-1176
67,3.467,12759,12741,29395,30459,18
68,3.518,12145,13398,28396,30513,-1253
69,3.57,11723,13446,29459,30228,-1723
70,3.622,12172,13105,28446,30659,-933
71,3.674,11885,12651,30088,30756,-766
72,3.725,11906,12442,30134,30707,-536
73,3.777,11402,12621,29028,30926,-1219
74,3.829,13430,12765,30788,30859,665
75,3.881,12552,13267,29467,30726,-715
76,3.932,11667,12812,30120,30641,-1145
77,3.984,12592,12830,29248,30404,-238
78,4.036,11762,13219,31894,30653,-1457
79,4.088,12883,13560,30183,30714,-677
80,4.139,11977,13219,30023,30683,-1242
81,4.191,12617,13327,29637,30307,-710
82,4.243,12377,13225,30863,30574,-848
83,4.295,11256,13207,29739,30556,-1951
84,4.346,12169,13321,30992,30156,-1152
85,4.398,13518,12723,31275,30307,795
86,4.45,13566,12932,29464,30477,634
87,4.502,12392,13398,30477,30926,-1006
88,4.553,12663,13087,31067,30416,-424
89,4.605,13397,13560,30145,30974,-163
90,4.657,14233,13309,30853,30714,924
91,4.709,12298,12956,29916,30780,-658
92,4.76,12696,12513,29792,30635,183
93,4.812,11011,12932,29050,30647,-1921
94,4.864,12492,13135,28479,30926,-643
95,4.915,12840,12908,30324,30780,-68
96,4.967,12506,12597,30374,30811,-91
97,5.019,13736,13022,29567,30513,714
98,5.071,11980,12920,30909,30720,-940
99,5.122,13110,12729,31802,30453,381
100,5.174,11676,12436,29116,30519,-760
101,5.226,12519,12454,30108,30471,65
102,5.278,11956,12788,30991,31162,-832
103,5.329,12431,12956,30289,30707,-525
104,5.381,12589,12705,30539,30240,-116
105,5.433,12206,12914,29913,30501,-708
106,5.485,11864,12836,29808,30471,-972
107,5.536,12156,12430,30049,30841,-274
108,5.588,12144,12418,29851,30586,-274
109,5.64,12903,12741,29798,30811,162
110,5.692,11709,12442,31304,30501,-733
111,5.743,11190,12567,28010,31047,-1377
112,5.795,11607,12083,29661,30410,-476
113,5.847,11991,12765,29481,30356,-774
114,5.899,12270,13213,30746,30738,-943
115,5.95,12403,12496,30453,30889,-93
116,6.002,13452,12771,29615,30817,681
117,6.054,11485,13028,29434,30792,-1543
118,6.106,11360,12705,29804,31084,-1345
119,6.157,12815,13087,29404,30883,-272
120,6.209,12204,12884,30561,31047,-680
121,6.261,11986,12729,31175,30968,-743
122,6.313,11011,12938,31061,30562,-1927
123,6.364,11730,12908,30326,31247,-1178
124,6.416,13349,13147,30236,31241,202
125,6.468,13672,12992,28526,31199,680
126,6.519,12021,12711,30876,30853,-690
127,6.571,12885,13099,29709,30483,-214
128,6.623,12586,12699,29956,30798,-113
129,6.675,14924,12699,30044,31084,2225
130,6.726,12410,13010,30196,30629,-600
131,6.778,13394,12938,29209,30307,456
132,6.83,14083,12788,31006,30847,1295
133,6.882,14497,12681,28755,30859,1816
134,6.933,12105,12466,30041,30453,-361
135,6.985,12967,12268,31350,30301,699
136,7.037,13518,13028,28693,30441,490
137,7.089,14466,13105,30154,30980,1361
138,7.14,12972,12424,29131,30938,548
139,7.192,12318,11922,30234,30574,396
140,7.244,11646,12089,27857,31223,-443
141,7.296,12652,12262,30313,30986,390
142,7.347,12338,12382,30162,30811,-44
143,7.399,12726,12436,30259,30841,290
144,7.451,14348,13075,31510,30926,1273
145,7.503,14147,12609,29200,30986,1538
146,7.554,11786,12376,29045,30805,-590
147,7.606,11869,12388,29920,30701,-519
148,7.658,11809,12310,29128,31290,-501
149,7.71,12069,12197,30570,31065,-128
150,7.761,12610,12842,31010,30544,-232
151,7.813,12332,12663,29390,30580,-331
152,7.865,13455,13177,28090,30920,278
153,7.917,12469,12765,30360,31150,-296
154,7.968,12816,12519,30535,31296,297
155,8.02,12488,12621,30557,30641,-133
156,8.072,14492,13105,28643,30944,1387
157,8.123,16352,12848,29029,31126,3504
158,8.175,18419,12986,30666,31174,5433
159,8.227,11851,12603,27907,31138,-752
160,8.279,12632,12771,29298,30574,-139
161,8.33,13374,12806,28768,31356,568
162,8.382,13404,12920,29376,31399,484
163,8.434,13283,12782,28595,30350,501
164,8.486,10968,12412,28600,30871,-1444
165,8.537,10376,12113,29415,30750,-1737
166,8.589,11574,12029,30590,31017,-455
167,8.641,11837,11975,29175,30277,-138
168,8.693,11812,12256,28518,30592,-444
169,8.744,13736,12496,29286,30689,1240
170,8.796,12696,12167,29588,30665,529
171,8.848,12154,11892,29782,30386,262
172,8.9,12756,12220,30599,30962,536
173,8.951,11614,11981,29022,31338,-367
174,9.003,11066,11778,29801,30847,-712
175,9.055,11707,12119,29700,31532,-412
176,9.107,11469,11742,30032,30817,-273
177,9.158,12071,11957,30420,31272,114
178,9.21,11505,12603,30931,30780,-1098
179,9.262,11653,11778,29284,30938,-125
180,9.314,10654,12179,29601,30750,-1525
181,9.365,12302,12364,29194,31096,-62
182,9.417,12642,11880,28301,31314,762
183,9.469,12714,11963,30522,30707,751
184,9.521,13053,12238,30796,30647,815
185,9.572,12176,12238,30266,30186,-62
186,9.624,12929,12759,30180,30714,170
187,9.676,14602,13446,29937,31029,1156
188,9.727,12412,12926,29087,30853,-514
189,9.779,12823,12818,29042,31120,5
190,9.831,14125,13171,30257,31084,954
191,9.883,14901,12484,28949,30986,2417
192,9.934,13697,12448,28791,30902,1249
193,9.986,12930,12364,30393,30938,566
194,10.038,13287,12053,29463,31084,1234
195,10.09,12878,12017,29844,31084,861
196,10.141,10734,12119,29816,30592,-1385
197,10.193,11572,11772,29034,31363,-200
198,10.245,11815,12352,29873,31005,-537
199,10.297,10706,11987,28931,31211,-1281
200,10.348,12532,12107,30117,31193,425
201,10.4,12300,12023,29040,30829,277
202,10.452,11537,11772,30710,31569,-235
203,10.504,11553,11928,30254,31296,-375
204,10.555,11001,11802,31808,31065,-801
205,10.607,12434,12125,30402,31162,309
206,10.659,12424,12358,32395,31187,66
207,10.711,12486,12460,29938,31411,26
208,10.762,13730,12173,28327,30732,1557
209,10.814,10420,11808,30762,30817,-1388
210,10.866,12327,12232,31797,31041,95
211,10.918,11844,12035,30047,31417,-191
212,10.969,12581,12531,30754,30768,50
213,11.021,12465,12442,29410,30829,23
214,11.073,11510,12310,30549,31011,-800
215,11.125,13104,12370,31745,31332,734
216,11.176,11424,11802,29324,31041,-378
217,11.228,12006,12298,31102,30944,-292
218,11.28,11728,12041,30318,31496,-313
219,11.331,12312,12179,31058,31156,133
220,11.383,12581,12609,29165,31059,-28
221,11.435,11646,12735,30664,30962,-1089
222,11.487,12542,12005,30950,30968,537
223,11.538,11622,12262,30215,31181,-640
224,11.59,12403,12298,29438,31150,105
225,11.642,12881,11981,29336,30556,900
226,11.694,10643,12029,30250,31296,-1386
227,11.745,12184,11802,31599,30610,382
228,11.797,11606,11928,31566,31320,-322
229,11.849,14231,12011,28276,30683,2220
230,11.901,11833,12298,30291,30926,-465
231,11.952,11994,11969,30888,30841,25
232,12.004,13076,11916,29966,30635,1160
233,12.056,11579,12226,28729,30738,-647
234,12.108,10712,12226,30631,30629,-1514
235,12.159,15797,12125,29309,31205,3672
236,12.211,15469,12035,29347,30313,3434
237,12.263,11560,12304,31226,30993,-744
238,12.315,13732,12555,29964,30805,1177
239,12.366,13039,12424,29541,31011,615
240,12.418,12854,12191,30719,30829,663
241,12.47,13823,12591,30385,30780,1232
242,12.522,10817,11957,28861,31174,-1140
243,12.573,12928,11993,30978,30853,935
244,12.625,12319,11658,29929,31272,661
245,12.677,11892,12119,30723,30786,-227
246,12.729,12338,11993,30146,31265,345
247,12.78,11425,12256,30114,30750,-831
248,12.832,12567,11892,29193,30944,675
249,12.884,12924,12107,29217,30950,817
250,12.935,12231,12244,30909,31265,-13
251,12.987,10660,11808,29405,29974,-1148
252,13.039,11997,12197,30686,30974,-200
253,13.091,11246,11838,29998,30762,-592
254,13.142,11694,11969,27804,31132,-275
255,13.194,11423,11832,31022,30677,-409
256,13.246,11501,12101,30437,30659,-600
257,13.298,12160,11676,29486,31017,484
258,13.349,11628,11629,29703,30780,-1
259,13.401,11255,11975,29385,31520,-720
260,13.453,11264,11575,29040,31017,-311
261,13.505,11006,11497,30735,30647,-491
262,13.556,11388,11515,29245,30186,-127
263,13.608,11923,11736,31520,30604,187
264,13.66,11819,11898,30195,30586,-79
265,13.712,11537,11886,29834,30859,-349
266,13.763,11345,11563,29292,31314,-218
267,13.815,10970,11826,29922,30756,-856
268,13.867,22139,11934,30009,31114,10205
269,13.919,21632,12065,30618,31344,9567
270,13.97,23163,12567,28499,30513,10596
271,14.022,21542,12256,29847,30829,9286
272,14.074,22117,12125,29059,31023,9992
273,14.126,26252,12651,29192,30635,13601
274,14.177,22051,12794,30228,30823,9257
275,14.229,14776,11957,28986,31393,2819
276,14.281,18340,12029,30536,30665,6311
277,14.333,26308,12185,29363,30701,14123
278,14.384,29970,12077,29537,31344,17893
279,14.436,21143,11796,29682,30883,9347
280,14.488,22118,12101,30868,30483,10017
281,14.54,22162,12197,30797,30926,9965
282,14.591,20812,12167,30174,31381,8645
283,14.643,20955,11886,29280,30920,9069
284,14.695,19232,12149,29376,30877,7083
285,14.746,20174,12860,29615,30993,7314
286,14.798,20722,13416,30557,30707,7306
287,14.85,21712,12950,30369,30847,8762
288,14.902,23739,12759,27819,30738,10980
289,14.953,21998,12974,30131,30853,9024
290,15.005,24572,13386,28215,30762,11186
291,15.057,25906,14026,28424,30659,11880
292,15.109,22375,13739,31935,31375,8636
293,15.16,21526,13452,30061,31187,8074
294,15.212,24565,13129,31324,30902,11436
295,15.264,22192,13219,30500,31132,8973
296,15.316,21723,13225,30629,31162,8498
297,15.367,23594,13010,30617,30519,10584
298,15.419,22596,13052,29204,31114,9544
299,15.471,20289,13028,29529,31023,7261
300,15.523,19584,13153,32203,30392,6431
301,15.574,12769,13476,30108,30999,-707
302,15.626,12893,13189,29175,30726,-296
303,15.678,12061,12890,31288,30944,-829
304,15.73,11526,13315,31265,31108,-1789
305,15.781,13169,13099,30272,31326,70
306,15.833,14473,12986,30282,30974,1487
307,15.885,12791,12932,29621,31029,-141
308,15.937,13300,13398,29217,30538,-98
309,15.988,14971,12771,29191,31460,2200
310,16.04,11709,12842,31072,30792,-1133
311,16.092,12668,13099,30003,30714,-431
312,16.144,11143,12902,29061,30641,-1759
313,16.195,13027,12920,29139,30647,107
314,16.247,13545,12597,28481,30823,948
315,16.299,12594,13040,28934,31096,-446
316,16.35,12527,13590,30147,30422,-1063
317,16.402,12745,12729,30988,31581,16
318,16.454,12082,13040,28421,31187,-958
319,16.506,13822,13572,29332,30623,250
320,16.557,12341,13111,31415,30956,-770
321,16.609,11913,13464,30956,31265,-1551
322,16.661,12797,13799,31413,30228,-1002
323,16.713,13759,13781,29768,31150,-22
324,16.764,12716,13602,29581,30865,-886
325,16.816,14416,14182,29530,30817,234
326,16.868,12388,14008,30134,31411,-1620
327,16.92,14519,14451,30031,31259,68
328,16.971,11507,13590,30089,30944,-2083
329,17.023,15267,13309,30704,31090,1958
330,17.075,13852,13129,31534,30762,723
331,17.127,12700,13153,28657,31156,-453
332,17.178,12260,13010,30845,30647,-750
333,17.23,13018,13763,29968,30617,-745
334,17.282,13062,13285,30213,30744,-223
335,17.334,12984,13129,30096,31350,-145
336,17.385,12422,12484,28372,30714,-62
337,17.437,11797,12633,30401,30707,-836
338,17.489,12295,12854,29847,30932,-559
339,17.541,11590,12191,29583,30817,-601
340,17.592,11127,12220,31515,30659,-1093
341,17.644,12073,12388,29030,30489,-315
342,17.696,11804,12555,30632,30926,-751
343,17.748,12896,12543,29668,30659,353
344,17.799,11998,12932,30580,30835,-934
345,17.851,11419,12406,28656,30726,-987
346,17.903,12175,12496,29648,30962,-321
347,17.954,12903,12490,27573,30986,413
348,18.006,11351,12400,31199,31077,-1049
349,18.058,12726,12525,29805,31144,201
350,18.11,11881,11939,31138,31047,-58
351,18.161,12472,11641,29236,31041,831
352,18.213,10710,11910,28184,31174,-1200
353,18.265,12998,12340,29753,31059,658
354,18.317,13336,12806,29306,30950,530
355,18.368,13292,12800,30953,31041,492
356,18.42,12202,13135,29915,31259,-933
357,18.472,12547,12639,28423,31041,-92
358,18.524,11811,13075,30619,31053,-1264
359,18.575,12123,13339,31558,30956,-1216
360,18.627,13017,12561,30658,31441,456
361,18.679,11318,12430,29950,31029,-1112
362,18.731,12450,12920,30439,31108,-470
363,18.782,12696,12322,29189,30780,374
364,18.834,11672,12484,29818,30683,-812
365,18.886,12302,12579,30345,31472,-277
366,18.938,12568,12645,31892,31429,-77
367,18.989,12005,12107,31162,31381,-102
368,19.041,12303,12962,30748,31096,-659
369,19.093,12151,12884,30403,30993,-733
370,19.145,12657,12705,29730,31174,-48
371,19.196,13444,12507,29719,31538,937
372,19.248,13126,12741,30662,30986,385
373,19.3,13278,12035,30579,31332,1243
374,19.352,13313,12226,31529,30889,1087
375,19.403,13408,12424,29985,31077,984
376,19.455,13507,12525,30242,30999,982
377,19.507,12992,12926,28805,31229,66
378,19.558,12825,12818,31033,31526,7
379,19.61,13248,12525,29510,31551,723
380,19.662,12159,12460,30287,30750,-301
381,19.714,12282,12759,29745,30999,-477
382,19.765,12161,11850,29046,31174,311
383,19.817,11096,12406,28760,31217,-1310
384,19.869,12271,12555,30467,30853,-284
385,19.921,11587,12406,30963,30780,-819
386,19.972,12756,12519,29534,30962,237
387,20.024,12984,12513,29959,30422,471
388,20.076,11768,12280,29796,31181,-512
389,20.128,13090,12304,29480,30647,786
390,20.179,11229,12304,28953,30902,-1075
391,20.231,12081,12137,31138,30841,-56
392,20.283,11979,12167,29871,31011,-188
393,20.335,12152,12579,30630,31223,-427
394,20.386,12974,12262,30952,30956,712
395,20.438,11524,12232,30193,31059,-708
396,20.49,12737,11862,29478,30732,875
397,20.542,12267,12376,30630,30671,-109
398,20.593,12966,12209,28591,30956,757
399,20.645,11638,12113,30644,31253,-475
400,20.697,11044,11796,30374,30889,-752
401,20.749,13322,12561,30119,30889,761
402,20.8,13251,12232,28129,31059,1019
403,20.852,13270,12298,30001,30513,972
404,20.904,12494,12232,29747,31035,262
405,20.956,12158,12292,30100,30404,-134
406,21.007,12881,12328,29479,31084,553
407,21.059,12453,12232,30693,30841,221
408,21.111,13451,12334,31272,31447,1117
409,21.162,13069,11975,30595,30829,1094
410,21.214,12285,12143,29953,30805,142
411,21.266,11376,12083,30430,30883,-707
412,21.318,12628,12555,29665,30695,73
413,21.369,14265,12657,29213,31229,1608
414,21.421,11733,12125,29195,31423,-392
415,21.473,12131,13034,28704,31393,-903
416,21.525,12396,12304,28727,30653,92
417,21.576,11312,11647,29492,30695,-335
418,21.628,12150,11647,29968,30386,503
419,21.68,11130,11772,29397,31660,-642
420,21.732,11143,12292,30784,30938,-1149
421,21.783,13184,12185,29812,30435,999
422,21.835,12785,12250,30021,31217,535
423,21.887,12683,12436,30105,30999,247
424,21.939,13301,12926,29280,31259,375
425,21.99,12236,12645,29773,30695,-409
426,22.042,12555,12083,29989,31302,472
427,22.094,11973,12806,31674,31077,-833
428,22.146,11327,12089,29939,31005,-762
429,22.197,11089,12567,30814,30829,-1478
430,22.249,12873,12268,31270,31696,605
431,22.301,11577,12131,30255,31023,-554
432,22.353,12812,11778,32325,31460,1034
433,22.404,12082,11784,30352,30683,298
434,22.456,12171,12011,29492,31211,160
435,22.508,11561,12059,30353,31041,-498
436,22.56,12387,12215,28911,31278,172
437,22.611,12372,12011,30587,31284,361
438,22.663,11419,12197,30762,30465,-778
439,22.715,13298,11814,30061,31478,1484
440,22.766,11904,11712,29835,31599,192
441,22.818,10307,11736,30540,30829,-1429
442,22.87,11406,11676,30336,30871,-270
443,22.922,12650,11814,31020,31205,836
444,22.973,12108,11850,28596,31799,258
445,23.025,11893,11945,30066,30999,-52
446,23.077,11202,11939,31265,30956,-737
447,23.129,11249,11910,30310,30714,-661
448,23.18,14015,12244,30665,31017,1771
449,23.232,12620,12238,29407,30598,382
450,23.284,11270,11880,29901,30792,-610
451,23.336,13060,12065,29670,31102,995
452,23.387,12431,12699,29307,31144,-268
453,23.439,11771,12232,29010,31059,-461
454,23.491,12370,12292,29929,31472,78
455,23.543,13685,12304,31748,31648,1381
456,23.594,11808,11862,31984,31478,-54
457,23.646,11443,11934,30695,31302,-491
458,23.698,11842,11718,30395,31478,124
459,23.75,13961,11730,30565,30938,2231
460,23.801,14399,11718,28677,30883,2681
461,23.853,11556,11922,29020,30968,-366
462,23.905,11666,11802,30172,30695,-136
463,23.957,11562,12137,30487,31102,-575
464,24.008,12259,11700,30420,30756,559
465,24.06,12251,12215,30000,30786,36
466,24.112,12570,11706,31227,31453,864
467,24.164,11980,11957,31296,30823,23
468,24.215,11739,11898,29116,31102,-159
469,24.267,11589,11951,30957,30592,-362
470,24.319,12182,11910,29643,31417,272
471,24.37,11824,11993,31168,30908,-169
472,24.422,11441,11802,29527,30956,-361
473,24.474,11761,11605,30471,30914,156
474,24.526,11564,11533,30103,31005,31
475,24.577,11270,11372,32311,30841,-102
476,24.629,10928,11862,29086,30665,-934
477,24.681,9904,11437,29963,31381,-1533
478,24.733,11168,11850,28765,31108,-682
479,24.784,12010,12017,31639,30865,-7
480,24.836,11282,11975,29478,31090,-693
481,24.888,11124,11342,30705,31369,-218
482,24.94,11011,11605,29729,30562,-594
483,24.991,11337,11670,30906,31120,-333
484,25.043,11635,12298,31273,31381,-663
485,25.095,13268,11736,30417,31326,1532
486,25.147,14212,11862,29892,30695,2350
487,25.198,12221,11898,31565,30968,323
488,25.25,11116,11999,29047,31096,-883
489,25.302,12886,11784,29656,31563,1102
490,25.354,13114,11670,30784,31029,1444
491,25.405,12804,11975,29916,31247,829
492,25.457,12138,12232,29892,30532,-94
493,25.509,11430,11922,29598,31344,-492
494,25.561,10979,11718,30632,30598,-739
495,25.612,11891,11856,30780,30914,35
496,25.664,12231,12107,29990,30811,124
497,25.716,11206,11712,29275,31241,-506
498,25.768,10947,11413,31001,30586,-466
499,25.819,11912,11168,30279,30889,744
500,25.871,12832,11700,31569,31096,1132
501,25.923,11717,11515,29526,31090,202
502,25.974,11435,11132,30094,31162,303
503,26.026,10036,11551,29518,30798,-1515
504,26.078,11463,12041,28254,31102,-578
505,26.13,11054,11437,30580,31284,-383
506,26.181,10880,11455,29518,31144,-575
507,26.233,11158,11838,29943,31114,-680
508,26.285,10282,11736,29656,30865,-1454
509,26.337,11301,11407,31667,30683,-106
510,26.388,10333,11264,29010,31344,-931
511,26.44,12253,11700,30358,31387,553
512,26.492,11358,11377,30074,31150,-19
513,26.544,11593,11796,30234,31114,-203
514,26.595,11567,11300,31375,31023,267
515,26.647,10144,11222,28560,31259,-1078
516,26.699,10827,11342,30256,30756,-515
517,26.751,10027,11150,28719,31205,-1123
518,26.802,10790,10827,30667,30610,-37
519,26.854,10760,10935,28055,30932,-175
520,26.906,11334,11174,30195,31217,160
521,26.958,13480,11437,29551,31326,2043
522,27.009,10237,11312,31379,31302,-1075
523,27.061,10903,11240,29552,31350,-337
524,27.113,10836,11258,30192,31356,-422
525,27.165,11374,11204,32570,31047,170
526,27.216,10452,10971,29752,31629,-519
527,27.268,10297,11132,29397,31144,-835
528,27.32,10602,11055,27968,31235,-453
529,27.372,11503,11342,30458,31199,161
530,27.423,10233,11282,31588,30877,-1049
531,27.475,11309,11515,29309,30914,-206
532,27.527,10582,11180,30806,31290,-598
533,27.578,9956,10959,31228,31168,-1003
534,27.63,11318,10815,28418,31029,503
535,27.682,10416,11192,28490,31478,-776
536,27.734,10302,11228,30639,31690,-926
537,27.785,10722,10798,27980,31253,-76
538,27.837,10670,10630,32524,30932,40
539,27.889,10642,11073,30627,31023,-431
540,27.941,10539,11240,30781,31375,-701
541,27.992,11535,11742,29914,31071,-207
542,28.044,11158,11575,29428,30641,-417
543,28.096,13164,11336,29024,31490,1828
544,28.148,10092,10965,29445,31581,-873
545,28.199,10919,11096,31209,31441,-177
546,28.251,10649,11019,28633,31138,-370
547,28.303,10220,11192,30591,31011,-972
548,28.355,11328,11413,30454,30841,-85
549,28.406,9964,10917,29535,30950,-953
550,28.458,10888,11120,30414,30877,-232
551,28.51,10098,11874,30570,31235,-1776
552,28.562,10526,11575,29363,31132,-1049
553,28.613,11300,11336,30117,31205,-36
554,28.665,11870,11413,28790,30671,457
555,28.717,11407,11413,30210,30477,-6
556,28.769,11799,11587,31804,31035,212
557,28.82,10181,11240,30208,31235,-1059
558,28.872,11379,10989,29434,31235,390
559,28.924,10762,11085,30917,30792,-323
560,28.976,10080,11437,29427,31308,-1357
561,29.027,10643,11557,31378,30792,-914
562,29.079,11184,12448,29939,31017,-1264
563,29.131,10795,11963,28503,31290,-1168
564,29.182,10035,11120,28835,30665,-1085
565,29.234,9616,10977,31901,31023,-1361
566,29.286,9901,11455,31425,31320,-1554
567,29.338,11100,11240,29601,30847,-140
568,29.389,10207,11192,29524,30841,-985
569,29.441,10359,11228,29579,30319,-869
570,29.493,10206,11079,29995,30956,-873
571,29.545,9609,10804,31086,30835,-1195
572,29.596,10088,10875,30916,30550,-787
573,29.648,11718,11389,28917,31460,329
574,29.7,9911,11013,30116,31217,-1102
575,29.752,9637,11049,29119,31096,-1412
576,29.803,10599,11168,30858,30999,-569
577,29.855,10573,10768,30370,31011,-195
578,29.907,9635,10815,29386,31253,-1180
579,29.959,11557,11246,30342,30762,311
580,30.01,9935,11443,29763,31314,-1508
581,30.062,10619,11563,31239,30986,-944
582,30.114,11991,11067,27762,31211,924
583,30.166,10933,10887,29008,30932,46
584,30.217,9955,10881,30791,31235,-926
585,30.269,11097,11222,30308,31108,-125
586,30.321,10608,11360,31281,31187,-752
587,30.373,10069,10588,29931,30932,-519
588,30.424,11757,11138,29067,31369,619
589,30.476,9934,10702,29460,30738,-768
590,30.528,11509,10983,30677,31745,526
591,30.58,10710,10905,30038,31096,-195
592,30.631,10248,11102,30312,31114,-854
593,30.683,10260,11031,30336,30962,-771
594,30.735,10530,11132,30613,31393,-602
595,30.786,10194,10971,30324,31399,-777
596,30.838,10554,10612,30547,31417,-58
597,30.89,9294,10738,31008,31053,-1444
598,30.942,10551,11270,31828,31520,-719
599,30.993,9513,11096,29032,31235,-1583
600,31.045,10489,11031,29106,31199,-542
601,31.097,10473,11222,29425,31447,-749
602,31.149,10799,11138,30463,30914,-339
603,31.2,12031,11718,28812,31120,313
604,31.252,13750,11407,30328,30750,2343
605,31.304,11345,11898,30664,30968,-553
606,31.356,11805,11778,29885,31096,27
607,31.407,12330,11886,28810,30974,444
608,31.459,11470,11838,28743,31223,-368
609,31.511,10846,11138,31031,31150,-292
610,31.563,10874,10833,29959,31114,41
611,31.614,10311,11377,30821,30817,-1066
612,31.666,12062,11461,28682,31011,601
613,31.718,11014,11091,30081,31126,-77
614,31.77,11835,11826,27541,31369,9
615,31.821,10107,11102,29158,31350,-995
616,31.873,10439,11228,32329,31356,-789
617,31.925,9801,10839,28596,30841,-1038
618,31.977,10172,10869,29144,31381,-697
619,32.028,10233,11647,29573,30871,-1414
620,32.08,10398,11491,29706,31059,-1093
621,32.132,9860,11073,30382,30859,-1213
622,32.184,10395,10899,31097,31332,-504
623,32.235,10035,10887,29883,31356,-852
624,32.287,10009,10469,29424,31654,-460
625,32.339,9848,11360,30226,30932,-1512
626,32.39,10915,10815,29189,31575,100
627,32.442,11209,11288,29679,30641,-79
628,32.494,10027,10971,29942,31332,-944
629,32.546,10714,10505,30994,31720,209
630,32.597,9362,11174,28997,30859,-1812
631,32.649,10429,11126,30122,31223,-697
632,32.701,10365,11377,30249,31259,-1012
633,32.753,10553,11431,28946,30974,-878
634,32.804,10229,11294,29627,31429,-1065
635,32.856,10677,11366,28653,31168,-689
636,32.908,10131,10827,29948,31053,-696
637,32.96,10097,10517,28137,31144,-420
638,33.011,9914,10564,29438,31065,-650
639,33.063,9370,10726,29833,31120,-1356
640,33.115,10399,11114,28800,30895,-715
641,33.167,10571,11312,29679,31023,-741
642,33.218,10511,11174,29134,30817,-663
643,33.27,9874,10959,29028,31059,-1085
644,33.322,10899,10929,29643,31648,-30
645,33.374,11161,10917,30824,31296,244
646,33.425,9973,10827,29249,31017,-854
647,33.477,11774,10750,30832,31411,1024
648,33.529,10761,10786,30678,30889,-25
649,33.581,11080,10756,30650,31296,324
650,33.632,10469,10851,30738,31168,-382
651,33.684,10255,10594,29337,30435,-339
652,33.736,10054,10768,29952,30993,-714
653,33.788,11396,11545,28866,30780,-149
654,33.839,11313,11503,28876,31466,-190
655,33.891,11884,10989,29569,31363,895
656,33.943,10634,11025,28242,30986,-391
657,33.994,11241,10756,31810,30586,485
658,34.046,10518,10702,28223,31132,-184
659,34.098,11263,10899,29643,30962,364
660,34.15,11994,11658,30172,30695,336
661,34.201,11877,11264,29834,30877,613
662,34.253,10893,10821,30394,31350,72
663,34.305,11424,11210,30055,31332,214
664,34.357,10266,11162,29997,32072,-896
665,34.408,11168,11180,28895,30780,-12
666,34.46,11154,11407,30088,31253,-253
667,34.512,11308,11467,29806,31265,-159
668,34.564,12448,11521,29385,31757,927
669,34.615,13075,11766,30854,31217,1309
670,34.667,12003,11557,31463,31296,446
671,34.719,11591,11324,29795,31563,267
672,34.771,10447,10983,28542,31102,-536
673,34.822,10228,10941,29941,31732,-713
674,34.874,10497,10750,29206,30865,-253
675,34.926,11499,10672,29582,31714,827
676,34.978,10219,10600,28677,31150,-381
677,35.029,10590,10953,28453,31029,-363
678,35.081,10785,10762,31053,31538,23
679,35.133,11661,11366,30341,31059,295
680,35.185,10527,10827,31639,31205,-300
681,35.236,10120,11043,30624,30980,-923
682,35.288,9980,11425,30303,31084,-1445
683,35.34,11469,11563,30960,31478,-94
684,35.392,10415,11049,31546,31102,-634
685,35.443,9517,10863,29962,31672,-1346
686,35.495,10846,11240,30178,30768,-394
687,35.547,11244,10941,30226,31684,303
688,35.598,10476,10786,31825,31575,-310
689,35.65,10797,10875,30570,31557,-78
690,35.702,11691,10881,29484,31029,810
691,35.754,11251,11276,30351,31120,-25
692,35.805,10617,11049,30085,31399,-432
693,35.857,9813,10738,29220,31247,-925
694,35.909,10946,11043,30369,31690,-97
695,35.961,10130,11419,30911,31278,-1289
696,36.012,10481,11049,29635,31714,-568
697,36.064,10036,10558,30031,31563,-522
698,36.116,10863,11497,30123,31460,-634
699,36.168,15099,10995,29938,31065,4104
700,36.219,11511,11013,31722,31490,498
701,36.271,10140,10941,30664,30744,-801
702,36.323,10510,10774,34044,31678,-264
703,36.375,11066,11043,30926,31684,23
704,36.426,10920,11312,29611,31084,-392
705,36.478,11678,11503,31108,30647,175
706,36.53,11893,11216,30219,30671,677
707,36.582,10466,10869,29240,31077,-403
708,36.633,10242,10947,29273,31047,-705
709,36.685,10362,10941,30391,31168,-579
710,36.737,10841,11168,29067,31441,-327
711,36.789,10753,11395,29434,31011,-642
712,36.84,11611,10905,30090,31387,706
713,36.892,12676,11318,29874,31029,1358
714,36.944,9735,11300,30473,30877,-1565
715,36.996,10146,11126,28576,31447,-980
716,37.047,10526,10732,30749,31496,-206
717,37.099,10794,10905,29956,31211,-111
718,37.151,10679,11001,29785,31278,-322
719,37.202,11779,11156,30567,31223,623
720,37.254,10600,10863,30397,31393,-263
721,37.306,11326,10929,28782,31162,397
722,37.358,12837,11611,30065,31053,1226
723,37.409,11694,11736,28950,31654,-42
724,37.461,10856,10827,30330,30986,29
725,37.513,10871,11234,28925,31557,-363
726,37.565,10351,11007,30166,30902,-656
727,37.616,10407,10845,30033,31387,-438
728,37.668,11531,10917,29992,31156,614
729,37.72,10661,11401,30142,30968,-740
730,37.772,10020,10600,29288,30908,-580
731,37.823,9469,10911,31033,31726,-1442
732,37.875,10377,10750,30752,32018,-373
733,37.927,10730,11401,30501,31369,-671
734,37.979,10642,11019,30451,31441,-377
735,38.03,10652,10738,29396,31757,-86
736,38.082,10352,10684,28898,31987,-332
737,38.134,10455,11228,31451,30865,-773
738,38.186,10296,11324,31307,31399,-1028
739,38.237,10174,11019,30059,31193,-845
740,38.289,9674,10911,29366,31605,-1237
741,38.341,11186,11485,29264,31332,-299
742,38.393,9923,11581,31429,31356,-1658
743,38.444,10522,11324,30570,31538,-802
744,38.496,11050,11563,30067,31132,-513
745,38.548,11154,11270,30890,30792,-116
746,38.6,9644,10708,30956,31035,-1064
747,38.651,10844,11198,30299,31569,-354
748,38.703,9671,10421,30987,30968,-750
749,38.755,10342,10702,30895,31132,-360
750,38.806,11085,10947,30672,31599,138
751,38.858,10618,11007,29372,30780,-389
752,38.91,10656,10654,30389,31854,2
753,38.962,10697,10678,29475,31211,19
754,39.013,10335,10606,28347,31417,-271
755,39.065,11026,10744,30211,31235,282
756,39.117,9906,10594,28487,31660,-688
757,39.169,9978,10481,31561,31417,-503
758,39.22,11029,10499,29720,31017,530
759,39.272,10849,10720,31873,31120,129
760,39.324,10131,10798,29894,31338,-667
761,39.376,10237,10642,29796,31435,-405
762,39.427,10380,10648,31343,31447,-268
763,39.479,10451,10463,30073,31344,-12
764,39.531,10473,10576,28656,31411,-103
765,39.583,10692,10630,31736,31029,62
766,39.634,10887,10690,30879,31308,197
767,39.686,9572,10881,31056,31544,-1309
768,39.738,10047,10666,32431,31102,-619
769,39.79,9321,10463,30487,31229,-1142
770,39.841,10017,10618,30170,31205,-601
771,39.893,10189,10738,31169,31678,-549
772,39.945,10400,10511,28691,31726,-111
773,39.997,9816,10714,31859,31836,-898
774,40.048,9737,10959,30321,31478,-1222
775,40.1,9943,10971,31353,31629,-1028
776,40.152,10104,10821,29553,31302,-717
777,40.204,11077,10582,31555,31648,495
778,40.255,9949,10875,30864,31732,-926
779,40.307,9875,10845,30276,31223,-970
780,40.359,10626,10403,29831,31265,223
781,40.41,10122,10750,31178,31666,-628
782,40.462,9939,10881,29259,31429,-942
783,40.514,9752,10941,30272,31514,-1189
784,40.566,10134,10881,31797,31745,-747
785,40.617,10512,10905,32854,31302,-393
786,40.669,9969,10570,30406,31557,-601
787,40.721,9981,10804,30276,31581,-823
788,40.773,10672,10810,29716,31751,-138
789,40.824,11121,10911,30078,31823,210
790,40.876,11030,10899,30434,31496,131
791,40.928,10843,10702,31340,31544,141
792,40.98,10069,10798,30374,31132,-729
793,41.031,10827,10839,32559,31654,-12
794,41.083,10352,10684,30425,31381,-332
795,41.135,11012,11085,30786,31714,-73
796,41.187,10624,10911,32090,31162,-287
797,41.238,11087,11150,30126,31168,-63
798,41.29,10296,10887,29369,31654,-591
799,41.342,10075,10881,28553,31745,-806
800,41.394,10820,11067,30822,31338,-247
801,41.445,10733,11001,30572,31150,-268
802,41.497,10675,11091,29428,31484,-416
803,41.549,11813,11336,29644,31732,477
804,41.601,12359,11342,29022,31241,1017
805,41.652,11680,10678,30758,31702,1002
806,41.704,12478,10331,31079,31381,2147
807,41.756,13087,10654,29218,31587,2433
808,41.808,9984,10499,30383,31969,-515
809,41.859,11505,10804,29543,30877,701
810,41.911,10935,10887,31254,31878,48
811,41.963,12351,11282,30002,31460,1069
812,42.015,10972,11031,30699,31229,-59
813,42.066,12362,10750,29736,30902,1612
814,42.118,11596,10720,29612,31805,876
815,42.17,10985,10738,31206,31447,247
816,42.221,11593,10397,30760,30877,1196
817,42.273,10825,10899,30497,31654,-74
818,42.325,10992,11073,30505,31241,-81
819,42.377,11040,10726,31149,31193,314
820,42.428,10386,10463,30091,31284,-77
821,42.48,10679,10798,28714,31411,-119
822,42.532,11172,10792,31243,31241,380
823,42.584,11947,11210,30290,31629,737
824,42.635,10443,10606,27767,31193,-163
825,42.687,10981,10792,31293,31090,189
826,42.739,11871,11569,30142,31211,302
827,42.791,9681,10965,32514,31714,-1284
828,42.842,10043,11114,30109,30823,-1071
829,42.894,10170,11210,30532,31860,-1040
830,42.946,10691,10839,29134,31878,-148
831,42.998,11057,11754,30800,31466,-697
832,43.049,11803,11479,30248,31490,324
833,43.101,10730,11025,30876,31751,-295
834,43.153,10450,10977,30315,31557,-527
835,43.205,11468,11294,29179,31678,174
836,43.256,13391,11395,29046,31405,1996
837,43.308,10575,11144,30236,31678,-569
838,43.36,10250,11120,31194,31156,-870
839,43.412,10708,10821,30295,31296,-113
840,43.463,10866,11019,30157,31332,-153
841,43.515,10536,10786,29013,31375,-250
842,43.567,9688,10720,30561,31138,-1032
843,43.619,10468,10576,30170,30895,-108
844,43.67,11993,10726,31843,31496,1267
845,43.722,10836,11067,30800,31005,-231
846,43.774,11680,10582,29986,31563,1098
847,43.825,11327,10594,29265,31508,733
848,43.877,10921,10684,28561,30993,237
849,43.929,10050,11132,30723,32036,-1082
850,43.981,10610,10929,30436,31168,-319
851,44.032,11880,11706,30375,31472,174
852,44.084,10765,10768,30759,31065,-3
853,44.136,10646,11318,29686,31387,-672
854,44.188,10912,10780,30385,31605,132
855,44.239,11063,10875,30166,31817,188
856,44.291,10645,10881,30166,31272,-236
857,44.343,9851,10636,31328,31999,-785
858,44.395,11192,10953,29615,31193,239
859,44.446,9477,10552,29389,31369,-1075
860,44.498,9960,10331,30791,31787,-371
861,44.55,10072,10576,30673,31496,-504
862,44.602,10029,10678,29275,31059,-649
863,44.653,10989,10827,31507,31265,162
864,44.705,9662,10720,29563,31872,-1058
865,44.757,10771,10738,30675,31642,33
866,44.809,11026,10959,31228,31126,67
867,44.86,9579,10929,29956,30932,-1350
868,44.912,10543,10552,30261,31053,-9
869,44.964,10620,10702,30130,31496,-82
870,45.016,10433,10929,29610,32005,-496
871,45.067,10754,11079,29514,31411,-325
872,45.119,10607,10738,30850,31223,-131
873,45.171,10813,10744,31368,31666,69
874,45.223,10768,11055,29777,31162,-287
875,45.274,12477,10965,29842,31278,1512
876,45.326,11019,11826,30407,31211,-807
877,45.378,10774,11742,31431,31635,-968
878,45.429,11911,10696,31466,31084,1215
879,45.481,11238,11126,30134,31441,112
880,45.533,11600,10780,30214,31247,820
881,45.585,10670,11049,28055,31229,-379
882,45.636,10144,11360,30282,31684,-1216
883,45.688,11096,11174,30485,31532,-78
884,45.74,10145,10481,30086,31678,-336
885,45.792,9698,10983,29842,31023,-1285
886,45.843,12355,11144,29411,31599,1211
887,45.895,12936,11246,29987,31253,1690
888,45.947,14212,11342,30104,31423,2870
889,45.999,12030,10917,30224,31617,1113
890,46.05,10417,11019,29364,31193,-602
891,46.102,10602,10923,31738,31896,-321
892,46.154,10349,11096,30513,30823,-747
893,46.206,12009,11252,30731,31265,757
894,46.257,12903,11043,28893,31472,1860
895,46.309,12443,11330,30203,31563,1113
896,46.361,12538,11617,31836,31823,921
897,46.413,11276,11647,29713,31951,-371
898,46.464,11094,11055,28841,31557,39
899,46.516,12102,11419,31981,31405,683
900,46.568,11597,11192,28784,31678,405
901,46.62,10349,10666,31184,31611,-317
902,46.671,11482,11037,29170,31314,445
903,46.723,10605,11186,30000,31314,-581
904,46.775,10364,11258,29204,31447,-894
905,46.827,10313,11234,29562,31381,-921
906,46.878,10544,11079,30953,31672,-535
907,46.93,11235,11186,30189,31399,49
908,46.982,10810,11449,29975,31272,-639
909,47.033,11861,11730,29151,31235,131
910,47.085,12150,11509,29214,31435,641
911,47.137,12635,11551,30363,31575,1084
912,47.189,12542,11401,29313,31526,1141
913,47.24,12370,11413,29365,31174,957
914,47.292,10982,10935,31385,31599,47
915,47.344,13215,11198,29822,30817,2017
916,47.396,10931,10899,30078,30968,32
917,47.447,11279,10792,31962,31029,487
918,47.499,10148,10851,29039,31563,-703
919,47.551,11724,10881,29808,31138,843
920,47.603,10403,10768,30718,31781,-365
921,47.654,11169,11360,32991,31181,-191
922,47.706,10506,11049,30683,31914,-543
923,47.758,11551,11258,30722,31775,293
924,47.81,10623,10833,28304,31284,-210
925,47.861,11147,11204,30005,31259,-57
926,47.913,9886,11312,29941,31405,-1426
927,47.965,11798,11653,30284,31296,145
928,48.017,11188,10750,29213,30926,438
929,48.068,10580,11234,30741,31811,-654
930,48.12,10682,10929,29831,31538,-247
931,48.172,11753,11096,29747,31350,657
932,48.224,9544,10439,31540,31114,-895
933,48.275,9985,10666,31443,31162,-681
934,48.327,10057,10768,28830,31660,-711
935,48.379,10202,10564,29379,31356,-362
936,48.431,10234,10762,31712,31763,-528
937,48.482,9514,10690,30339,31235,-1176
938,48.534,10668,10714,30125,32102,-46
939,48.586,11027,11001,29217,31490,26
940,48.637,9911,10845,31314,31623,-934
941,48.689,11225,11156,30439,31569,69
942,48.741,10096,10612,33481,31029,-516
943,48.793,10439,10839,30120,31684,-400
944,48.844,10170,10720,31281,31526,-550
945,48.896,10445,10379,30109,31490,66
946,48.948,9995,10678,30366,31138,-683
947,49.0,10833,10714,27935,31102,119
948,49.051,11646,11055,30553,31830,591
949,49.103,10699,10511,30678,31369,188
950,49.155,9675,10720,30690,31350,-1045
951,49.207,10148,11013,31332,30999,-865
952,49.258,10714,11144,30811,31933,-430
953,49.31,10465,10774,30443,31623,-309
954,49.362,9994,11085,30119,31726,-1091
955,49.414,10870,10780,30643,31199,90
956,49.465,10111,11234,31402,32667,-1123
957,49.517,11905,10821,30554,31629,1084
958,49.569,12063,11102,29754,31326,961
959,49.621,13528,10857,30393,31053,2671
960,49.672,14312,11168,30780,32060,3144
961,49.724,13470,11282,30401,31751,2188
962,49.776,10602,11108,30041,31751,-506
963,49.828,10777,10971,30530,31666,-194
964,49.879,10150,11294,31642,31369,-1144
965,49.931,10769,11013,32320,31320,-244
966,49.983,11555,11001,30861,31496,554
967,50.035,9345,10714,28358,31830,-1369
968,50.086,10740,11007,30130,31836,-267
969,50.138,10268,10893,30273,32030,-625
970,50.19,11125,10833,30666,31296,292
971,50.241,11531,11079,29800,31472,452
972,50.293,10026,10714,30567,31593,-688
973,50.345,10620,11019,29655,31902,-399
974,50.397,9388,10648,29360,31102,-1260
975,50.448,10329,10242,29139,31156,87
976,50.5,9671,10385,31093,31265,-714
977,50.552,10136,10505,29699,31114,-369
978,50.604,9801,10463,32009,31623,-662
979,50.655,10214,10857,30087,31763,-643
980,50.707,11950,10815,28341,31672,1135
981,50.759,9748,10427,29569,31666,-679
982,50.811,10601,11336,31430,31617,-735
983,50.862,12067,11168,29869,31429,899
984,50.914,10935,11401,29102,31684,-466
985,50.966,10616,10857,30315,31102,-241
986,51.018,12831,11061,31063,31769,1770
987,51.069,10291,10648,30892,31563,-357
988,51.121,10923,10965,30442,31805,-42
989,51.173,10017,10947,29188,32485,-930
990,51.225,9846,10941,31378,31393,-1095
991,51.276,11016,10839,31502,31223,177
992,51.328,10103,11025,31351,32133,-922
993,51.38,10433,11419,30972,31399,-986
994,51.432,10491,11216,31934,31544,-725
995,51.483,10177,11198,30033,32036,-1021
996,51.535,10908,11144,31480,32011,-236
997,51.587,10723,10762,31041,31811,-39
998,51.639,10566,11509,31330,31714,-943
999,51.69,9937,11126,29887,31945,-1189
