frame,Time [s],CH1,BGND1,CH2,BGND2,intensity
0,0.0,14141,14003,86695,68023,138
1,0.052,14022,13848,86263,69344,174
2,0.103,13119,14092,85775,67393,-973
3,0.155,13763,13830,90220,68874,-67
4,0.207,13172,13700,88412,68939,-528
5,0.259,13638,13997,88314,67928,-359
6,0.31,12722,13444,85621,68951,-722
7,0.362,13222,13908,91578,69094,-686
8,0.414,13577,14062,86830,67952,-485
9,0.466,13476,13818,92442,68570,-342
10,0.517,13550,13985,85978,67791,-435
11,0.569,13191,14027,87117,69403,-836
12,0.621,12138,13949,88141,69356,-1811
13,0.673,14241,14074,88356,67637,167
14,0.724,13493,13605,87916,67321,-112
15,0.776,14773,13652,88725,68862,1121
16,0.828,12671,14163,90336,69457,-1492
17,0.88,14702,13575,87993,69498,1127
18,0.931,14071,13551,90385,69130,520
19,0.983,13864,13462,89044,67851,402
20,1.035,12821,13498,88148,68303,-677
21,1.087,12403,13408,86547,68202,-1005
22,1.138,13502,13337,93269,68178,165
23,1.19,13169,13575,86005,67202,-406
24,1.242,13984,13610,88164,69058,374
25,1.294,13439,13860,87571,68374,-421
26,1.345,13038,13747,91189,68975,-709
27,1.397,13011,13266,85155,67351,-255
28,1.449,23154,13628,86743,68713,9526
29,1.501,24948,13890,88132,67988,11058
30,1.552,20093,13949,86012,69058,6144
31,1.604,22329,13486,89175,69510,8843
32,1.656,36973,14300,88458,68541,22673
33,1.707,26655,13735,89750,69332,12920
34,1.759,25618,13991,87989,67006,11627
35,1.811,24325,14015,89953,68261,10310
36,1.863,17526,13854,89963,67750,3672
37,1.914,20969,13920,87693,68773,7049
38,1.966,13701,13533,88595,67928,168
39,2.018,12046,13456,87244,66839,-1410
40,2.07,13683,13272,89167,68904,411
41,2.121,13326,13414,90056,68279,-88
42,2.173,12524,13450,87218,67583,-926
43,2.225,13401,13194,90103,67167,207
44,2.277,13497,13527,88950,68576,-30
45,2.328,13672,13343,92370,67173,329
46,2.38,12574,13284,88444,68481,-710
47,2.432,12313,13319,90100,66756,-1006
48,2.484,13129,13165,87888,67571,-36
49,2.535,13477,13301,92043,66084,176
50,2.587,12727,13492,90604,68797,-765
51,2.639,13186,13254,89482,67286,-68
52,2.691,13422,13331,87718,67446,91
53,2.742,13543,13171,88152,68124,372
54,2.794,12187,13177,88817,66970,-990
55,2.846,12439,13432,83923,67060,-993
56,2.898,13357,13824,85356,66643,-467
57,2.949,12288,13396,85580,67357,-1108
58,3.001,13592,13468,86002,67161,124
59,3.053,12942,13509,85638,67410,-567
60,3.105,12983,13706,84908,67940,-723
61,3.156,13055,13224,88573,68077,-169
62,3.208,11746,13081,89608,67928,-1335
63,3.26,13105,13426,86775,66792,-321
64,3.311,12596,13052,87898,67976,-456
65,3.363,12430,13087,87858,67071,-657
66,3.415,13165,12992,86550,68487,173
67,3.467,12630,13272,88311,67577,-642
68,3.518,12572,13355,87431,68106,-783
69,3.57,13637,13278,88315,67458,359
70,3.622,13157,13628,86132,67761,-471
71,3.674,13309,13367,89651,67054,-58
72,3.725,12638,13058,87632,67726,-420
73,3.777,12828,13367,84670,67446,-539
74,3.829,13648,13254,87102,67512,394
75,3.881,12615,13153,84127,68368,-538
76,3.932,11537,13295,89084,67321,-1758
77,3.984,13801,12975,88284,68291,826
78,4.036,13536,13527,88933,67904,9
79,4.088,12408,12939,88636,67595,-531
80,4.139,12989,12891,87925,67262,98
81,4.191,13568,13111,87303,68106,457
82,4.243,12860,13087,88993,67958,-227
83,4.295,14062,13159,86398,66923,903
84,4.346,11929,12992,89967,66709,-1063
85,4.398,12608,13218,88298,68553,-610
86,4.45,12804,13153,89173,67476,-349
87,4.502,12566,13206,89196,68035,-640
88,4.553,12980,13183,88827,67702,-203
89,4.605,12765,12975,88716,68434,-210
90,4.657,12918,13087,89065,67714,-169
91,4.709,13269,12909,85115,67113,360
92,4.76,14087,12784,87328,67541,1303
93,4.812,13456,13010,85273,68148,446
94,4.864,12134,13028,87599,66881,-894
95,4.915,11806,13040,86296,68904,-1234
96,4.967,12265,13093,89080,66982,-828
97,5.019,13156,13004,85936,67660,152
98,5.071,12135,13052,84521,66262,-917
99,5.122,13551,12992,89524,67024,559
100,5.174,12325,12891,85348,66810,-566
101,5.226,11835,12713,86684,68172,-878
102,5.278,13425,12903,84471,67339,522
103,5.329,12166,12992,86451,67982,-826
104,5.381,12873,12957,87929,67309,-84
105,5.433,12307,12856,87217,68101,-549
106,5.485,12297,13004,86902,68005,-707
107,5.536,12379,12891,86918,67161,-512
108,5.588,12261,12683,87069,67410,-422
109,5.64,12494,13087,87594,67500,-593
110,5.692,13683,12814,88712,67464,869
111,5.743,13743,13099,86817,67375,644
112,5.795,13023,12689,85365,67416,334
113,5.847,12931,13064,88531,66863,-133
114,5.899,12468,12683,90113,68023,-215
115,5.95,12773,12784,88878,68041,-11
116,6.002,11568,12891,87667,67125,-1323
117,6.054,11484,12695,86252,67631,-1211
118,6.106,13332,12963,88656,67999,369
119,6.157,12853,12576,84140,67940,277
120,6.209,13105,12719,87287,67303,386
121,6.261,13428,13070,86875,66482,358
122,6.313,12499,12897,87299,67083,-398
123,6.364,12868,12856,86490,66816,12
124,6.416,12895,12606,86597,65751,289
125,6.468,12725,12564,88448,66726,161
126,6.519,12963,12784,86241,68624,179
127,6.571,12754,12969,88255,68570,-215
128,6.623,11947,12903,87686,67999,-956
129,6.675,13043,12665,85230,67696,378
130,6.726,13129,13099,87549,68392,30
131,6.778,13294,12915,88426,67256,379
132,6.83,12016,12725,87082,67726,-709
133,6.882,12888,12986,88207,67601,-98
134,6.933,12719,12505,88118,67577,214
135,6.985,12025,12749,87638,68077,-724
136,7.037,12252,12654,84896,66066,-402
137,7.089,12479,12362,87568,66845,117
138,7.14,10970,12576,86410,66798,-1606
139,7.192,13631,12915,88924,66274,716
140,7.244,11635,12345,86578,66655,-710
141,7.296,13004,12469,87394,68029,535
142,7.347,12175,12624,86654,66851,-449
143,7.399,12435,12630,85305,66613,-195
144,7.451,12971,12642,87655,67327,329
145,7.503,11738,12790,87135,65305,-1052
146,7.554,12237,12570,85307,66560,-333
147,7.606,12398,12975,89001,67690,-577
148,7.658,12328,12624,85359,66536,-296
149,7.71,12509,12624,88256,65894,-115
150,7.761,12659,12493,84641,66905,166
151,7.813,12450,12618,89272,66578,-168
152,7.865,12970,12457,86666,65703,513
153,7.917,13238,12725,86532,66649,513
154,7.968,11675,12333,85569,66268,-658
155,8.02,12413,12618,85873,67672,-205
156,8.072,11483,12689,87090,67083,-1206
157,8.123,13580,12630,86114,66845,950
158,8.175,11882,12766,84220,66477,-884
159,8.227,12370,12440,89497,64888,-70
160,8.279,11966,12731,87303,65221,-765
161,8.33,12218,12428,90622,67143,-210
162,8.382,11863,12380,89371,65929,-517
163,8.434,13870,12778,88017,66512,1092
164,8.486,12139,12505,88894,66453,-366
165,8.537,12332,12517,86426,66411,-185
166,8.589,13327,12457,86939,65971,870
167,8.641,11696,12440,86363,66566,-744
168,8.693,11672,12440,85944,65168,-768
169,8.744,12452,12422,84512,66661,30
170,8.796,12150,12469,84828,66958,-319
171,8.848,12057,12386,86403,66572,-329
172,8.9,12771,12493,86654,66393,278
173,8.951,12613,12541,86660,65703,72
174,9.003,13048,12541,86483,66637,507
175,9.055,12013,12612,85410,65900,-599
176,9.107,12374,12487,86210,65852,-113
177,9.158,12561,12636,84674,65602,-75
178,9.21,11994,12576,88956,66447,-582
179,9.262,12190,12386,85134,65209,-196
180,9.314,12107,12446,86264,66518,-339
181,9.365,13253,12677,86315,65798,576
182,9.417,11461,12683,85920,66137,-1222
183,9.469,11281,12547,88563,65049,-1266
184,9.521,12169,12303,85902,66756,-134
185,9.572,12411,12291,83940,65388,120
186,9.624,11843,12255,82349,65870,-412
187,9.676,12208,12380,87834,65989,-172
188,9.727,11295,12202,86223,66203,-907
189,9.779,12548,12850,85842,66042,-302
190,9.831,12278,12648,89347,66619,-370
191,9.883,11863,12273,89132,66310,-410
192,9.934,12395,12588,83428,66239,-193
193,9.986,11960,12339,86597,65560,-379
194,10.038,12172,12457,89824,67464,-285
195,10.09,11612,12683,89110,66084,-1071
196,10.141,12452,12356,85656,65816,96
197,10.193,13055,12618,85168,65025,437
198,10.245,12418,12220,86931,66512,198
199,10.297,11713,12125,83691,65775,-412
200,10.348,13505,12356,83784,66102,1149
201,10.4,12555,12226,88916,65441,329
202,10.452,12659,12790,87632,66994,-131
203,10.504,12088,12547,87069,65013,-459
204,10.555,11543,12249,86838,65471,-706
205,10.607,13283,12279,86736,65311,1004
206,10.659,12346,12654,88544,66042,-308
207,10.711,12053,12368,86296,66875,-315
208,10.762,12928,12012,88797,66250,916
209,10.814,12098,12339,89521,66369,-241
210,10.866,12018,12398,87230,65388,-380
211,10.918,12475,12428,84855,66143,47
212,10.969,12986,12463,84198,66411,523
213,11.021,13233,12285,82712,67309,948
214,11.073,12515,12261,86828,67488,254
215,11.125,12897,12339,87693,65900,558
216,11.176,12030,11917,86466,64870,113
217,11.228,11304,12154,87374,67101,-850
218,11.28,12111,11964,84715,66649,147
219,11.331,12299,11994,84276,65328,305
220,11.383,11695,12374,87852,65656,-679
221,11.435,11342,12136,87762,65632,-794
222,11.487,12368,11875,85045,65447,493
223,11.538,12317,12243,85090,65852,74
224,11.59,11506,12077,89490,65293,-571
225,11.642,13086,12362,85154,65941,724
226,11.694,12818,12285,86241,65346,533
227,11.745,10939,12166,86428,65840,-1227
228,11.797,12750,11964,85901,65900,786
229,11.849,11679,12238,88296,66179,-559
230,11.901,11712,12374,86123,66364,-662
231,11.952,11197,11780,84671,66322,-583
232,12.004,11452,12279,86030,66161,-827
233,12.056,12147,12119,86798,66857,28
234,12.108,11821,12018,88817,66500,-197
235,12.159,11422,12190,85281,66298,-768
236,12.211,12323,12339,86337,66197,-16
237,12.263,12093,12154,88226,65596,-61
238,12.315,12645,12178,85366,65287,467
239,12.366,12200,11958,87376,65305,242
240,12.418,11889,12220,86291,66691,-331
241,12.47,11226,12136,86456,66423,-910
242,12.522,12345,12392,84948,65691,-47
243,12.573,11381,12380,86041,65037,-999
244,12.625,11474,12303,85980,66215,-829
245,12.677,11719,12172,88314,67155,-453
246,12.729,10996,12291,86678,65816,-1295
247,12.78,11275,11952,86969,66488,-677
248,12.832,12185,12172,87172,66090,13
249,12.884,12961,12196,85340,66631,765
250,12.935,11748,12024,86194,65275,-276
251,12.987,11465,11845,89032,66786,-380
252,13.039,11476,12196,88052,65965,-720
253,13.091,11283,12184,87180,66726,-901
254,13.142,12267,11827,86619,67440,440
255,13.194,12353,11869,88125,64906,484
256,13.246,11814,11958,85832,65828,-144
257,13.298,11859,12261,88895,65650,-402
258,13.349,11399,12101,87326,64472,-702
259,13.401,11703,12214,88490,65560,-511
260,13.453,12068,12196,86599,66899,-128
261,13.505,11640,12059,85334,66435,-419
262,13.556,11850,11887,89425,65483,-37
263,13.608,12069,11964,87888,66001,105
264,13.66,11922,11988,90180,65102,-66
265,13.712,11322,12178,90386,66471,-856
266,13.763,12102,12113,90266,64864,-11
267,13.815,11092,12160,86852,66102,-1068
268,13.867,12250,11804,85753,65560,446
269,13.919,11924,12095,87708,65364,-171
270,13.97,11606,12113,90917,65180,-507
271,14.022,12095,12131,86841,65311,-36
272,14.074,11328,12136,88555,65162,-808
273,14.126,11773,12077,86648,65418,-304
274,14.177,11767,12184,87731,66334,-417
275,14.229,11565,11845,89124,65989,-280
276,14.281,11121,11780,88297,65947,-659
277,14.333,11068,12018,86672,65251,-950
278,14.384,12076,11923,88768,66471,153
279,14.436,12055,12030,86352,66209,25
280,14.488,11690,11964,85645,65305,-274
281,14.54,11814,12006,85156,65370,-192
282,14.591,11472,12154,87417,65204,-682
283,14.643,12324,12113,88477,66203,211
284,14.695,12865,12065,87362,65227,800
285,14.746,11476,11827,86437,66197,-351
286,14.798,12599,11952,86835,64977,647
287,14.85,12452,12083,88327,64918,369
288,14.902,12096,11833,87942,65085,263
289,14.953,12555,12172,86108,65204,383
290,15.005,11719,11845,89056,64954,-126
291,15.057,12323,11958,88819,64692,365
292,15.109,11609,11726,88117,65013,-117
293,15.16,12152,11756,90478,64472,396
294,15.212,12323,11863,84307,65299,460
295,15.264,10952,11816,83976,64603,-864
296,15.316,11977,11667,85150,64002,310
297,15.367,12808,11518,86864,64876,1290
298,15.419,11691,11821,85795,65721,-130
299,15.471,12155,11845,86514,63704,310
300,15.523,12559,11905,87050,65198,654
301,15.574,11032,11816,87170,64722,-784
302,15.626,12159,11685,87893,64204,474
303,15.678,12172,11893,85269,64977,279
304,15.73,11441,11703,83015,64204,-262
305,15.781,12168,12000,84416,65590,168
306,15.833,11930,11869,85081,63639,61
307,15.885,12470,11744,85360,65317,726
308,15.937,11058,11827,87756,64858,-769
309,15.988,11486,11667,85988,63276,-181
310,16.04,11262,11744,86044,65019,-482
311,16.092,11228,11821,86218,64805,-593
312,16.144,12539,11643,87505,63936,896
313,16.195,11622,11685,85913,65001,-63
314,16.247,12608,11578,88265,65733,1030
315,16.299,12011,11685,85341,65061,326
316,16.35,11501,11899,87549,66013,-398
317,16.402,11655,11952,86134,64864,-297
318,16.454,12039,11750,86227,64900,289
319,16.506,11160,12006,86588,64008,-846
320,16.557,11720,11703,86725,64591,17
321,16.609,10928,11732,88809,65144,-804
322,16.661,10849,11833,90718,65322,-984
323,16.713,11379,11899,88457,65257,-520
324,16.764,11770,11720,85407,64668,50
325,16.816,11780,11655,90698,65459,125
326,16.868,11504,11875,85918,65037,-371
327,16.92,11454,11845,88273,65846,-391
328,16.971,11749,11530,87600,64513,219
329,17.023,11430,11661,86440,65328,-231
330,17.075,11830,11899,88764,64240,-69
331,17.127,12028,11851,86963,64948,177
332,17.178,11860,11756,90668,64430,104
333,17.23,12381,11917,87955,64198,464
334,17.282,12596,11833,86144,64180,763
335,17.334,12618,12255,88641,64823,363
336,17.385,13539,12410,89592,64912,1129
337,17.437,12170,12119,86407,66750,51
338,17.489,12930,12035,85235,65085,895
339,17.541,11386,11934,87349,65150,-548
340,17.592,11960,11798,86554,65102,162
341,17.644,11261,11762,89943,65126,-501
342,17.696,12188,11887,85288,65596,301
343,17.748,11452,11857,84307,65346,-405
344,17.799,11539,12059,89045,65156,-520
345,17.851,12094,12053,88470,66340,41
346,17.903,11519,11649,86730,66185,-130
347,17.954,11693,11637,87954,65911,56
348,18.006,11779,11976,86836,65751,-197
349,18.058,10919,12047,83764,65953,-1128
350,18.11,11066,12142,88312,66411,-1076
351,18.161,10902,11786,89179,66209,-884
352,18.213,11513,12071,87865,65697,-558
353,18.265,12170,11833,89178,66054,337
354,18.317,12072,12184,88249,65227,-112
355,18.368,12366,12202,87689,65751,164
356,18.42,11785,11917,89961,65554,-132
357,18.472,11651,12000,86331,66126,-349
358,18.524,11757,12166,88623,66048,-409
359,18.575,12218,11780,88235,65507,438
360,18.627,11755,11928,86990,65584,-173
361,18.679,11880,11845,89734,64811,35
362,18.731,11544,12000,88024,65019,-456
363,18.782,11973,11857,84736,65537,116
364,18.834,12366,11619,89576,64710,747
365,18.886,11467,12018,87723,66191,-551
366,18.938,11494,11703,89020,65215,-209
367,18.989,11909,12214,87858,65418,-305
368,19.041,12616,11940,88857,64906,676
369,19.093,11382,12018,88452,65293,-636
370,19.145,12379,12243,88580,65554,136
371,19.196,11227,11839,86551,64561,-612
372,19.248,11628,12012,85771,64864,-384
373,19.3,12072,12535,88764,64258,-463
374,19.352,11231,12113,89342,65447,-882
375,19.403,12018,12345,87574,66310,-327
376,19.455,11238,11863,89171,65513,-625
377,19.507,12364,12107,91282,66364,257
378,19.558,11647,11798,88330,64876,-151
379,19.61,11241,11911,86432,65888,-670
380,19.662,11892,11857,89065,65067,35
381,19.714,11568,12208,87267,64008,-640
382,19.765,11479,12125,87556,65186,-646
383,19.817,11957,12018,88520,65394,-61
384,19.869,10265,11655,84122,65317,-1390
385,19.921,12021,11780,85630,65281,241
386,19.972,12621,11869,88223,64930,752
387,20.024,10744,11851,86528,65394,-1107
388,20.076,11754,11851,86931,64502,-97
389,20.128,11939,11643,89936,65221,296
390,20.179,11847,11673,87082,64228,174
391,20.231,11740,11400,87252,64948,340
392,20.283,11703,11899,88475,64287,-196
393,20.335,11544,11649,88674,66245,-105
394,20.386,11045,11827,84052,64531,-782
395,20.438,11810,11709,88270,65798,101
396,20.49,13317,11857,89386,65721,1460
397,20.542,14492,11940,87860,64466,2552
398,20.593,14565,12083,87623,65697,2482
399,20.645,15179,12255,87445,65364,2924
400,20.697,14543,12416,83077,64311,2127
401,20.749,14732,12255,85545,65662,2477
402,20.8,16617,12160,86614,65465,4457
403,20.852,14642,12362,87364,65352,2280
404,20.904,13253,12000,91140,65852,1253
405,20.956,15585,12012,85526,64954,3573
406,21.007,14147,12154,89750,65501,1993
407,21.059,14283,12374,88389,65626,1909
408,21.111,14616,11964,86988,65739,2652
409,21.162,12841,12083,86124,64561,758
410,21.214,14213,11923,88646,65894,2290
411,21.266,14762,11833,89547,65364,2929
412,21.318,15236,12303,89979,66209,2933
413,21.369,13944,12297,85198,64853,1647
414,21.421,12119,12071,88016,65810,48
415,21.473,12075,11697,88031,64216,378
416,21.525,11209,11673,86713,65804,-464
417,21.576,10924,11655,85942,66774,-731
418,21.628,10854,11810,82821,64811,-956
419,21.68,11257,11453,89386,64656,-196
420,21.732,11287,11619,88727,65132,-332
421,21.783,10825,11518,89992,66090,-693
422,21.835,11813,11506,85872,65596,307
423,21.887,11860,11845,88602,65293,15
424,21.939,10839,11524,86591,65079,-685
425,21.99,11355,11465,85930,64008,-110
426,22.042,11713,11465,88313,66316,248
427,22.094,10578,11530,83412,64912,-952
428,22.146,12083,11732,88555,65102,351
429,22.197,10935,11756,89177,66417,-821
430,22.249,10669,11637,87027,65703,-968
431,22.301,11017,11667,85464,65180,-650
432,22.353,11753,11768,86489,66143,-15
433,22.404,10452,11881,85560,64359,-1429
434,22.456,10759,11905,85933,65632,-1146
435,22.508,11522,11524,85880,65465,-2
436,22.56,11479,11697,82802,65900,-218
437,22.611,11902,11851,87531,65602,51
438,22.663,10775,11780,87969,65174,-1005
439,22.715,11176,11524,88126,66167,-348
440,22.766,11357,11869,89284,65804,-512
441,22.818,10257,11542,86832,65715,-1285
442,22.87,11267,11560,87832,64977,-293
443,22.922,11402,11281,84847,66679,121
444,22.973,11259,11411,85605,65537,-152
445,23.025,11270,11875,83639,64371,-605
446,23.077,10714,11649,85679,65828,-935
447,23.129,10948,12142,85775,65721,-1194
448,23.18,10424,11875,88854,65781,-1451
449,23.232,11163,11756,86239,65441,-593
450,23.284,12561,11958,86977,64353,603
451,23.336,10773,11613,85260,64966,-840
452,23.387,11402,12077,87449,66441,-675
453,23.439,10979,12083,87662,64888,-1104
454,23.491,11648,11685,86540,65560,-37
455,23.543,10931,12202,86354,65459,-1271
456,23.594,11708,12232,87150,66078,-524
457,23.646,11586,12154,86049,66857,-568
458,23.698,10526,11839,87427,65781,-1313
459,23.75,11071,12071,87223,64936,-1000
460,23.801,11271,11453,89456,65453,-182
461,23.853,11819,11738,88388,65596,81
462,23.905,11376,11643,89183,64888,-267
463,23.957,10667,11459,88154,66042,-792
464,24.008,12456,11512,86701,64882,944
465,24.06,11162,11917,88730,65816,-755
466,24.112,10974,11923,85525,65453,-949
467,24.164,12253,11940,86663,65900,313
468,24.215,10819,11982,84480,66191,-1163
469,24.267,11255,11447,89198,65691,-192
470,24.319,10975,11881,86275,66215,-906
471,24.37,11102,11917,84578,65209,-815
472,24.422,12179,11833,90085,66298,346
473,24.474,11316,11857,85981,65227,-541
474,24.526,10861,11631,89098,65025,-770
475,24.577,10580,11827,86910,65334,-1247
476,24.629,11512,11584,88067,65085,-72
477,24.681,10444,11518,86441,65227,-1074
478,24.733,11377,11673,87727,64174,-296
479,24.784,11355,11643,84642,64734,-288
480,24.836,12043,11524,83377,65679,519
481,24.888,11115,11673,86440,65049,-558
482,24.94,11289,11542,87220,64811,-253
483,24.991,11173,11619,85106,65186,-446
484,25.043,10698,11792,85475,65162,-1094
485,25.095,10201,11495,87523,65519,-1294
486,25.147,11360,11394,85808,66060,-34
487,25.198,11358,11400,87212,65733,-42
488,25.25,10557,11096,84494,63901,-539
489,25.302,10477,11489,84240,64876,-1012
490,25.354,11603,11685,86980,64168,-82
491,25.405,11049,11744,88022,65293,-695
492,25.457,12194,11560,87370,65465,634
493,25.509,12132,11447,87234,64841,685
494,25.561,12114,11548,84424,64728,566
495,25.612,11645,12024,88329,65632,-379
496,25.664,11249,11667,85140,65650,-418
497,25.716,11579,11780,89394,66393,-201
498,25.768,10932,11518,87813,64888,-586
499,25.819,10619,11536,88363,64781,-917
500,25.871,11906,11376,87394,64775,530
501,25.923,10460,11489,85895,64882,-1029
502,25.974,11182,11501,85281,64496,-319
503,26.026,10366,11506,84490,65150,-1140
504,26.078,11401,11798,88289,65227,-397
505,26.13,11916,11548,88509,64787,368
506,26.181,11448,11429,85998,64787,19
507,26.233,10806,11768,88262,65804,-962
508,26.285,11649,11352,90066,64323,297
509,26.337,11203,11608,85292,64787,-405
510,26.388,11967,11703,86298,66381,264
511,26.44,11616,11322,88688,66352,294
512,26.492,11271,11875,89422,64948,-604
513,26.544,11150,12279,88199,65697,-1129
514,26.595,11140,12505,88334,66185,-1365
515,26.647,12069,12457,84404,64133,-388
516,26.699,11522,11893,89272,65424,-371
517,26.751,11898,11732,90330,65269,166
518,26.802,11640,11572,88972,65102,68
519,26.854,10989,11619,89624,66506,-630
520,26.906,10907,11774,87233,64894,-867
521,26.958,11053,11602,87081,65834,-549
522,27.009,11242,11364,87572,63889,-122
523,27.061,10695,11304,87419,65870,-609
524,27.113,10889,11590,88954,64626,-701
525,27.165,10695,11619,86707,65543,-924
526,27.216,10978,11162,86570,65376,-184
527,27.268,12640,11685,85950,64597,955
528,27.32,11179,11394,88546,65156,-215
529,27.372,10553,11132,86464,65120,-579
530,27.423,10770,11388,86422,63889,-618
531,27.475,11461,11649,84629,64115,-188
532,27.527,11612,11322,87766,64139,290
533,27.578,10220,11263,86872,65096,-1043
534,27.63,11376,11328,88243,65079,48
535,27.682,12377,11465,86374,64466,912
536,27.734,11424,11608,85727,65453,-184
537,27.785,11077,11590,87655,64067,-513
538,27.837,11345,11560,87844,64882,-215
539,27.889,10273,11673,85326,65150,-1400
540,27.941,11411,11501,88802,64502,-90
541,27.992,11140,11322,86089,64745,-182
542,28.044,11008,11608,87515,65162,-600
543,28.096,10778,11435,88645,64365,-657
544,28.148,10890,11554,90516,66227,-664
545,28.199,11064,11310,88136,64210,-246
546,28.251,11141,11382,92134,65239,-241
547,28.303,10746,11191,87471,65364,-445
548,28.355,10982,11352,87033,63960,-370
549,28.406,10839,11495,87119,64353,-656
550,28.458,11681,11304,85792,64258,377
551,28.51,10483,11043,86841,63687,-560
552,28.562,11247,11144,86475,64793,103
553,28.613,11148,11174,90646,64424,-26
554,28.665,10989,11382,87222,64044,-393
555,28.717,10754,11067,87675,65239,-313
556,28.769,11548,11298,87682,64615,250
557,28.82,10789,11281,91489,64912,-492
558,28.872,11775,11661,92267,64888,114
559,28.924,11434,11435,88012,66429,-1
560,28.976,11129,11275,90695,63348,-146
561,29.027,11363,11293,91117,64615,70
562,29.079,11539,11269,92076,65174,270
563,29.131,11101,11090,90722,66013,11
564,29.182,11283,11215,87042,66209,68
565,29.234,11282,11102,88757,64424,180
566,29.286,10632,11501,88548,64264,-869
567,29.338,11057,11269,88207,64531,-212
568,29.389,10913,10912,86263,63901,1
569,29.441,11034,11067,86056,64972,-33
570,29.493,10061,11233,86228,64811,-1172
571,29.545,11550,11156,90802,65537,394
572,29.596,10453,11334,86178,64597,-881
573,29.648,11697,11132,87343,64989,565
574,29.7,10850,11007,88085,63960,-157
575,29.752,11013,11174,87323,64858,-161
576,29.803,11874,11085,86799,65590,789
577,29.855,10816,11138,83766,65156,-322
578,29.907,11180,11316,86772,66578,-136
579,29.959,11395,11477,87600,64579,-82
580,30.01,10879,11263,84788,64995,-384
581,30.062,10739,11049,83061,64900,-310
582,30.114,11332,11126,87468,64745,206
583,30.166,10960,11269,88186,63139,-309
584,30.217,10618,11429,87370,64668,-811
585,30.269,11217,11073,84502,64264,144
586,30.321,11066,11108,84701,65025,-42
587,30.373,11385,11061,85913,64519,324
588,30.424,10967,11221,87125,64168,-254
589,30.476,11110,11287,86586,64335,-177
590,30.528,10143,11417,86707,64781,-1274
591,30.58,10833,11530,83459,63740,-697
592,30.631,11895,11518,85347,63235,377
593,30.683,11004,11322,89974,64377,-318
594,30.735,10827,11293,86827,64335,-466
595,30.786,10460,11085,84853,63699,-625
596,30.838,10620,11096,87063,64085,-476
597,30.89,11237,11304,84228,64966,-67
598,30.942,10693,11506,84849,63675,-813
599,30.993,11632,11156,84135,63752,476
600,31.045,11291,11310,85614,64728,-19
601,31.097,10626,11150,86977,63990,-524
602,31.149,11914,11429,85717,63163,485
603,31.2,10363,11197,84882,64436,-834
604,31.252,11716,11720,85282,64008,-4
605,31.304,11663,11310,88578,64704,353
606,31.356,11577,11281,85067,63413,296
607,31.407,10848,11221,86826,64073,-373
608,31.459,10128,11233,87652,63044,-1105
609,31.511,11094,11518,88485,63526,-424
610,31.563,11298,11310,86936,64972,-12
611,31.614,11306,11186,90369,63532,120
612,31.666,11431,11055,86263,65632,376
613,31.718,11341,11441,87254,65025,-100
614,31.77,11293,11239,83832,63942,54
615,31.821,10742,11239,85412,64287,-497
616,31.873,10907,11007,89849,64757,-100
617,31.925,11916,11114,85534,64882,802
618,31.977,10511,11227,83696,63978,-716
619,32.028,9945,11025,86398,65281,-1080
620,32.08,10283,11257,83508,64906,-974
621,32.132,11642,11073,86190,64061,569
622,32.184,12323,11061,83944,64383,1262
623,32.235,10511,10995,85767,63764,-484
624,32.287,11861,11019,86392,63562,842
625,32.339,12210,10894,85471,63984,1316
626,32.39,11122,10995,86402,63925,127
627,32.442,10094,11067,84031,63627,-973
628,32.494,10843,11108,85315,64353,-265
629,32.546,10391,10894,85490,63127,-503
630,32.597,11138,11180,81861,63496,-42
631,32.649,10834,11382,84414,64591,-548
632,32.701,10917,10781,84593,63342,136
633,32.753,11291,10888,87038,63728,403
634,32.804,12080,10978,87872,63068,1102
635,32.856,11639,11287,86444,65781,352
636,32.908,11078,11079,86550,64067,-1
637,32.96,11315,10966,86397,64281,349
638,33.011,10451,11174,82132,64192,-723
639,33.063,11354,11269,86169,63056,85
640,33.115,10968,11031,84806,64424,-63
641,33.167,11435,11031,87892,63127,404
642,33.218,11071,11090,85438,63687,-19
643,33.27,10143,11191,84016,64287,-1048
644,33.322,11654,11370,81299,63704,284
645,33.374,10728,11037,85106,64858,-309
646,33.425,11321,11096,85323,64020,225
647,33.477,11377,11197,86037,65441,180
648,33.529,10060,10930,86029,64894,-870
649,33.581,10745,10882,82923,63996,-137
650,33.632,10888,10966,84468,64751,-78
651,33.684,11151,11126,81762,64049,25
652,33.736,11674,10983,84236,65162,691
653,33.788,12422,11120,84178,63960,1302
654,33.839,10981,10841,86708,64787,140
655,33.891,10451,11304,86661,63948,-853
656,33.943,10331,11174,83904,64335,-843
657,33.994,10305,10770,84185,63841,-465
658,34.046,11170,10942,85271,64109,228
659,34.098,11507,11215,85162,64745,292
660,34.15,10351,11019,87078,63508,-668
661,34.201,11479,11180,87801,64549,299
662,34.253,11624,10882,83608,64014,742
663,34.305,10320,10859,84065,64591,-539
664,34.357,10539,10770,84706,63699,-231
665,34.408,11018,11203,86107,63716,-185
666,34.46,11270,10972,83654,64644,298
667,34.512,11771,10954,84583,64109,817
668,34.564,10425,11019,86487,64305,-594
669,34.615,10883,10948,85105,64454,-65
670,34.667,11439,11150,86579,65233,289
671,34.719,11666,10912,83083,64740,754
672,34.771,11295,10853,85879,64180,442
673,34.822,11027,10871,85198,63675,156
674,34.874,11004,10972,88097,63954,32
675,34.926,11885,11061,88556,64609,824
676,34.978,10490,11197,83896,64406,-707
677,35.029,11489,11073,84366,64888,416
678,35.081,11093,11310,86668,64692,-217
679,35.133,10300,11180,84443,64787,-880
680,35.185,10434,11007,83747,64281,-573
681,35.236,10207,11162,87226,63532,-955
682,35.288,11343,11162,86781,63889,181
683,35.34,9799,11263,85034,64061,-1464
684,35.392,10251,10912,86355,62931,-661
685,35.443,10474,10859,85929,64448,-385
686,35.495,10109,10734,84453,64287,-625
687,35.547,11105,11079,88404,63782,26
688,35.598,10719,11019,85764,64127,-300
689,35.65,11602,10989,87584,63859,613
690,35.702,11171,11304,82236,63092,-133
691,35.754,10859,10764,87600,64293,95
692,35.805,10187,10918,86526,63282,-731
693,35.857,10471,10770,88124,62854,-299
694,35.909,11469,10918,86622,63508,551
695,35.961,10066,10716,85953,64644,-650
696,36.012,10270,10972,86809,64484,-702
697,36.064,10612,11001,84956,64508,-389
698,36.116,10602,10948,85749,64347,-346
699,36.168,11380,11085,86325,64174,295
700,36.219,10885,11174,82389,63104,-289
701,36.271,11014,10989,86183,63544,25
702,36.323,10823,10811,85460,62943,12
703,36.375,11331,10900,82555,63383,431
704,36.426,10552,10746,85695,63348,-194
705,36.478,10993,10995,84468,62663,-2
706,36.53,10145,11085,85874,64609,-940
707,36.582,10542,10948,89860,63562,-406
708,36.633,11267,10942,84902,63663,325
709,36.685,10085,11144,84816,63800,-1059
710,36.737,9905,11144,86441,63699,-1239
711,36.789,10662,10817,85708,63330,-155
712,36.84,11021,11501,84035,62931,-480
713,36.892,10828,10811,85013,64472,17
714,36.944,10254,10918,88803,62556,-664
715,36.996,11082,11251,87002,62491,-169
716,37.047,10572,11001,87959,62943,-429
717,37.099,11627,11221,88661,62604,406
718,37.151,10873,11352,84051,63235,-479
719,37.202,10885,11328,83051,63104,-443
720,37.254,11152,11085,88432,63889,67
721,37.306,10872,11518,84258,62604,-646
722,37.358,10918,11495,89065,62765,-577
723,37.409,11476,11506,86467,63728,-30
724,37.461,11028,11090,82608,62955,-62
725,37.513,11055,11495,84412,63812,-440
726,37.565,10887,11191,84242,62776,-304
727,37.616,10709,11132,85687,62711,-423
728,37.668,10231,10882,85655,62776,-651
729,37.72,10312,11162,88147,63205,-850
730,37.772,10402,10740,85053,62812,-338
731,37.823,10725,10746,83266,62634,-21
732,37.875,10519,10876,85629,63383,-357
733,37.927,10240,11340,87754,62366,-1100
734,37.979,10128,11263,85218,62699,-1135
735,38.03,10383,11019,90099,63401,-636
736,38.082,11168,11590,86187,63050,-422
737,38.134,10295,11400,90144,62991,-1105
738,38.186,10389,11251,89491,63603,-862
739,38.237,11432,11459,86700,62461,-27
740,38.289,11365,11370,85274,63205,-5
741,38.341,10618,11382,86221,64085,-764
742,38.393,10965,11108,87786,62741,-143
743,38.444,10168,11073,87614,62711,-905
744,38.496,10537,10912,85344,63288,-375
745,38.548,10254,10805,84407,63104,-551
746,38.6,9785,10758,85946,62598,-973
747,38.651,9919,10954,84709,62515,-1035
748,38.703,11023,10793,83278,62437,230
749,38.755,10644,10639,86553,62265,5
750,38.806,10952,10532,85805,64192,420
751,38.858,11056,10954,83490,63520,102
752,38.91,10416,10686,81718,62717,-270
753,38.962,10858,10978,84361,62794,-120
754,39.013,11662,11073,83880,62729,589
755,39.065,11664,10567,84313,62872,1097
756,39.117,11393,11108,86396,62669,285
757,39.169,9770,10692,85300,62420,-922
758,39.22,10527,10835,81337,63883,-308
759,39.272,9960,11102,83604,62997,-1142
760,39.324,11220,10817,84461,64044,403
761,39.376,10909,10894,81103,62324,15
762,39.427,10638,10829,82509,63133,-191
763,39.479,11131,11263,82602,62640,-132
764,39.531,11702,11025,85322,63353,677
765,39.583,11255,11114,84591,63472,141
766,39.634,11537,11215,83051,62562,322
767,39.686,11540,10787,84920,61801,753
768,39.738,9737,10651,82813,63092,-914
769,39.79,10758,10799,85310,62556,-41
770,39.841,10606,10686,84572,61938,-80
771,39.893,10724,10894,81997,62116,-170
772,39.945,10474,10888,85929,63639,-414
773,39.997,10471,10823,85390,63359,-352
774,40.048,10180,10704,86753,62919,-524
775,40.1,10749,10983,83665,63508,-234
776,40.152,10654,10722,86287,62943,-68
777,40.204,11111,10823,83542,64293,288
778,40.255,10203,10710,83873,61426,-507
779,40.307,10311,10841,85432,62818,-530
780,40.359,11312,10514,83155,62586,798
781,40.41,9274,10615,82802,62437,-1341
782,40.462,10527,10526,83473,62330,1
783,40.514,10523,10425,84501,62848,98
784,40.566,10259,10793,80682,62985,-534
785,40.617,11223,10906,81553,62217,317
786,40.669,9858,10556,82898,62925,-698
787,40.721,10361,10651,84058,63431,-290
788,40.773,10189,10960,83833,62247,-771
789,40.824,10915,10478,85432,62812,437
790,40.876,10188,10502,81256,62729,-314
791,40.928,9609,10336,83749,62967,-727
792,40.98,11211,10567,84051,64549,644
793,41.031,10298,10978,82118,63478,-680
794,41.083,9715,10478,82664,64157,-763
795,41.135,10847,10817,83836,64365,30
796,41.187,10646,10526,82127,62086,120
797,41.238,10129,10597,80102,62550,-468
798,41.29,10517,10615,83310,61301,-98
799,41.342,10209,10740,82782,62384,-531
800,41.394,10833,10674,86506,62235,159
801,41.445,10552,10805,82654,61890,-253
802,41.497,10387,10954,84581,62991,-567
803,41.549,10579,10972,83799,62515,-393
804,41.601,10635,10847,84324,63003,-212
805,41.652,9773,10686,81945,62247,-913
806,41.704,10051,10787,85259,61997,-736
807,41.756,12156,10746,83669,62574,1410
808,41.808,10631,10704,84430,62170,-73
809,41.859,10318,10847,83983,61753,-529
810,41.911,10470,10770,82086,62515,-300
811,41.963,9927,10544,82260,62628,-617
812,42.015,10053,10538,84247,63139,-485
813,42.066,10467,10526,81903,63020,-59
814,42.118,10770,10680,83895,62681,90
815,42.17,10371,10348,83807,62063,23
816,42.221,11019,10223,82218,62544,796
817,42.273,10224,10454,83438,61682,-230
818,42.325,9792,10663,82007,63157,-871
819,42.377,9910,10526,83188,62354,-616
820,42.428,10522,10407,82614,61408,115
821,42.48,10364,10419,84325,62354,-55
822,42.532,10955,10460,79933,62247,495
823,42.584,10684,10336,85987,62110,348
824,42.635,10048,10550,86027,62390,-502
825,42.687,10906,10437,85303,64121,469
826,42.739,11381,10633,82533,63794,748
827,42.791,10662,10668,80142,61813,-6
828,42.842,9976,10668,85161,62794,-692
829,42.894,10808,10657,85977,63020,151
830,42.946,10161,10615,82975,61533,-454
831,42.998,10177,10668,84764,62265,-491
832,43.049,10359,10805,83154,62889,-446
833,43.101,10035,10686,81942,63145,-651
834,43.153,9983,10645,83653,62913,-662
835,43.205,11047,10876,82720,64157,171
836,43.256,11003,10615,83521,61521,388
837,43.308,9792,10746,85866,62497,-954
838,43.36,10211,10728,83331,62158,-517
839,43.412,9717,10431,84361,62634,-714
840,43.463,10296,10680,83438,62479,-384
841,43.515,10945,10520,83339,62402,425
842,43.567,10110,10633,85507,61492,-523
843,43.619,10608,10591,85240,61515,17
844,43.67,9762,10775,87120,61961,-1013
845,43.722,10676,10906,86241,62003,-230
846,43.774,11190,10722,84403,62574,468
847,43.825,10486,10466,79958,61509,20
848,43.877,10111,10573,85859,61932,-462
849,43.929,11154,10853,82945,62889,301
850,43.981,10684,10918,84117,62063,-234
851,44.032,11224,11156,87202,61462,68
852,44.084,10478,10722,86115,60599,-244
853,44.136,10594,10752,82879,61599,-158
854,44.188,10450,10734,83517,62283,-284
855,44.239,10672,10829,86652,61961,-157
856,44.291,10588,10853,82267,62622,-265
857,44.343,11563,10823,84251,61920,740
858,44.395,10068,10894,83930,62384,-826
859,44.446,9897,10585,84105,62086,-688
860,44.498,11104,10758,85325,61825,346
861,44.55,10028,10865,86610,62824,-837
862,44.602,10742,10752,84287,61741,-10
863,44.653,10160,10336,85247,62193,-176
864,44.705,10202,10948,81955,62729,-746
865,44.757,10296,11079,84572,61837,-783
866,44.809,9633,10657,82559,61682,-1024
867,44.86,11221,10847,86811,61807,374
868,44.912,10326,10882,84183,62431,-556
869,44.964,10452,10609,85625,61729,-157
870,45.016,10184,10680,84507,61664,-496
871,45.067,10827,10514,85235,62788,313
872,45.119,10414,10686,87998,61254,-272
873,45.171,10770,10639,82322,62455,131
874,45.223,10376,10472,84258,62723,-96
875,45.274,10141,10633,84888,62592,-492
876,45.326,10463,11138,80782,63449,-675
877,45.378,10938,11031,84409,61926,-93
878,45.429,10995,10573,84292,63193,422
879,45.481,10777,10645,84378,62848,132
880,45.533,10414,10686,85155,61825,-272
881,45.585,11226,10876,86701,62497,350
882,45.636,11372,10692,85443,62735,680
883,45.688,10236,10449,84610,64204,-213
884,45.74,11026,10502,84762,62979,524
885,45.792,10066,10205,83073,62544,-139
886,45.843,10175,10365,86447,61521,-190
887,45.895,10026,10241,83474,62051,-215
888,45.947,11682,10770,86820,61932,912
889,45.999,10309,10407,83064,62176,-98
890,46.05,9668,10514,87520,63110,-846
891,46.102,9985,10353,85077,63496,-368
892,46.154,10773,10591,83092,61616,182
893,46.206,10409,10139,84195,61956,270
894,46.257,10611,10383,82748,61670,228
895,46.309,10398,10252,82916,61265,146
896,46.361,9808,10401,83487,61468,-593
897,46.413,10571,10098,80641,61557,473
898,46.464,9973,10241,83700,60778,-268
899,46.516,9997,10181,82802,61682,-184
900,46.568,9555,10276,81460,62628,-721
901,46.62,9883,10324,84488,61182,-441
902,46.671,9989,10264,85036,60950,-275
903,46.723,10621,10128,82785,61967,493
904,46.775,10178,10365,83454,61384,-187
905,46.827,9950,10419,80388,61771,-469
906,46.878,10360,10508,83133,61438,-148
907,46.93,10322,10318,84937,62652,4
908,46.982,10881,10413,85067,61831,468
909,47.033,10696,10068,84070,61997,628
910,47.085,10226,10318,85647,61599,-92
911,47.137,10229,10223,83103,62146,6
912,47.189,10087,10312,83695,61991,-225
913,47.24,10402,10169,83457,60278,233
914,47.292,9871,10300,82491,62741,-429
915,47.344,9963,10139,84620,62396,-176
916,47.396,10723,10348,82181,61950,375
917,47.447,10176,10270,83169,61801,-94
918,47.499,10665,10413,83469,61848,252
919,47.551,11303,10294,83368,61997,1009
920,47.603,10400,10300,84890,62687,100
921,47.654,10251,10086,81664,62521,165
922,47.706,9682,10294,81877,61944,-612
923,47.758,10589,10169,82102,62080,420
924,47.81,10930,10425,84092,61331,505
925,47.861,9593,9937,83816,61789,-344
926,47.913,9941,10377,83240,61521,-436
927,47.965,9553,9985,85005,62098,-432
928,48.017,9349,10015,82552,61694,-666
929,48.068,10680,10241,81569,61926,439
930,48.12,9756,9961,84714,61801,-205
931,48.172,10817,10413,84220,61622,404
932,48.224,9972,10157,85756,61759,-185
933,48.275,10460,10252,82377,62027,208
934,48.327,10946,10217,83248,61694,729
935,48.379,11291,9937,84740,61242,1354
936,48.431,10032,10050,86682,60671,-18
937,48.482,10914,10104,83920,61099,810
938,48.534,9534,9949,82995,63294,-415
939,48.586,10491,10027,81894,61390,464
940,48.637,9903,9896,81920,61218,7
941,48.689,9591,10062,81463,61926,-471
942,48.741,10551,10252,81912,61063,299
943,48.793,10872,10407,85651,62223,465
944,48.844,10428,10241,84458,62075,187
945,48.896,9855,10104,82618,61022,-249
946,48.948,10771,10199,82540,62247,572
947,49.0,10323,10122,82503,61474,201
948,49.051,10804,10710,85923,61361,94
949,49.103,10132,10252,83041,60837,-120
950,49.155,10473,10389,83025,61539,84
951,49.207,10586,10264,82341,60754,322
952,49.258,10247,10092,82299,61093,155
953,49.31,9836,10282,80541,59594,-446
954,49.362,10620,10110,82278,60980,510
955,49.414,10652,10246,83167,60736,406
956,49.465,10796,10205,81422,60504,591
957,49.517,10347,10217,79885,62336,130
958,49.569,10064,10050,83985,59624,14
959,49.621,8950,10050,85014,61200,-1100
960,49.672,10316,10217,81223,61117,99
961,49.724,9803,10544,80866,61307,-741
962,49.776,10756,9979,79998,61890,777
963,49.828,10387,10246,83489,61426,141
964,49.879,9602,10128,80953,60920,-526
965,49.931,10602,10282,83252,61878,320
966,49.983,9826,10134,84264,61343,-308
967,50.035,9621,9991,81546,61164,-370
968,50.086,11017,10145,82663,62193,872
969,50.138,9815,9842,82200,61075,-27
970,50.19,10445,10163,82466,61337,282
971,50.241,10381,9813,82421,61438,568
972,50.293,10044,9967,84069,61111,77
973,50.345,10478,9819,82245,60819,659
974,50.397,10204,10104,82075,61373,100
975,50.448,9443,10128,82743,60796,-685
976,50.5,10070,10128,81330,61759,-58
977,50.552,9762,10003,78729,62033,-241
978,50.604,10086,10086,80966,60653,0
979,50.655,10115,10223,81348,60897,-108
980,50.707,10563,9908,81544,61319,655
981,50.759,10216,10015,81969,60468,201
982,50.811,10004,10270,81573,61771,-266
983,50.862,10233,10009,81612,61218,224
984,50.914,9615,9830,83759,60564,-215
985,50.966,9939,9926,85521,61081,13
986,51.018,10673,10145,82628,61735,528
987,51.069,10231,10187,83822,61265,44
988,51.121,10146,10235,82802,61831,-89
989,51.173,10471,9854,80458,61926,617
990,51.225,10251,10151,83961,60879,100
991,51.276,9997,9961,83967,62116,36
992,51.328,9698,9878,80763,61599,-180
993,51.38,10377,9801,81877,60236,576
994,51.432,10975,9860,80273,61176,1115
995,51.483,10150,10044,79376,61408,106
996,51.535,9276,9866,79356,61028,-590
997,51.587,9865,9765,86351,61379,100
998,51.639,10066,9890,81441,60760,176
999,51.69,9740,10134,83776,61926,-394
