frame,Time [s],CH1,BGND1,CH2,BGND2,intensity
0,0.0,14399,10707,36201,34504,3692
1,0.052,15467,10652,32921,34261,4815
2,0.103,14859,10411,31680,34340,4448
3,0.155,14413,10381,33472,34055,4032
4,0.207,13834,10598,34644,35050,3236
5,0.259,15277,10514,32935,34365,4763
6,0.31,15729,10514,34743,34237,5215
7,0.362,14928,10411,34264,34219,4517
8,0.414,13563,10526,32286,34116,3037
9,0.466,14716,10188,36011,34061,4528
10,0.517,13791,10665,35131,34710,3126
11,0.569,15408,10791,34466,34383,4617
12,0.621,15719,10490,34189,34383,5229
13,0.673,15896,10761,33717,34656,5135
14,0.724,14957,10592,35390,34255,4365
15,0.776,15677,10755,34082,35189,4922
16,0.828,16581,10634,34242,34213,5947
17,0.88,15138,10514,34638,34801,4624
18,0.931,14302,10327,33790,33952,3975
19,0.983,14425,10502,34808,34437,3923
20,1.035,14542,10423,34019,34177,4119
21,1.087,15078,10713,34570,33995,4365
22,1.138,14255,10568,35020,34704,3687
23,1.19,14723,10345,33790,34722,4378
24,1.242,16003,10260,34448,34698,5743
25,1.294,14624,10182,34529,34928,4442
26,1.345,14341,10550,33253,34298,3791
27,1.397,14947,10598,34032,34637,4349
28,1.449,14702,10677,33043,34492,4025
29,1.501,14266,10459,34706,34534,3807
30,1.552,15040,10508,33019,34261,4532
31,1.604,14531,10091,32993,34813,4440
32,1.656,13955,10218,33688,34358,3737
33,1.707,15311,10471,33810,34613,4840
34,1.759,14549,10321,33615,34243,4228
35,1.811,15324,10284,34800,34941,5040
36,1.863,15003,10387,34301,34158,4616
37,1.914,15482,10514,34068,34692,4968
38,1.966,15280,10248,34542,34728,5032
39,2.018,15527,10278,34307,34286,5249
40,2.07,15176,10387,35107,34249,4789
41,2.121,13936,10079,34049,34825,3857
42,2.173,15381,10152,33788,34613,5229
43,2.225,14897,10327,33541,34492,4570
44,2.277,15008,10399,33346,34468,4609
45,2.328,13112,10230,33721,34844,2882
46,2.38,14261,10375,34075,34753,3886
47,2.432,15005,10345,34986,34358,4660
48,2.484,15685,10520,33556,34328,5165
49,2.535,14873,10526,33600,34352,4347
50,2.587,16001,10109,33853,34443,5892
51,2.639,14538,10188,35369,34274,4350
52,2.691,15645,10284,33710,34777,5361
53,2.742,15170,10194,33770,34237,4976
54,2.794,16447,10532,33407,34741,5915
55,2.846,15706,10526,33411,34553,5180
56,2.898,15592,10230,35792,35311,5362
57,2.949,15900,10387,33532,34468,5513
58,3.001,15067,10357,33525,34310,4710
59,3.053,14853,10586,35084,34880,4267
60,3.105,13916,10405,34312,34377,3511
61,3.156,15036,10302,34393,33964,4734
62,3.208,14450,10508,34721,34662,3942
63,3.26,15489,10435,34319,34607,5054
64,3.311,16135,10610,33727,34468,5525
65,3.363,16444,10302,33416,34674,6142
66,3.415,15932,10447,36654,35013,5485
67,3.467,15966,10073,34424,34213,5893
68,3.518,14763,10508,31717,34668,4255
69,3.57,15353,10242,32814,34813,5111
70,3.622,15607,10296,32645,34747,5311
71,3.674,15124,10278,33340,34304,4846
72,3.725,14846,10520,32251,34310,4326
73,3.777,15597,10483,35196,35292,5114
74,3.829,16173,10725,35177,34468,5448
75,3.881,15597,10429,34705,34510,5168
76,3.932,15148,10677,35359,34498,4471
77,3.984,16634,10508,35150,34643,6126
78,4.036,15402,10695,34320,34734,4707
79,4.088,15126,10520,34258,34625,4606
80,4.139,14936,10858,33328,34443,4078
81,4.191,15125,10242,33808,34789,4883
82,4.243,16225,10152,34716,34595,6073
83,4.295,15442,10284,34009,34183,5158
84,4.346,14229,10146,34795,34492,4083
85,4.398,15211,10483,34372,34607,4728
86,4.45,14220,10327,33278,34540,3893
87,4.502,14491,10556,33152,34965,3935
88,4.553,14575,10333,35035,34771,4242
89,4.605,15808,10532,33848,34340,5276
90,4.657,14539,10363,33019,34104,4176
91,4.709,15221,10411,33635,34213,4810
92,4.76,15712,10381,34677,34643,5331
93,4.812,15296,10381,34286,34553,4915
94,4.864,13577,10526,34453,34546,3051
95,4.915,14591,10206,34969,34916,4385
96,4.967,14345,10580,35856,34941,3765
97,5.019,15606,10713,34170,34528,4893
98,5.071,14551,10369,33910,35232,4182
99,5.122,15235,10508,33094,34995,4727
100,5.174,15500,10254,35504,34844,5246
101,5.226,15234,10562,34516,34686,4672
102,5.278,14399,10345,33817,34753,4054
103,5.329,15001,10308,34685,34316,4693
104,5.381,14393,10683,33351,34686,3710
105,5.433,14810,10242,33599,34589,4568
106,5.485,15512,10441,34106,34886,5071
107,5.536,15146,10200,33789,35050,4946
108,5.588,14714,10459,35390,34395,4255
109,5.64,16584,10550,35564,34874,6034
110,5.692,16451,10441,35514,34304,6010
111,5.743,14692,10773,32667,34480,3919
112,5.795,14924,10550,33145,34480,4374
113,5.847,14367,10296,33778,34177,4071
114,5.899,13930,10260,34787,34613,3670
115,5.95,15352,10321,33148,34540,5031
116,6.002,14856,10224,35364,34358,4632
117,6.054,14833,10345,34690,34631,4488
118,6.106,14126,10423,34878,34625,3703
119,6.157,14964,9995,34317,34935,4969
120,6.209,14983,10598,35546,34710,4385
121,6.261,14775,10411,32947,34437,4364
122,6.313,13877,10290,33719,34146,3587
123,6.364,13480,10369,34885,34553,3111
124,6.416,14986,10496,34780,34486,4490
125,6.468,15313,10598,35490,34613,4715
126,6.519,15014,10399,34779,34516,4615
127,6.571,14800,10248,33725,34722,4552
128,6.623,14449,10749,33612,34643,3700
129,6.675,14795,10369,34255,34492,4426
130,6.726,15198,10333,33915,34152,4865
131,6.778,15198,10272,32378,34462,4926
132,6.83,14247,10417,36089,34807,3830
133,6.882,15169,10858,35583,35074,4311
134,6.933,15242,10719,34975,34868,4523
135,6.985,14666,10441,34728,34480,4225
136,7.037,15147,10598,34601,34795,4549
137,7.089,15198,10327,37197,34595,4871
138,7.14,14344,10622,33845,34516,3722
139,7.192,14430,10496,34281,34728,3934
140,7.244,15352,10333,33526,34959,5019
141,7.296,14127,10411,36140,34734,3716
142,7.347,14185,10429,33570,35123,3756
143,7.399,14747,10164,33759,34983,4583
144,7.451,14761,10586,34983,34753,4175
145,7.503,14317,10526,35910,34650,3791
146,7.554,13304,10302,34271,34741,3002
147,7.606,14215,10520,34707,34880,3695
148,7.658,14860,10278,34000,35050,4582
149,7.71,13843,10441,34435,34747,3402
150,7.761,14113,10248,34555,34613,3865
151,7.813,14004,10272,35496,35086,3732
152,7.865,14845,10622,34608,34850,4223
153,7.917,13410,10333,33448,34589,3077
154,7.968,13305,10152,35096,34771,3153
155,8.02,13703,10351,34716,34455,3352
156,8.072,13992,10278,35604,34771,3714
157,8.123,14402,10327,35281,34449,4075
158,8.175,13479,10544,34536,35116,2935
159,8.227,14042,10369,35163,34965,3673
160,8.279,14225,10520,34418,34255,3705
161,8.33,13872,10405,34498,34819,3467
162,8.382,14868,10327,34002,34310,4541
163,8.434,14305,10659,33207,34710,3646
164,8.486,14238,10399,34911,34959,3839
165,8.537,15534,10296,33906,34280,5238
166,8.589,13479,10345,33662,34759,3134
167,8.641,14042,10447,35201,34468,3595
168,8.693,14542,10441,33540,34559,4101
169,8.744,13559,10254,35206,34522,3305
170,8.796,14271,10477,35185,34449,3794
171,8.848,14538,10351,33895,34607,4187
172,8.9,15429,10272,33899,34613,5157
173,8.951,14000,10598,34460,35019,3402
174,9.003,13762,10254,35169,34310,3508
175,9.055,14719,10369,34635,34680,4350
176,9.107,14832,10538,34055,34304,4294
177,9.158,14898,10327,34507,34583,4571
178,9.21,14790,10321,33256,34389,4469
179,9.262,13939,10411,34142,34789,3528
180,9.314,13553,10296,35159,34868,3257
181,9.365,14499,10719,33908,34468,3780
182,9.417,14760,10266,33677,34856,4494
183,9.469,13965,10321,33696,34492,3644
184,9.521,14152,10321,34927,34280,3831
185,9.572,15470,10502,33187,34522,4968
186,9.624,13951,10345,34391,34874,3606
187,9.676,13493,10308,33846,34637,3185
188,9.727,13612,10815,33681,34747,2797
189,9.779,14062,10580,34969,34462,3482
190,9.831,14042,10381,34138,35032,3661
191,9.883,13736,10471,33374,34771,3265
192,9.934,13369,10447,33738,34237,2922
193,9.986,13908,10834,35080,35092,3074
194,10.038,14407,10405,34586,34510,4002
195,10.09,13158,10640,34872,34983,2518
196,10.141,13965,10230,34035,34371,3735
197,10.193,13819,10327,36310,35311,3492
198,10.245,13056,10357,33793,35044,2699
199,10.297,14971,10242,35013,34995,4729
200,10.348,13742,10586,34450,34571,3156
201,10.4,13971,10242,35149,34995,3729
202,10.452,14197,10302,34531,34559,3895
203,10.504,14773,10459,33331,34474,4314
204,10.555,14257,10520,36534,35062,3737
205,10.607,14561,10405,33540,34898,4156
206,10.659,15054,10369,33960,34583,4685
207,10.711,15545,10339,32600,35110,5206
208,10.762,15212,10441,35151,34704,4771
209,10.814,14724,10526,34617,34765,4198
210,10.866,14851,10405,35968,34771,4446
211,10.918,14700,10369,36279,34583,4331
212,10.969,14399,10435,36405,34292,3964
213,11.021,14683,10616,35362,35238,4067
214,11.073,14407,10502,33680,34631,3905
215,11.125,15258,10345,35478,34425,4913
216,11.176,14819,10586,35554,34571,4233
217,11.228,14481,10544,34251,34110,3937
218,11.28,15078,10158,36282,34425,4920
219,11.331,14375,10502,35156,34680,3873
220,11.383,14758,10483,34476,35019,4275
221,11.435,13856,10441,34895,34589,3415
222,11.487,14413,10345,35844,34619,4068
223,11.538,16036,10230,34821,34643,5806
224,11.59,15361,10254,34139,35189,5107
225,11.642,14917,10496,35397,34844,4421
226,11.694,15193,10671,34149,34777,4522
227,11.745,14899,10556,35608,34910,4343
228,11.797,13973,10520,34279,34170,3453
229,11.849,14478,10477,36105,34389,4001
230,11.901,14947,10568,33862,34098,4379
231,11.952,14982,10477,34140,34892,4505
232,12.004,14391,10423,33798,34910,3968
233,12.056,14264,10429,34158,34419,3835
234,12.108,13705,10586,33549,34443,3119
235,12.159,14317,10272,32890,34698,4045
236,12.211,13714,10363,35456,34025,3351
237,12.263,13831,10170,35013,34455,3661
238,12.315,13486,10532,34940,34577,2954
239,12.366,14118,10544,32997,34619,3574
240,12.418,14390,10496,34261,34516,3894
241,12.47,15915,10622,34729,34783,5293
242,12.522,13686,10411,32885,34813,3275
243,12.573,15992,10574,34303,34601,5418
244,12.625,14034,10580,33570,34237,3454
245,12.677,14679,10447,35142,34498,4232
246,12.729,15165,10254,35341,34437,4911
247,12.78,14373,10671,34500,34304,3702
248,12.832,14453,10290,33421,34874,4163
249,12.884,15748,10327,36377,34710,5421
250,12.935,14905,10266,33199,34795,4639
251,12.987,15027,10061,34782,34589,4966
252,13.039,15442,10447,34973,34662,4995
253,13.091,14342,10327,34258,35026,4015
254,13.142,14016,10550,35317,34971,3466
255,13.194,13744,10327,33937,34783,3417
256,13.246,13973,10610,35331,34401,3363
257,13.298,15299,10200,34855,34643,5099
258,13.349,13372,10278,33222,34935,3094
259,13.401,14537,10496,34040,34595,4041
260,13.453,15311,10725,34129,34371,4586
261,13.505,14036,10333,34559,34486,3703
262,13.556,14784,10230,34806,34401,4554
263,13.608,14182,10429,35500,34928,3753
264,13.66,14810,10453,34526,34674,4357
265,13.712,15285,10278,33640,34722,5007
266,13.763,14613,10592,34546,34674,4021
267,13.815,14884,10393,34538,35062,4491
268,13.867,14433,10652,34471,34862,3781
269,13.919,15870,10248,37132,34692,5622
270,13.97,14977,10387,34265,34904,4590
271,14.022,15435,10773,36387,34668,4662
272,14.074,15032,10526,35097,34728,4506
273,14.126,14379,10302,36045,34856,4077
274,14.177,15448,10646,34538,34916,4802
275,14.229,15283,10520,33981,34825,4763
276,14.281,15605,10471,35535,34668,5134
277,14.333,14698,10411,36398,34607,4287
278,14.384,14538,10351,36120,34759,4187
279,14.436,16704,10447,34115,34838,6257
280,14.488,15332,10109,35137,34710,5223
281,14.54,13776,10061,34488,34310,3715
282,14.591,14554,10628,34958,35026,3926
283,14.643,15251,10622,35106,34959,4629
284,14.695,13518,10483,35643,34983,3035
285,14.746,15075,10514,35338,35177,4561
286,14.798,14736,10411,35435,35013,4325
287,14.85,13939,10526,34426,34892,3413
288,14.902,14698,10109,35939,34546,4589
289,14.953,14342,10441,35754,35044,3901
290,15.005,14779,10248,34416,34747,4531
291,15.057,14336,10278,33517,34856,4058
292,15.109,14553,10562,34459,34831,3991
293,15.16,14524,10538,34946,34886,3986
294,15.212,15249,10333,35073,35092,4916
295,15.264,14774,10459,36230,35080,4315
296,15.316,15398,10441,34086,34856,4957
297,15.367,16349,10266,34531,34231,6083
298,15.419,14601,10363,35519,34783,4238
299,15.471,14015,10339,35776,34722,3676
300,15.523,14167,10224,33040,34565,3943
301,15.574,13813,10351,37526,34959,3462
302,15.626,15470,10357,34944,34431,5113
303,15.678,14725,10188,32781,34947,4537
304,15.73,15341,10514,34413,35377,4827
305,15.781,15059,10447,34532,35007,4612
306,15.833,14925,10550,36831,34741,4375
307,15.885,15221,10176,35080,34704,5045
308,15.937,15107,10133,35798,34898,4974
309,15.988,13555,10001,35349,34261,3554
310,16.04,14389,10423,35530,34959,3966
311,16.092,14831,10188,34084,34874,4643
312,16.144,14836,10236,33467,34941,4600
313,16.195,15313,10393,34370,34462,4920
314,16.247,14819,10176,34362,34807,4643
315,16.299,14280,10453,35557,34862,3827
316,16.35,14105,10447,32905,35341,3658
317,16.402,14622,10628,33304,34880,3994
318,16.454,13885,10490,34740,34759,3395
319,16.506,15045,10767,36892,34662,4278
320,16.557,13129,10604,32885,34619,2525
321,16.609,14104,10604,34546,34510,3500
322,16.661,14806,10333,33267,35141,4473
323,16.713,15157,10598,35088,34874,4559
324,16.764,15339,10562,33831,35129,4777
325,16.816,14425,10550,34552,34813,3875
326,16.868,15318,10242,35500,34777,5076
327,16.92,15353,10393,35800,34358,4960
328,16.971,14263,10399,35371,35098,3864
329,17.023,13340,10616,35778,35420,2724
330,17.075,14035,10146,33441,35013,3889
331,17.127,14747,10725,36266,34971,4022
332,17.178,15195,10520,34811,34795,4675
333,17.23,15135,10538,34425,34947,4597
334,17.282,15109,10327,36330,34941,4782
335,17.334,15692,10598,34363,35159,5094
336,17.385,14276,10176,33683,35080,4100
337,17.437,15130,10520,34963,35001,4610
338,17.489,16134,10393,35233,34486,5741
339,17.541,16095,10399,35025,34838,5696
340,17.592,15083,10314,35025,34492,4769
341,17.644,15199,10538,34805,34468,4661
342,17.696,15663,10592,35091,34504,5071
343,17.748,15558,10520,35710,34686,5038
344,17.799,16159,10453,35969,34995,5706
345,17.851,15523,10278,34975,34395,5245
346,17.903,16653,10333,34612,34741,6320
347,17.954,15677,10447,34318,34437,5230
348,18.006,15029,10640,34602,34838,4389
349,18.058,15045,10333,36417,34825,4712
350,18.11,14123,10526,34917,34862,3597
351,18.161,14562,10544,34584,34747,4018
352,18.213,15079,10405,34599,34680,4674
353,18.265,14751,10502,33703,35183,4249
354,18.317,15114,10357,36355,34304,4757
355,18.368,15979,10411,33567,34492,5568
356,18.42,14629,10127,34918,35135,4502
357,18.472,15829,10701,35312,34534,5128
358,18.524,16128,10327,35781,34601,5801
359,18.575,16518,10725,36457,35329,5793
360,18.627,16027,10622,35070,34989,5405
361,18.679,15915,10767,34308,34825,5148
362,18.731,15812,11045,33873,34983,4767
363,18.782,15569,10683,33817,34747,4886
364,18.834,15495,10646,33706,34959,4849
365,18.886,15058,10930,35437,35044,4128
366,18.938,16094,10683,34368,35098,5411
367,18.989,16049,10731,33947,34492,5318
368,19.041,16229,10477,34702,34965,5752
369,19.093,15571,10707,36254,34765,4864
370,19.145,15286,10960,36666,34516,4326
371,19.196,16139,10737,35803,34801,5402
372,19.248,14237,10882,36818,34959,3355
373,19.3,15170,10556,36002,35068,4614
374,19.352,14958,10477,34610,35062,4481
375,19.403,15572,10701,34924,35317,4871
376,19.455,14752,10574,35753,35129,4178
377,19.507,14801,10079,36619,35068,4722
378,19.558,14717,10604,36212,34953,4113
379,19.61,16070,10719,35318,35589,5351
380,19.662,15313,10399,34765,34928,4914
381,19.714,15542,10592,36076,34783,4950
382,19.765,13029,10465,34837,34935,2564
383,19.817,14048,10278,35689,34783,3770
384,19.869,14978,10550,33551,34977,4428
385,19.921,14621,10514,35270,35238,4107
386,19.972,13973,10514,35384,35311,3459
387,20.024,14733,10345,35106,34534,4388
388,20.076,15011,10580,35692,35256,4431
389,20.128,14635,10085,35932,34383,4550
390,20.179,14160,10592,34716,34474,3568
391,20.231,14012,10417,35314,34583,3595
392,20.283,14292,10290,34809,34953,4002
393,20.335,16394,10634,34491,35286,5760
394,20.386,14655,10743,34841,34947,3912
395,20.438,14723,11009,35671,34995,3714
396,20.49,15148,11021,34288,34831,4127
397,20.542,14068,10453,35184,35068,3615
398,20.593,14160,10357,35556,34928,3803
399,20.645,13993,10459,35319,34522,3534
400,20.697,14779,10375,33548,35080,4404
401,20.749,13556,10435,34297,34401,3121
402,20.8,14492,10556,34748,34668,3936
403,20.852,12975,10423,34655,35104,2552
404,20.904,14706,10616,35409,34874,4090
405,20.956,15256,10568,33448,35062,4688
406,21.007,14251,10870,35479,35056,3381
407,21.059,15206,10634,36172,34971,4572
408,21.111,14826,10405,35481,34559,4421
409,21.162,15132,10423,37054,34801,4709
410,21.214,14677,10870,34680,34959,3807
411,21.266,15039,10634,37118,34443,4405
412,21.318,14688,10459,35605,34765,4229
413,21.369,14185,10610,34961,34795,3575
414,21.421,14681,10405,33775,34844,4276
415,21.473,14022,10532,33779,34807,3490
416,21.525,15148,10508,34896,34916,4640
417,21.576,14198,10791,34432,35256,3407
418,21.628,14585,10544,36212,35784,4041
419,21.68,13490,10399,35924,34995,3091
420,21.732,13527,11009,34992,34813,2518
421,21.783,13600,10459,33217,35408,3141
422,21.835,14147,10314,34141,35195,3833
423,21.887,13668,10363,34729,35092,3305
424,21.939,14076,10333,34060,34935,3743
425,21.99,15695,10471,32377,34734,5224
426,22.042,14922,10375,34959,35116,4547
427,22.094,15720,10429,35041,34777,5291
428,22.146,15031,10411,31691,34922,4620
429,22.197,15070,10562,36529,34650,4508
430,22.249,14688,10604,34611,35038,4084
431,22.301,14856,10339,34331,34777,4517
432,22.353,14885,10604,34342,34546,4281
433,22.404,15624,10502,34176,35207,5122
434,22.456,15026,10683,34884,34553,4343
435,22.508,14237,10387,34136,34959,3850
436,22.56,14437,10266,35149,34698,4171
437,22.611,15024,10640,34651,34650,4384
438,22.663,14719,10490,33910,34674,4229
439,22.715,14963,10405,34246,35304,4558
440,22.766,16196,10441,33696,35541,5755
441,22.818,15105,10447,34851,34965,4658
442,22.87,14748,10363,36439,35177,4385
443,22.922,14534,10538,33899,35523,3996
444,22.973,15407,10628,35041,34813,4779
445,23.025,17189,10616,35385,34868,6573
446,23.077,15843,10634,34510,34819,5209
447,23.129,14607,10526,35939,35250,4081
448,23.18,14474,10483,35081,34813,3991
449,23.232,14485,10496,34820,34868,3989
450,23.284,14228,10284,33648,34455,3944
451,23.336,14750,10526,35927,35165,4224
452,23.387,15749,10526,33681,35123,5223
453,23.439,14855,10622,35763,34286,4233
454,23.491,15077,10266,34493,34777,4811
455,23.543,14744,10538,34864,34971,4206
456,23.594,13714,10369,34916,35274,3345
457,23.646,14260,10471,35327,35711,3789
458,23.698,14762,10556,34786,34710,4206
459,23.75,14554,10345,35711,34607,4209
460,23.801,15787,10532,36901,35347,5255
461,23.853,15413,10719,34102,35195,4694
462,23.905,14777,10405,35502,34813,4372
463,23.957,14246,10345,36902,34995,3901
464,24.008,15296,10532,34498,35274,4764
465,24.06,15503,10182,33701,35056,5321
466,24.112,14723,10314,34506,34474,4409
467,24.164,14069,10532,36024,34795,3537
468,24.215,15616,10924,33614,34528,4692
469,24.267,14844,11268,35375,35353,3576
470,24.319,14636,10689,35822,35177,3947
471,24.37,14494,10610,33998,35086,3884
472,24.422,14727,10351,34658,35074,4376
473,24.474,13884,10447,34275,34910,3437
474,24.526,15539,10393,36641,34577,5146
475,24.577,15295,10170,34802,35104,5125
476,24.629,15540,10773,33355,34777,4767
477,24.681,14937,10622,34713,34753,4315
478,24.733,13657,10640,33099,34904,3017
479,24.784,15057,10508,35324,35019,4549
480,24.836,15288,10447,34192,34734,4841
481,24.888,15586,10652,34738,34965,4934
482,24.94,15676,10441,34418,34771,5235
483,24.991,15390,10453,34376,35092,4937
484,25.043,14526,10327,35347,34947,4199
485,25.095,15575,10526,35758,34965,5049
486,25.147,15201,10333,34202,35050,4868
487,25.198,14474,10598,36092,34983,3876
488,25.25,14620,10502,35771,35195,4118
489,25.302,14863,10520,35096,34892,4343
490,25.354,15072,10351,34905,35335,4721
491,25.405,15625,10622,34008,34928,5003
492,25.457,13949,10351,34593,35498,3598
493,25.509,15037,10538,34309,35032,4499
494,25.561,14683,10308,33419,35201,4375
495,25.612,15102,10773,34827,35026,4329
496,25.664,14022,10508,33535,34462,3514
497,25.716,14670,10797,33410,34365,3873
498,25.768,14532,10508,36060,34686,4024
499,25.819,14622,10339,34303,35110,4283
500,25.871,15131,10483,34602,34668,4648
501,25.923,14405,10284,35889,34904,4121
502,25.974,13985,10254,34746,34795,3731
503,26.026,14167,10182,34483,35026,3985
504,26.078,15053,10483,33865,35292,4570
505,26.13,13969,10483,35714,34753,3486
506,26.181,14191,10447,33668,35523,3744
507,26.233,15401,10966,34132,35371,4435
508,26.285,14674,10568,34564,34959,4106
509,26.337,14853,10103,36380,35486,4750
510,26.388,13912,10429,34670,35408,3483
511,26.44,14342,10634,34624,35038,3708
512,26.492,13762,10435,37152,34807,3327
513,26.544,14258,10453,34530,35602,3805
514,26.595,15809,10483,37476,34825,5326
515,26.647,14938,10520,34049,34947,4418
516,26.699,14903,10236,34782,35135,4667
517,26.751,13908,10574,34809,35432,3334
518,26.802,15200,10538,34151,34947,4662
519,26.854,15351,10616,35054,35468,4735
520,26.906,14191,10423,34996,35232,3768
521,26.958,15021,10429,34659,34759,4592
522,27.009,13845,10695,36404,35189,3150
523,27.061,15552,10743,34552,35153,4809
524,27.113,15525,10308,32758,35292,5217
525,27.165,15038,10496,34597,35183,4542
526,27.216,15125,10610,34474,35110,4515
527,27.268,15416,10652,35615,35292,4764
528,27.32,16135,10556,34552,35074,5579
529,27.372,15182,10574,34751,35353,4608
530,27.423,16633,10471,35363,35092,6162
531,27.475,15748,10296,35962,35505,5452
532,27.527,14656,10604,36091,35274,4052
533,27.578,14313,10665,34284,35262,3648
534,27.63,15964,10592,34515,35523,5372
535,27.682,15027,10659,36216,35238,4368
536,27.734,14806,10749,35138,34916,4057
537,27.785,13929,10526,34580,35359,3403
538,27.837,15266,10538,35319,35062,4728
539,27.889,14979,10876,33229,35571,4103
540,27.941,15463,10809,35912,34789,4654
541,27.992,15094,10719,36657,35462,4375
542,28.044,14115,10634,36939,35486,3481
543,28.096,15749,10918,34996,35250,4831
544,28.148,14971,10568,35643,35189,4403
545,28.199,14773,10592,35766,35796,4181
546,28.251,15791,10767,35269,35777,5024
547,28.303,15851,10719,33748,35116,5132
548,28.355,14321,10290,36067,35596,4031
549,28.406,15257,10405,35205,35438,4852
550,28.458,14983,10526,36868,35662,4457
551,28.51,14550,10182,34089,35571,4368
552,28.562,13175,10417,36296,35838,2758
553,28.613,14874,10333,35466,35474,4541
554,28.665,15335,10393,34933,35656,4942
555,28.717,14769,10477,34406,35183,4292
556,28.769,14313,10411,35616,35080,3902
557,28.82,14698,10532,34961,35207,4166
558,28.872,15418,10568,35942,35262,4850
559,28.924,13951,10471,36425,35541,3480
560,28.976,14981,10544,36870,34941,4437
561,29.027,15409,10550,35387,35644,4859
562,29.079,15420,10532,34522,35838,4888
563,29.131,15597,10339,36227,35444,5258
564,29.182,15118,10218,34058,35401,4900
565,29.234,14780,10393,36075,35395,4387
566,29.286,14602,10314,37250,35790,4288
567,29.338,16331,10592,35039,35280,5739
568,29.389,14854,10496,35302,35862,4358
569,29.441,16105,10302,36353,35365,5803
570,29.493,14385,10254,35921,35729,4131
571,29.545,14581,10526,32908,35953,4055
572,29.596,14228,10351,35085,35517,3877
573,29.648,15311,10508,34135,35153,4803
574,29.7,15451,10405,36352,35353,5046
575,29.752,14514,10290,34901,34747,4224
576,29.803,16523,10230,34371,35408,6293
577,29.855,14387,10616,34992,35432,3771
578,29.907,15955,10532,33803,35268,5423
579,29.959,14971,10351,38456,35050,4620
580,30.01,14235,10556,36009,35177,3679
581,30.062,13530,10665,36147,35535,2865
582,30.114,15187,10761,32914,35013,4426
583,30.166,15031,10435,35095,35438,4596
584,30.217,15068,10574,34048,35207,4494
585,30.269,15191,10417,34796,35662,4774
586,30.321,15427,10139,34443,35577,5288
587,30.373,13771,10526,35136,35395,3245
588,30.424,14701,10405,35476,35304,4296
589,30.476,14818,10634,36307,35311,4184
590,30.528,14802,10683,36859,35165,4119
591,30.58,14788,10230,35631,35395,4558
592,30.631,15632,10339,34064,35408,5293
593,30.683,14623,10924,35867,35335,3699
594,30.735,15538,10707,33806,35268,4831
595,30.786,15097,10737,35769,34862,4360
596,30.838,14738,10483,35038,35129,4255
597,30.89,15854,10580,33640,35553,5274
598,30.942,15261,10465,35639,34874,4796
599,30.993,15664,10393,36340,35341,5271
600,31.045,14926,10646,33938,35280,4280
601,31.097,14706,10435,34936,35456,4271
602,31.149,14579,10767,36052,35365,3812
603,31.2,15526,10538,34374,35383,4988
604,31.252,15062,10429,34690,35735,4633
605,31.304,16072,10381,35679,34892,5691
606,31.356,15005,10296,36231,35492,4709
607,31.407,13861,10870,34625,35389,2991
608,31.459,15655,10526,35145,35408,5129
609,31.511,15449,10339,35226,35329,5110
610,31.563,15703,10604,33872,34995,5099
611,31.614,15926,10550,35055,35183,5376
612,31.666,15194,10815,35844,34971,4379
613,31.718,14050,10556,33971,35147,3494
614,31.77,14839,10260,34618,35559,4579
615,31.821,13769,10604,33560,35135,3165
616,31.873,14282,10508,35677,35292,3774
617,31.925,13713,10604,34156,34953,3109
618,31.977,15401,10707,35182,35171,4694
619,32.028,14511,10399,34158,35207,4112
620,32.08,14945,10483,35675,35347,4462
621,32.132,16510,10405,34794,35183,6105
622,32.184,15020,10580,34377,35116,4440
623,32.235,14283,10314,34584,35347,3969
624,32.287,14333,10490,34587,35256,3843
625,32.339,14767,10719,34506,35389,4048
626,32.39,15526,10496,35289,35232,5030
627,32.442,14192,10483,35738,35001,3709
628,32.494,14804,10580,33992,35159,4224
629,32.546,13718,10508,34937,35195,3210
630,32.597,14660,10586,36189,35032,4074
631,32.649,13965,10435,34688,35213,3530
632,32.701,15022,10634,34233,35377,4388
633,32.753,14844,10284,35436,35238,4560
634,32.804,14621,10526,35208,34965,4095
635,32.856,14563,10508,33581,35341,4055
636,32.908,15152,10393,34621,35001,4759
637,32.96,14772,10453,36690,35213,4319
638,33.011,15692,10327,35659,34898,5365
639,33.063,14533,10870,35500,35353,3663
640,33.115,15112,10393,35773,35074,4719
641,33.167,14671,10387,33862,35329,4284
642,33.218,14453,10574,32534,34953,3879
643,33.27,13946,10327,34880,35232,3619
644,33.322,14025,10743,34943,35620,3282
645,33.374,14952,10912,34911,35062,4040
646,33.425,13653,10592,35712,35001,3061
647,33.477,14649,10689,33583,34613,3960
648,33.529,15095,10809,35611,34868,4286
649,33.581,14644,10882,34108,34995,3762
650,33.632,15327,10888,35478,35311,4439
651,33.684,14190,10930,33634,35165,3260
652,33.736,14750,10719,34451,34577,4031
653,33.788,15589,10936,35019,35147,4653
654,33.839,16149,10888,36080,35311,5261
655,33.891,16425,10978,34912,35577,5447
656,33.943,14752,10502,36661,35116,4250
657,33.994,14107,10616,34629,35244,3491
658,34.046,15071,10568,37160,35116,4503
659,34.098,14280,10924,37247,34892,3356
660,34.15,14671,11033,34144,34783,3638
661,34.201,16401,11063,35080,34874,5338
662,34.253,14005,10918,33136,35183,3087
663,34.305,15243,11111,36707,35365,4132
664,34.357,16283,11341,36565,35784,4942
665,34.408,15982,10942,35205,35110,5040
666,34.46,15238,10767,34403,35171,4471
667,34.512,14769,10659,34687,35019,4110
668,34.564,16608,10532,34882,35389,6076
669,34.615,14018,10689,34671,35656,3329
670,34.667,14933,10471,35571,35019,4462
671,34.719,14688,10622,33239,34977,4066
672,34.771,14430,10496,34712,35001,3934
673,34.822,15686,10514,35602,35486,5172
674,34.874,14414,10459,36108,35050,3955
675,34.926,15716,10327,34337,35486,5389
676,34.978,15520,10459,35935,35359,5061
677,35.029,14205,10574,33417,35207,3631
678,35.081,15058,10538,36255,35019,4520
679,35.133,15235,10393,35026,35165,4842
680,35.185,14460,10266,35748,35765,4194
681,35.236,14941,10369,35745,35153,4572
682,35.288,14287,10550,36034,35044,3737
683,35.34,14625,10339,35392,35541,4286
684,35.392,14589,10604,33701,35323,3985
685,35.443,14746,10447,35506,35311,4299
686,35.495,14514,10634,35982,34838,3880
687,35.547,14143,10634,35615,34989,3509
688,35.598,15294,10791,34865,35401,4503
689,35.65,15265,10574,35557,35498,4691
690,35.702,13495,10393,35600,35614,3102
691,35.754,13670,10526,32784,35389,3144
692,35.805,13355,10640,35786,34686,2715
693,35.857,15208,10447,34967,35226,4761
694,35.909,13536,10508,34171,35147,3028
695,35.961,14148,10659,35019,35777,3489
696,36.012,15864,10496,34411,35086,5368
697,36.064,15205,10490,34639,35195,4715
698,36.116,14846,10677,36237,34880,4169
699,36.168,14854,10290,36092,35547,4564
700,36.219,14855,10321,35344,35571,4534
701,36.271,14445,10574,34319,35116,3871
702,36.323,15399,10490,34676,35559,4909
703,36.375,15669,10604,35161,35256,5065
704,36.426,14529,10399,35931,35559,4130
705,36.478,14529,10121,34135,35614,4408
706,36.53,14535,10574,34573,35511,3961
707,36.582,15798,10695,36133,35153,5103
708,36.633,15048,10363,34466,35474,4685
709,36.685,14767,10502,35896,36093,4265
710,36.737,14221,10417,33616,35153,3804
711,36.789,14853,10731,35714,35468,4122
712,36.84,14690,10707,36964,35565,3983
713,36.892,14442,10490,36045,35213,3952
714,36.944,14276,10701,35655,35335,3575
715,36.996,15466,10429,36454,35480,5037
716,37.047,15764,10447,34175,35104,5317
717,37.099,14482,10423,35541,35450,4059
718,37.151,14093,10580,33820,35662,3513
719,37.202,14975,11063,33305,35389,3912
720,37.254,14794,11117,34686,35444,3677
721,37.306,15433,11087,34495,35232,4346
722,37.358,15997,11202,35153,35323,4795
723,37.409,15094,10773,35575,35438,4321
724,37.461,15112,10592,33299,35123,4520
725,37.513,15765,10423,35188,35213,5342
726,37.565,15434,10532,35999,35292,4902
727,37.616,14880,10423,35415,35256,4457
728,37.668,14448,10556,35112,35347,3892
729,37.72,15632,10290,34998,35056,5342
730,37.772,14413,10538,35403,35408,3875
731,37.823,14718,10538,35881,35941,4180
732,37.875,15286,10375,35180,35517,4911
733,37.927,15056,10429,35642,36244,4627
734,37.979,15367,10526,34198,35498,4841
735,38.03,15435,10453,34700,35462,4982
736,38.082,14502,10465,36012,35771,4037
737,38.134,14710,10453,36060,35747,4257
738,38.186,14145,10453,34993,35304,3692
739,38.237,15779,10224,37028,35589,5555
740,38.289,14688,10731,34267,35462,3957
741,38.341,14038,10242,36885,35371,3796
742,38.393,15518,10429,33677,35183,5089
743,38.444,14570,10677,36415,35365,3893
744,38.496,15626,10556,36003,35808,5070
745,38.548,14442,10520,34337,35353,3922
746,38.6,15685,10459,35615,35298,5226
747,38.651,14093,10417,36124,35383,3676
748,38.703,13856,10483,34462,35680,3373
749,38.755,15824,10556,33250,34904,5268
750,38.806,14464,10477,33972,35717,3987
751,38.858,14916,10640,34425,35583,4276
752,38.91,16342,10622,35948,35474,5720
753,38.962,14717,10773,34256,35620,3944
754,39.013,13900,10393,33466,35741,3507
755,39.065,16245,10592,35060,35177,5653
756,39.117,15227,10828,36455,35771,4399
757,39.169,15025,10496,34599,35517,4529
758,39.22,14685,10544,34328,35644,4141
759,39.272,15213,10550,34162,35371,4663
760,39.324,14814,10544,34168,35250,4270
761,39.376,14392,10447,35187,35498,3945
762,39.427,16088,10628,35812,35699,5460
763,39.479,15833,10085,35086,35596,5748
764,39.531,15559,10146,34562,35268,5413
765,39.583,14514,10550,33769,35268,3964
766,39.634,14653,10387,35305,35517,4266
767,39.686,15440,10465,35049,35632,4975
768,39.738,14518,10604,33730,35547,3914
769,39.79,14367,10417,35253,35401,3950
770,39.841,14531,10272,36405,35535,4259
771,39.893,15812,10598,34177,35104,5214
772,39.945,15082,10363,35961,35480,4719
773,39.997,15523,10695,35093,35935,4828
774,40.048,15482,10345,35179,35280,5137
775,40.1,14060,10538,35256,35480,3522
776,40.152,14229,10393,36133,35486,3836
777,40.204,14861,10538,36455,35868,4323
778,40.255,14799,10465,36718,35511,4334
779,40.307,15185,10387,36350,35395,4798
780,40.359,14824,10308,34625,35280,4516
781,40.41,14317,10417,35391,35644,3900
782,40.462,14907,10520,35850,35583,4387
783,40.514,13712,10284,34649,35432,3428
784,40.566,14230,10357,34233,35862,3873
785,40.617,15233,10502,35156,34983,4731
786,40.669,15818,10550,35641,35268,5268
787,40.721,15665,10375,34976,35656,5290
788,40.773,14303,10387,34743,36056,3916
789,40.824,14759,10634,35649,35771,4125
790,40.876,16062,10483,34698,35583,5579
791,40.928,14644,10580,35707,35408,4064
792,40.98,14687,10731,35012,34947,3956
793,41.031,15025,10405,33329,35529,4620
794,41.083,15863,10508,34317,35292,5355
795,41.135,15173,10465,35687,35123,4708
796,41.187,14198,10628,32967,35080,3570
797,41.238,16381,10948,36714,35432,5433
798,41.29,15314,10490,34690,35444,4824
799,41.342,14060,10242,35077,35462,3818
800,41.394,15685,10502,35270,35814,5183
801,41.445,15749,10592,34178,35638,5157
802,41.497,15570,10333,34169,35408,5237
803,41.549,14976,10327,36358,35856,4649
804,41.601,15920,10260,37674,35547,5660
805,41.652,15395,10538,34829,35808,4857
806,41.704,15385,10532,35276,35238,4853
807,41.756,16015,10441,36217,36220,5574
808,41.808,14343,10423,34625,35232,3920
809,41.859,13823,10550,34795,35420,3273
810,41.911,14572,10302,34851,35862,4270
811,41.963,13651,10399,36853,35080,3252
812,42.015,13669,10538,35637,35929,3131
813,42.066,14654,10526,36970,35680,4128
814,42.118,14481,10459,35956,35389,4022
815,42.17,14672,10465,35443,35116,4207
816,42.221,15016,10538,34902,35207,4478
817,42.273,14392,10574,35298,35583,3818
818,42.325,13954,10598,36039,35511,3356
819,42.377,15031,10622,35747,35565,4409
820,42.428,14628,10906,35124,35608,3722
821,42.48,15453,10665,35095,35517,4788
822,42.532,14537,10634,35584,36081,3903
823,42.584,14451,10695,33812,35874,3756
824,42.635,16034,10483,34506,35838,5551
825,42.687,15423,10508,37299,35577,4915
826,42.739,16640,10369,35722,35432,6271
827,42.791,15182,10447,34577,35468,4735
828,42.842,15204,10465,35544,35632,4739
829,42.894,14277,10719,34928,35947,3558
830,42.946,16263,10284,33924,35535,5979
831,42.998,15176,10477,36373,35765,4699
832,43.049,14424,10815,36531,36202,3609
833,43.101,14421,10876,35877,35535,3545
834,43.153,14874,10441,35749,35571,4433
835,43.205,14988,10490,34038,35317,4498
836,43.256,14976,10381,36410,35693,4595
837,43.308,14366,10381,34577,35765,3985
838,43.36,15517,10357,35171,35377,5160
839,43.412,15329,10634,34739,35614,4695
840,43.463,15952,10737,36471,35814,5215
841,43.515,13992,10490,35437,35498,3502
842,43.567,14480,10405,35307,35559,4075
843,43.619,15262,10465,35207,36117,4797
844,43.67,14958,10490,35905,36062,4468
845,43.722,14928,10345,34219,35589,4583
846,43.774,14538,10502,35594,36038,4036
847,43.825,14465,10628,33938,35874,3837
848,43.877,13798,10761,35207,35656,3037
849,43.929,13967,10242,34756,35420,3725
850,43.981,14318,10532,32813,35414,3786
851,44.032,15359,10447,36208,36214,4912
852,44.084,14475,10212,33389,35820,4263
853,44.136,15325,10393,33496,35183,4932
854,44.188,15384,10248,36148,35844,5136
855,44.239,14929,10411,36516,35711,4518
856,44.291,14630,10417,34871,36069,4213
857,44.343,16321,10586,36721,35565,5735
858,44.395,15688,10610,35785,36263,5078
859,44.446,13802,10369,35166,35420,3433
860,44.498,14623,10272,34506,35765,4351
861,44.55,14629,10230,35557,35905,4399
862,44.602,13403,10321,34586,35814,3082
863,44.653,14782,10399,35826,35383,4383
864,44.705,13804,10405,35714,35438,3399
865,44.757,13958,10351,36286,35535,3607
866,44.809,14816,10176,34435,35996,4640
867,44.86,15597,10471,35839,35620,5126
868,44.912,15423,10779,36042,35468,4644
869,44.964,14188,10405,36087,35868,3783
870,45.016,14677,10417,35853,35565,4260
871,45.067,14422,10695,33975,35881,3727
872,45.119,14584,10453,34537,36105,4131
873,45.171,16657,10218,35635,36087,6439
874,45.223,13933,10333,34588,35529,3600
875,45.274,15441,10435,34540,35347,5006
876,45.326,14608,10369,34573,34886,4239
877,45.378,14597,10616,35278,35038,3981
878,45.429,16688,10339,33976,36281,6349
879,45.481,15309,10441,36016,35608,4868
880,45.533,15436,10646,34840,35511,4790
881,45.585,13960,10610,33869,35207,3350
882,45.636,14617,10248,36929,35438,4369
883,45.688,15667,10550,34721,35189,5117
884,45.74,15798,10447,36418,35341,5351
885,45.792,14097,10393,35461,35347,3704
886,45.843,16251,10453,35229,35589,5798
887,45.895,16559,10544,34968,35668,6015
888,45.947,14289,10236,37256,35329,4053
889,45.999,14787,10230,34850,35680,4557
890,46.05,14635,10628,34263,35796,4007
891,46.102,15558,10532,36292,35529,5026
892,46.154,15233,10556,35186,35668,4677
893,46.206,15246,11003,35934,35680,4243
894,46.257,14376,10592,34850,35426,3784
895,46.309,14674,10333,34616,35650,4341
896,46.361,14444,10182,36367,35790,4262
897,46.413,15360,10345,35958,35608,5015
898,46.464,14403,10471,35281,36008,3932
899,46.516,15005,10200,35316,35662,4805
900,46.568,15217,10550,34221,36366,4667
901,46.62,14210,10574,35653,35638,3636
902,46.671,15250,10471,36128,35401,4779
903,46.723,14529,10387,34778,35256,4142
904,46.775,14595,10713,35292,35796,3882
905,46.827,13990,10598,35533,35541,3392
906,46.878,15445,10508,37999,35596,4937
907,46.93,14655,10399,35993,36141,4256
908,46.982,14324,10405,36422,36062,3919
909,47.033,15719,10526,37662,35717,5193
910,47.085,16746,10339,35142,35553,6407
911,47.137,15071,10508,35390,36093,4563
912,47.189,14077,10447,34890,35765,3630
913,47.24,13983,10592,36755,35838,3391
914,47.292,15585,10314,35451,35596,5271
915,47.344,15550,10290,37539,35881,5260
916,47.396,15738,10580,36641,35826,5158
917,47.447,14712,10761,35555,35414,3951
918,47.499,15751,10381,35463,35614,5370
919,47.551,14682,10321,34718,35565,4361
920,47.603,13867,10218,34757,35887,3649
921,47.654,14238,10477,36090,35729,3761
922,47.706,15089,10314,36070,35662,4775
923,47.758,14483,10369,35224,35608,4114
924,47.81,15691,10278,35680,35699,5413
925,47.861,14594,10483,35469,35498,4111
926,47.913,14739,10544,36484,36014,4195
927,47.965,16362,10290,36303,35941,6072
928,48.017,14011,10369,35738,35195,3642
929,48.068,15731,10471,35331,35802,5260
930,48.12,16063,10622,34499,35456,5441
931,48.172,16206,10586,36897,36002,5620
932,48.224,15308,10254,34662,35626,5054
933,48.275,13880,10302,35827,35541,3578
934,48.327,14028,10212,36617,35978,3816
935,48.379,14835,10640,35943,35808,4195
936,48.431,15628,10496,33383,36075,5132
937,48.482,15428,10586,36282,35529,4842
938,48.534,14307,10453,35630,35680,3854
939,48.586,15220,10369,34988,35693,4851
940,48.637,15098,10695,34842,35953,4403
941,48.689,14541,10357,36228,35844,4184
942,48.741,14897,10459,33817,35565,4438
943,48.793,15606,10405,34691,35838,5201
944,48.844,15774,10302,35522,36335,5472
945,48.896,14982,10640,34828,35602,4342
946,48.948,14549,10550,35948,35753,3999
947,49.0,14332,10272,35731,35965,4060
948,49.051,14265,10465,37706,36190,3800
949,49.103,15605,10628,36888,35389,4977
950,49.155,15584,10743,35448,36032,4841
951,49.207,16421,10357,35348,35450,6064
952,49.258,16327,10333,35602,35353,5994
953,49.31,15061,10073,36186,35650,4988
954,49.362,16966,10502,35531,35565,6464
955,49.414,15993,10399,35282,35899,5594
956,49.465,16176,10399,34840,35596,5777
957,49.517,14971,10465,34685,35668,4506
958,49.569,15384,10393,34454,35347,4991
959,49.621,14745,10465,36055,35547,4280
960,49.672,14948,10586,35590,35571,4362
961,49.724,15243,10435,35527,35765,4808
962,49.776,15274,10290,32897,34904,4984
963,49.828,15232,10447,34714,35480,4785
964,49.879,15058,10568,36460,35383,4490
965,49.931,15019,10821,37462,35602,4198
966,49.983,15198,10345,35052,36044,4853
967,50.035,15385,10550,35475,35832,4835
968,50.086,16006,10459,34366,35893,5547
969,50.138,15577,10538,36241,35444,5039
970,50.19,13773,10097,36161,35899,3676
971,50.241,16450,10592,36889,35862,5858
972,50.293,14924,10321,34281,35887,4603
973,50.345,15981,10628,36781,35480,5353
974,50.397,14959,10327,33982,35414,4632
975,50.448,15120,10429,34583,35608,4691
976,50.5,15477,10351,34834,35978,5126
977,50.552,14911,10387,35548,35856,4524
978,50.604,14821,10628,35434,35717,4193
979,50.655,15203,10616,34269,35401,4587
980,50.707,16371,10586,35199,35693,5785
981,50.759,14880,10266,36695,36129,4614
982,50.811,15188,10170,33729,35389,5018
983,50.862,16362,10532,35358,35207,5830
984,50.914,15535,10598,35556,36020,4937
985,50.966,15265,10918,35366,35935,4347
986,51.018,16218,10369,34348,35123,5849
987,51.069,16730,10405,34918,35286,6325
988,51.121,14415,10333,35368,34971,4082
989,51.173,13946,10490,34847,35899,3456
990,51.225,16040,10496,35576,36141,5544
991,51.276,15574,10333,35784,35559,5241
992,51.328,15233,10363,35940,35959,4870
993,51.38,15355,10405,35441,35456,4950
994,51.432,15382,10622,34890,35602,4760
995,51.483,14222,10671,35109,35777,3551
996,51.535,15400,10393,36523,35699,5007
997,51.587,15490,10532,35008,35790,4958
998,51.639,14660,10538,35589,35438,4122
999,51.69,15373,10574,35886,35432,4799
