frame,Time [s],CH1,BGND1,CH2,BGND2,intensity
0,0.0,12676,8904,25811,26146,3772
1,0.052,11669,8861,26798,26688,2808
2,0.103,11364,8922,25613,26315,2442
3,0.155,11700,9202,25634,26634,2498
4,0.207,11502,8685,25936,26525,2817
5,0.259,10641,8831,26684,26188,1810
6,0.31,11530,8764,24275,26369,2766
7,0.362,11489,9074,26671,26562,2415
8,0.414,11311,9141,27124,26176,2170
9,0.466,11381,8898,25762,26351,2483
10,0.517,11100,8873,24649,26381,2227
11,0.569,10811,8770,26945,26062,2041
12,0.621,11925,9038,26567,26327,2887
13,0.673,12238,8861,24873,26351,3377
14,0.724,10331,8861,25942,26525,1470
15,0.776,10023,8983,25962,26291,1040
16,0.828,9443,9001,26854,26104,442
17,0.88,9383,8606,26136,26315,777
18,0.931,8966,8758,26591,26525,208
19,0.983,8977,8849,25828,26128,128
20,1.035,9675,8630,27268,26357,1045
21,1.087,8719,9080,26154,26646,-361
22,1.138,10662,9226,25255,26929,1436
23,1.19,12418,9421,26417,26435,2997
24,1.242,12972,9184,26785,26038,3788
25,1.294,13375,9013,26273,26718,4362
26,1.345,12861,9001,27484,26254,3860
27,1.397,12326,9092,25119,26772,3234
28,1.449,13536,9226,26219,26459,4310
29,1.501,12305,8959,26930,26399,3346
30,1.552,12961,9111,26105,26194,3850
31,1.604,12763,8898,25474,26549,3865
32,1.656,15291,9147,27141,26562,6144
33,1.707,12935,9111,25063,26026,3824
34,1.759,13275,9147,26008,26242,4128
35,1.811,13887,9250,25747,26285,4637
36,1.863,11659,9275,27524,26218,2384
37,1.914,13975,9396,25622,26688,4579
38,1.966,13597,9336,26584,26574,4261
39,2.018,12888,9044,27162,26266,3844
40,2.07,12341,9153,24488,26531,3188
41,2.121,10955,9293,24831,26628,1662
42,2.173,11696,8952,25483,26616,2744
43,2.225,11998,9609,26698,26164,2389
44,2.277,14243,9469,25104,26796,4774
45,2.328,10901,9354,26274,26351,1547
46,2.38,11727,9171,26484,26477,2556
47,2.432,12449,9104,24564,26610,3345
48,2.484,13090,9013,27542,26423,4077
49,2.535,13010,9104,26537,26393,3906
50,2.587,11833,9007,25777,26291,2826
51,2.639,14341,9287,25703,26802,5054
52,2.691,12741,9086,24598,26411,3655
53,2.742,13639,9293,24981,26351,4346
54,2.794,13596,9299,26208,26543,4297
55,2.846,13539,9153,26598,26447,4386
56,2.898,13399,9202,26579,26556,4197
57,2.949,13328,9068,26930,26369,4260
58,3.001,13616,9111,27176,26194,4505
59,3.053,12293,9092,26021,26634,3201
60,3.105,10233,8794,25661,26297,1439
61,3.156,11316,9038,26185,26459,2278
62,3.208,12433,8886,26668,25947,3547
63,3.26,12296,8879,26654,25911,3417
64,3.311,12915,9019,26520,26562,3896
65,3.363,13070,8740,27282,26784,4330
66,3.415,12844,8916,25492,26604,3928
67,3.467,13125,8946,26474,27025,4179
68,3.518,13139,8934,26851,26748,4205
69,3.57,12857,9323,25759,26170,3534
70,3.622,11896,9019,26949,26447,2877
71,3.674,11396,9074,24369,26465,2322
72,3.725,9076,9123,25604,26664,-47
73,3.777,9905,8837,26626,26447,1068
74,3.829,9732,9074,26489,27158,658
75,3.881,10453,9354,27670,26748,1099
76,3.932,10066,9269,25109,26953,797
77,3.984,9887,9421,26042,27013,466
78,4.036,9893,9208,26684,26784,685
79,4.088,9783,9330,26618,26754,453
80,4.139,8954,9244,26076,26652,-290
81,4.191,9720,8952,27766,26321,768
82,4.243,9358,8843,26239,26730,515
83,4.295,9866,8679,26081,26983,1187
84,4.346,8992,8770,26885,26760,222
85,4.398,9859,8819,25595,26616,1040
86,4.45,11207,9025,25388,26495,2182
87,4.502,10486,8740,26820,26869,1746
88,4.553,10603,8886,27718,26766,1717
89,4.605,11547,8886,27909,26598,2661
90,4.657,11835,8825,26089,26814,3010
91,4.709,11375,8685,26068,26772,2690
92,4.76,11324,8886,26549,26459,2438
93,4.812,10931,8733,27191,26730,2198
94,4.864,11361,8806,28554,27061,2555
95,4.915,10781,8752,27090,26375,2029
96,4.967,12770,8776,26635,26784,3994
97,5.019,12291,8977,27032,26814,3314
98,5.071,12437,8946,26545,26706,3491
99,5.122,10665,8764,24383,26387,1901
100,5.174,12135,8806,26969,26857,3329
101,5.226,10972,8855,24757,26730,2117
102,5.278,11096,8770,27112,26652,2326
103,5.329,11411,8715,27159,26989,2696
104,5.381,10762,8928,26397,26718,1834
105,5.433,11384,8819,27159,26640,2565
106,5.485,12637,8916,25628,26646,3721
107,5.536,11728,9038,26472,26640,2690
108,5.588,13582,8892,25992,26646,4690
109,5.64,12453,8697,26821,26754,3756
110,5.692,12972,8648,28217,26556,4324
111,5.743,14034,8752,26486,26923,5282
112,5.795,13217,8654,26085,26905,4563
113,5.847,11922,8813,25208,26513,3109
114,5.899,11802,8478,27036,26513,3324
115,5.95,11901,8916,27408,26628,2985
116,6.002,10959,8758,27016,26501,2201
117,6.054,11864,8679,27796,26826,3185
118,6.106,11455,8825,27834,26857,2630
119,6.157,10742,8667,25647,26628,2075
120,6.209,12699,8648,24891,27019,4051
121,6.261,13318,8752,25393,26646,4566
122,6.313,12532,8813,26514,26586,3719
123,6.364,12154,8977,26935,26549,3177
124,6.416,11009,8618,26279,26525,2391
125,6.468,10574,8740,27342,26664,1834
126,6.519,10145,8831,25339,26387,1314
127,6.571,9827,8831,26931,26393,996
128,6.623,10928,8989,26852,26808,1939
129,6.675,10254,8624,26329,26556,1630
130,6.726,10869,8697,26502,26712,2172
131,6.778,11308,8356,26307,26285,2952
132,6.83,11134,8740,25123,26405,2394
133,6.882,10727,8563,27334,26447,2164
134,6.933,13337,8959,25933,26778,4378
135,6.985,10181,8661,25039,26495,1520
136,7.037,11186,8971,26524,26983,2215
137,7.089,10156,8588,27300,26887,1568
138,7.14,10369,8691,26738,26556,1678
139,7.192,9946,8746,26424,26724,1200
140,7.244,9395,8630,26465,26634,765
141,7.296,9707,8782,25424,26634,925
142,7.347,9876,8673,26282,26640,1203
143,7.399,8636,8569,25960,26887,67
144,7.451,8892,8733,25596,26447,159
145,7.503,9769,8405,26626,26634,1364
146,7.554,9490,8782,25784,26634,708
147,7.606,9588,8612,25636,26387,976
148,7.658,9921,8642,26027,26899,1279
149,7.71,9323,8764,25697,26291,559
150,7.761,10944,8588,25263,26772,2356
151,7.813,11049,8442,25367,26718,2607
152,7.865,11187,8618,25986,26610,2569
153,7.917,10248,8940,26234,26706,1308
154,7.968,10767,8800,26742,26664,1967
155,8.02,10593,8965,26577,26580,1628
156,8.072,9238,8636,26291,26622,602
157,8.123,10568,8636,26193,26760,1932
158,8.175,10599,8782,26033,26616,1817
159,8.227,10260,8648,26061,26881,1612
160,8.279,10678,8776,26333,26543,1902
161,8.33,11437,8928,28110,26857,2509
162,8.382,9974,8606,26106,26905,1368
163,8.434,9870,8800,26620,26965,1070
164,8.486,12402,9013,27257,26899,3389
165,8.537,11086,9044,25380,27206,2042
166,8.589,12081,8934,26297,27116,3147
167,8.641,12631,8916,26561,26971,3715
168,8.693,10760,8679,25786,26586,2081
169,8.744,12175,8709,25380,26519,3466
170,8.796,11055,8819,28107,26658,2236
171,8.848,11696,8630,25451,26977,3066
172,8.9,11999,8715,26256,26568,3284
173,8.951,13567,8685,25095,26393,4882
174,9.003,11863,8752,27561,26628,3111
175,9.055,12224,8600,24370,26863,3624
176,9.107,11864,8867,26645,26682,2997
177,9.158,12401,8667,26032,26242,3734
178,9.21,13310,8819,26985,26291,4491
179,9.262,13295,8618,25300,26977,4677
180,9.314,12338,8642,27390,26465,3696
181,9.365,11571,8612,27259,26971,2959
182,9.417,10895,8673,26351,26802,2222
183,9.469,9899,8563,25263,26580,1336
184,9.521,10374,8527,26190,26315,1847
185,9.572,9399,8855,26600,27128,544
186,9.624,11533,8831,26111,27043,2702
187,9.676,11906,8758,26448,26592,3148
188,9.727,12207,8551,25408,26700,3656
189,9.779,11008,8648,26195,26802,2360
190,9.831,13227,8849,26225,26863,4378
191,9.883,13117,8989,26448,26947,4128
192,9.934,11041,8928,25556,26947,2113
193,9.986,10619,8910,24494,26724,1709
194,10.038,11001,8855,26098,26790,2146
195,10.09,12050,8825,25714,26525,3225
196,10.141,13009,8770,26338,26556,4239
197,10.193,11594,8770,27389,26977,2824
198,10.245,9648,8733,25611,26881,915
199,10.297,11595,8758,26501,26826,2837
200,10.348,11391,8758,26881,27079,2633
201,10.4,11253,8727,27604,26905,2526
202,10.452,12838,8904,26381,26598,3934
203,10.504,11878,8752,26905,26790,3126
204,10.555,11418,8843,25876,26543,2575
205,10.607,10293,8691,24400,27134,1602
206,10.659,11726,8423,26766,26814,3303
207,10.711,11505,8800,24335,26622,2705
208,10.762,11568,8636,26135,26917,2932
209,10.814,11696,8551,25385,27128,3145
210,10.866,12147,8806,26353,27043,3341
211,10.918,12082,8733,26454,26670,3349
212,10.969,12826,8697,26746,26833,4129
213,11.021,10250,8588,26896,26863,1662
214,11.073,13177,8758,26105,26537,4419
215,11.125,12664,8667,24295,27103,3997
216,11.176,12275,8752,25378,26531,3523
217,11.228,12194,8673,26916,26549,3521
218,11.28,10294,8442,27088,26718,1852
219,11.331,9613,8636,27546,26851,977
220,11.383,9967,8673,26109,26947,1294
221,11.435,12342,8679,26319,26682,3663
222,11.487,10514,8618,25039,26501,1896
223,11.538,10564,8886,25718,26923,1678
224,11.59,10389,8466,25552,26730,1923
225,11.642,9925,8849,25473,26977,1076
226,11.694,10851,8752,26344,26820,2099
227,11.745,10845,8648,25491,26839,2197
228,11.797,11777,8806,25015,26742,2971
229,11.849,12210,8709,27229,26483,3501
230,11.901,11621,8545,27322,26640,3076
231,11.952,11461,8581,26236,26905,2880
232,12.004,12551,8478,26350,26537,4073
233,12.056,12018,8685,27035,26730,3333
234,12.108,10637,8508,26904,26766,2129
235,12.159,10763,8746,28163,26814,2017
236,12.211,11825,8654,25902,26851,3171
237,12.263,10520,8849,25610,26339,1671
238,12.315,10334,8740,26035,27025,1594
239,12.366,9772,8648,26451,26712,1124
240,12.418,10042,8630,26718,26592,1412
241,12.47,9304,8624,26064,26369,680
242,12.522,9181,8648,27342,27170,533
243,12.573,10035,8435,25836,26495,1600
244,12.625,9097,8600,27590,26820,497
245,12.677,10041,8679,25720,26718,1362
246,12.729,9420,8770,25777,26170,650
247,12.78,9528,8344,26330,26808,1184
248,12.832,9202,8575,26554,26941,627
249,12.884,9437,8594,25998,26574,843
250,12.935,9094,8867,27427,26429,227
251,12.987,8805,8606,25979,26760,199
252,13.039,10855,8764,27534,27116,2091
253,13.091,11743,8581,26717,26628,3162
254,13.142,10470,8527,26036,26754,1943
255,13.194,11951,8606,27855,26730,3345
256,13.246,10228,8715,26974,26869,1513
257,13.298,10314,8648,25845,26236,1666
258,13.349,11476,8819,26504,26724,2657
259,13.401,11919,8636,27288,26833,3283
260,13.453,11058,8703,24956,26845,2355
261,13.505,11703,9117,25658,26796,2586
262,13.556,11531,9171,26723,26700,2360
263,13.608,12618,8673,26342,26694,3945
264,13.66,12175,8703,25954,26688,3472
265,13.712,11483,8873,26581,26556,2610
266,13.763,10350,8746,25856,26483,1604
267,13.815,10361,8594,26610,26640,1767
268,13.867,11391,8715,26504,26784,2676
269,13.919,12704,8661,27007,26568,4043
270,13.97,12762,8435,26226,27073,4327
271,14.022,12123,8752,27368,26730,3371
272,14.074,11056,8423,25700,26453,2633
273,14.126,13073,8855,26781,27176,4218
274,14.177,12762,8825,25414,26826,3937
275,14.229,12227,8715,25410,26628,3512
276,14.281,10866,8764,25121,26881,2102
277,14.333,11155,8806,27003,26760,2349
278,14.384,8477,8399,25793,26700,78
279,14.436,8627,8594,25425,26730,33
280,14.488,8663,8752,25978,26857,-89
281,14.54,8800,8405,26354,27079,395
282,14.591,9464,8393,25595,26802,1071
283,14.643,12507,8782,25904,26863,3725
284,14.695,10286,8642,27647,27326,1644
285,14.746,12033,8855,26427,26658,3178
286,14.798,10641,8709,26949,26857,1932
287,14.85,10089,8782,26488,26260,1307
288,14.902,9768,8606,25630,26441,1162
289,14.953,8206,8703,25191,26459,-497
290,15.005,9944,8606,26272,26640,1338
291,15.057,10347,8715,27009,26802,1632
292,15.109,10307,8642,25456,26772,1665
293,15.16,11882,8521,26497,26549,3361
294,15.212,10807,8721,26615,26610,2086
295,15.264,9984,8752,26245,26616,1232
296,15.316,11896,8971,26098,27007,2925
297,15.367,10811,8733,26496,26754,2078
298,15.419,9265,8715,26628,26947,550
299,15.471,9342,8654,26073,26995,688
300,15.523,8611,8563,27223,27128,48
301,15.574,9899,8740,27403,27170,1159
302,15.626,11125,8740,25845,26857,2385
303,15.678,8954,8733,25169,26893,221
304,15.73,10377,8515,26795,26995,1862
305,15.781,9512,8843,26207,26682,669
306,15.833,9823,8581,25876,26778,1242
307,15.885,10988,8594,24968,26333,2394
308,15.937,10864,8721,26797,26574,2143
309,15.988,12265,8721,26456,26465,3544
310,16.04,12154,8916,27095,26682,3238
311,16.092,10628,8727,23099,26863,1901
312,16.144,11831,8788,25984,27019,3043
313,16.195,12379,8733,24711,26712,3646
314,16.247,12184,8800,27299,26405,3384
315,16.299,9620,8533,26970,27049,1087
316,16.35,9567,8898,25460,26820,669
317,16.402,9598,8606,25655,27128,992
318,16.454,11837,8265,26812,26489,3572
319,16.506,10170,8545,27504,26766,1625
320,16.557,11128,8533,25458,27218,2595
321,16.609,11593,8819,26699,26760,2774
322,16.661,12214,8697,27352,26610,3517
323,16.713,9294,8521,26120,27055,773
324,16.764,11449,8709,26331,27007,2740
325,16.816,12161,8776,26491,26598,3385
326,16.868,10681,8892,26297,26893,1789
327,16.92,11716,8837,26037,26712,2879
328,16.971,11533,8685,27208,26833,2848
329,17.023,11895,8691,25125,26610,3204
330,17.075,12267,8770,25745,26525,3497
331,17.127,13220,8733,26128,26742,4487
332,17.178,12287,8879,27040,26634,3408
333,17.23,12013,8703,26681,26664,3310
334,17.282,12660,8782,28174,26688,3878
335,17.334,13509,8794,25040,27007,4715
336,17.385,13807,8727,26621,26477,5080
337,17.437,12582,8788,27419,26447,3794
338,17.489,13084,8630,25971,26676,4454
339,17.541,12529,8715,25480,26531,3814
340,17.592,12959,8673,23808,26905,4286
341,17.644,13188,8642,27081,26730,4546
342,17.696,13394,8594,27359,26128,4800
343,17.748,12305,8849,25697,26580,3456
344,17.799,11247,8545,26813,26742,2702
345,17.851,13365,8673,26570,26634,4692
346,17.903,13044,8654,26897,26772,4390
347,17.954,12286,9038,25938,26531,3248
348,18.006,13270,8618,25826,27001,4652
349,18.058,11864,8922,25780,27019,2942
350,18.11,11654,8624,27005,26658,3030
351,18.161,12128,8551,27154,26971,3577
352,18.213,12849,8581,25638,26820,4268
353,18.265,11884,8661,24837,26381,3223
354,18.317,13571,8733,27101,26851,4838
355,18.368,12918,8794,25984,26754,4124
356,18.42,12590,8624,26386,26586,3966
357,18.472,10169,8417,25724,26923,1752
358,18.524,11352,8472,27035,26935,2880
359,18.575,11394,8490,26052,26748,2904
360,18.627,11369,8515,26771,27007,2854
361,18.679,12507,8302,25780,26676,4205
362,18.731,11444,8472,25496,26098,2972
363,18.782,10386,8502,26081,26327,1884
364,18.834,11233,8934,26309,26622,2299
365,18.886,10584,8752,25371,26200,1832
366,18.938,10882,8417,26575,26820,2465
367,18.989,10857,8484,25791,26833,2373
368,19.041,10553,8752,27030,26917,1801
369,19.093,11498,8429,27458,26574,3069
370,19.145,12134,8545,25523,26923,3589
371,19.196,10904,8600,25989,27001,2304
372,19.248,11040,8527,26403,26814,2513
373,19.3,10900,8466,26078,26592,2434
374,19.352,10966,8594,26073,27037,2372
375,19.403,11184,8454,25872,26700,2730
376,19.455,11775,8387,25422,26784,3388
377,19.507,9863,8594,26638,27134,1269
378,19.558,10909,8557,27733,26971,2352
379,19.61,10880,8515,26430,26857,2365
380,19.662,11405,8703,25832,26724,2702
381,19.714,12426,8703,26538,26531,3723
382,19.765,12211,8600,25103,26712,3611
383,19.817,11893,8788,26609,26640,3105
384,19.869,11232,8673,27027,26911,2559
385,19.921,11973,8545,26771,26634,3428
386,19.972,12096,8709,27011,26279,3387
387,20.024,11082,8654,26546,26700,2428
388,20.076,11635,8673,25618,26339,2962
389,20.128,10627,8873,26168,26429,1754
390,20.179,9711,8606,26306,26652,1105
391,20.231,9186,8673,26345,26766,513
392,20.283,9486,8727,25558,26839,759
393,20.335,9878,8922,26583,26405,956
394,20.386,9121,8667,25747,26634,454
395,20.438,10156,8910,25182,26947,1246
396,20.49,9953,8837,25588,26790,1116
397,20.542,9893,8843,26007,26784,1050
398,20.593,9704,8746,27506,26616,958
399,20.645,8953,8758,26154,26519,195
400,20.697,9308,8800,25731,26905,508
401,20.749,9321,8685,26606,26748,636
402,20.8,9905,8806,26943,26694,1099
403,20.852,9014,8721,26579,26622,293
404,20.904,9799,9135,27220,26682,664
405,20.956,9924,8995,25624,26447,929
406,21.007,9334,8892,26073,26736,442
407,21.059,9128,8837,26165,26826,291
408,21.111,9860,8740,25505,26899,1120
409,21.162,9457,8752,25805,27182,705
410,21.214,9854,8594,25234,26989,1260
411,21.266,9652,8679,27581,26592,973
412,21.318,9373,9001,25897,26983,372
413,21.369,10032,8977,24856,26905,1055
414,21.421,9667,8788,27144,26381,879
415,21.473,9316,8545,27139,26736,771
416,21.525,9284,8831,25032,27103,453
417,21.576,8681,8794,27535,26893,-113
418,21.628,10906,9117,25369,26537,1789
419,21.68,10648,8624,25326,26525,2024
420,21.732,9979,8983,25352,26525,996
421,21.783,10319,8831,26108,26513,1488
422,21.835,8946,8782,25178,26796,164
423,21.887,8822,8691,26329,26525,131
424,21.939,9177,8898,26443,26556,279
425,21.99,9049,8995,25731,26549,54
426,22.042,8587,8946,26682,27019,-359
427,22.094,8862,8800,26685,26531,62
428,22.146,9014,9323,26804,26754,-309
429,22.197,8948,9281,27181,26604,-333
430,22.249,9102,8746,26938,26616,356
431,22.301,10609,8892,25954,26646,1717
432,22.353,9705,9086,25632,26820,619
433,22.404,9310,9153,27480,26513,157
434,22.456,9645,8995,27023,26736,650
435,22.508,9568,8910,25075,26875,658
436,22.56,9353,8831,26831,26568,522
437,22.611,8353,8837,26305,27073,-484
438,22.663,8620,8764,26004,26387,-144
439,22.715,9852,8661,26852,26670,1191
440,22.766,8929,8770,27494,26796,159
441,22.818,9121,8697,25822,26742,424
442,22.87,8712,8995,27043,26833,-283
443,22.922,8666,8581,26718,26640,85
444,22.973,8889,8703,25638,26965,186
445,23.025,9740,8703,27440,26718,1037
446,23.077,9600,8515,25285,26658,1085
447,23.129,9438,8551,26063,26610,887
448,23.18,8893,8618,27958,26875,275
449,23.232,8438,8624,25811,26808,-186
450,23.284,8211,8429,25513,26706,-218
451,23.336,9390,8521,27359,26947,869
452,23.387,9214,8886,26469,26959,328
453,23.439,10698,8904,27072,27025,1794
454,23.491,9388,8685,26921,26580,703
455,23.543,9958,8861,26392,26676,1097
456,23.594,9827,8490,27122,26808,1337
457,23.646,9833,8782,25363,26857,1051
458,23.698,9441,8387,27028,26826,1054
459,23.75,9750,8375,25734,26995,1375
460,23.801,9218,8594,25780,26772,624
461,23.853,9023,8490,24989,27176,533
462,23.905,8338,8667,24943,26887,-329
463,23.957,8821,8727,25578,26851,94
464,24.008,8417,8563,25736,27116,-146
465,24.06,9231,8581,26427,27043,650
466,24.112,8691,8715,26814,26387,-24
467,24.164,8630,8490,25996,26929,140
468,24.215,9412,8709,27199,26549,703
469,24.267,10507,8752,26567,26694,1755
470,24.319,8796,8448,27820,27158,348
471,24.37,8692,8600,26437,26537,92
472,24.422,9804,8411,26104,26519,1393
473,24.474,10151,8454,26161,26489,1697
474,24.526,8796,8581,25731,27067,215
475,24.577,9539,8429,26312,26447,1110
476,24.629,9112,8478,27152,27182,634
477,24.681,9330,8490,26242,26694,840
478,24.733,8788,8533,25791,26646,255
479,24.784,9529,8454,28114,26682,1075
480,24.836,8907,8636,25508,26766,271
481,24.888,8007,8557,27434,27164,-550
482,24.94,8159,8612,25961,26537,-453
483,24.991,8814,8369,26455,26724,445
484,25.043,8893,8417,26166,26531,476
485,25.095,9488,8776,24951,27103,712
486,25.147,9329,8618,25765,26941,711
487,25.198,9457,8448,26436,26598,1009
488,25.25,8967,8521,26786,26820,446
489,25.302,8304,8472,25899,26851,-168
490,25.354,9215,8594,28649,26164,621
491,25.405,9850,9007,26431,26977,843
492,25.457,8669,8813,26392,26820,-144
493,25.509,9405,8819,25492,26977,586
494,25.561,8531,8697,26329,26959,-166
495,25.612,7831,8788,25516,26845,-957
496,25.664,9229,8983,26806,26471,246
497,25.716,8987,8855,27022,26971,132
498,25.768,9375,8624,27032,26718,751
499,25.819,9099,8642,25400,26730,457
500,25.871,8883,8782,25437,26941,101
501,25.923,9774,8855,27903,26929,919
502,25.974,8693,8934,27953,26929,-241
503,26.026,8957,8435,25982,26718,522
504,26.078,9262,8788,24416,26688,474
505,26.13,9032,8752,27568,26814,280
506,26.181,9218,8764,27342,27140,454
507,26.233,9154,8721,26184,26947,433
508,26.285,9509,8800,26528,26790,709
509,26.337,8664,8952,26356,26556,-288
510,26.388,9532,8813,28241,26700,719
511,26.44,8725,8624,26670,26839,101
512,26.492,8434,8563,26003,26513,-129
513,26.544,8893,8557,26103,26748,336
514,26.595,9623,8375,27774,26688,1248
515,26.647,8258,8356,25841,26851,-98
516,26.699,8850,8673,26625,26236,177
517,26.751,9465,8758,28280,26718,707
518,26.802,9034,8581,27897,27091,453
519,26.854,8202,8557,25290,27110,-355
520,26.906,8557,8332,26825,26869,225
521,26.958,9110,8636,26573,27320,474
522,27.009,8936,8557,27714,26236,379
523,27.061,8770,8448,26156,26640,322
524,27.113,9183,8539,27052,26483,644
525,27.165,8551,8563,27967,26851,-12
526,27.216,9029,8551,28212,26754,478
527,27.268,8458,8691,25720,27001,-233
528,27.32,8782,8448,26883,26604,334
529,27.372,8471,8648,25981,26778,-177
530,27.423,9138,8338,26138,26742,800
531,27.475,8204,8563,26085,26495,-359
532,27.527,8711,8399,25404,26802,312
533,27.578,8883,8594,26000,26772,289
534,27.63,9470,8551,26642,26682,919
535,27.682,8821,8338,26461,26845,483
536,27.734,9125,8715,26220,26694,410
537,27.785,9212,9032,26159,26489,180
538,27.837,8994,8940,27791,26248,54
539,27.889,9246,8952,26135,26718,294
540,27.941,9447,8873,26348,26537,574
541,27.992,8916,8813,27456,26592,103
542,28.044,8739,8721,26735,27417,18
543,28.096,9937,8490,27379,26489,1447
544,28.148,8495,8484,24274,26435,11
545,28.199,9109,8733,26531,26465,376
546,28.251,8895,8618,26068,26622,277
547,28.303,9321,8484,26982,26543,837
548,28.355,10320,8551,25673,26875,1769
549,28.406,9208,8569,26344,26712,639
550,28.458,9224,8259,25964,26953,965
551,28.51,8841,8344,26808,26248,497
552,28.562,9016,8557,27172,26917,459
553,28.613,9047,8539,27659,26893,508
554,28.665,8666,8721,27246,26676,-55
555,28.717,8961,8594,26027,26923,367
556,28.769,8183,8557,25331,26706,-374
557,28.82,9086,8563,26448,26706,523
558,28.872,9091,8344,25784,26983,747
559,28.924,8693,8594,25204,26592,99
560,28.976,9916,8648,25663,26754,1268
561,29.027,10403,8727,24902,26893,1676
562,29.079,12537,8746,26667,26598,3791
563,29.131,10726,8952,26197,26826,1774
564,29.182,9241,8661,26567,26447,580
565,29.234,8249,8557,26762,26489,-308
566,29.286,8356,8557,26976,27025,-201
567,29.338,7911,8381,28222,26549,-470
568,29.389,8369,8381,25866,26568,-12
569,29.441,8333,8575,24581,26748,-242
570,29.493,8996,8661,25765,26802,335
571,29.545,8802,8496,27331,26863,306
572,29.596,9252,8849,26378,26941,403
573,29.648,9618,8533,26179,26869,1085
574,29.7,8165,8557,26390,27200,-392
575,29.752,8692,8411,27075,26929,281
576,29.803,8597,8448,25903,27025,149
577,29.855,8028,8539,26197,26814,-511
578,29.907,9808,8527,28464,26941,1281
579,29.959,9106,8478,26403,27170,628
580,30.01,9306,8545,25840,26736,761
581,30.062,8722,8229,25286,26718,493
582,30.114,9069,8454,25458,26531,615
583,30.166,9280,8448,26622,27128,832
584,30.217,9228,8661,26553,26754,567
585,30.269,8283,8533,26803,26929,-250
586,30.321,8358,8308,25461,27194,50
587,30.373,8483,8460,27187,26772,23
588,30.424,8682,8265,27610,26634,417
589,30.476,8963,8429,26648,26339,534
590,30.528,8793,8521,27135,26989,272
591,30.58,8233,8375,28455,26742,-142
592,30.631,9237,8496,26562,26730,741
593,30.683,9042,8442,25324,26477,600
594,30.735,8793,8533,26225,26393,260
595,30.786,8654,8612,27754,26465,42
596,30.838,8706,8508,27212,26399,198
597,30.89,8691,8679,27820,26839,12
598,30.942,8809,8588,26391,27242,221
599,30.993,9023,8356,25916,26628,667
600,31.045,9147,8545,26714,27097,602
601,31.097,8628,8557,26987,26537,71
602,31.149,8633,8502,27018,26495,131
603,31.2,9221,8502,25470,26489,719
604,31.252,9211,8515,25682,26905,696
605,31.304,8592,8338,26449,26525,254
606,31.356,8508,8259,26438,26682,249
607,31.407,8785,8521,25861,26845,264
608,31.459,9035,8417,26846,26032,618
609,31.511,9424,8369,26188,26363,1055
610,31.563,9306,8417,25318,26598,889
611,31.614,8164,8411,26534,26501,-247
612,31.666,8911,8448,26373,26556,463
613,31.718,9977,8308,25520,26495,1669
614,31.77,8510,8478,25485,26670,32
615,31.821,7838,8417,25689,27218,-579
616,31.873,8849,8442,25861,26646,407
617,31.925,9595,8235,26744,26477,1360
618,31.977,8674,8265,27224,26507,409
619,32.028,9254,8545,25478,27073,709
620,32.08,8762,8515,26175,26670,247
621,32.132,8991,8344,28268,26616,647
622,32.184,9257,8454,27148,26700,803
623,32.235,9038,8545,27093,26393,493
624,32.287,9805,8588,25410,27013,1217
625,32.339,9525,8521,25511,26580,1004
626,32.39,9139,8624,25939,26459,515
627,32.442,9618,8594,27820,26724,1024
628,32.494,9303,8685,26103,26634,618
629,32.546,8616,8642,27046,26477,-26
630,32.597,9347,8472,26161,26375,875
631,32.649,8431,8527,27183,26543,-96
632,32.701,8795,8539,25090,26941,256
633,32.753,8766,8673,28555,26712,93
634,32.804,8767,8472,26097,26471,295
635,32.856,7842,8308,26634,26495,-466
636,32.908,8623,8557,26474,26688,66
637,32.96,8300,8496,25681,26790,-196
638,33.011,9438,8569,26215,26923,869
639,33.063,9306,8837,26582,26790,469
640,33.115,9491,8515,26374,26622,976
641,33.167,8870,8679,27658,26989,191
642,33.218,8330,8350,24903,26983,-20
643,33.27,9174,8326,27328,26760,848
644,33.322,8553,8612,26092,26525,-59
645,33.374,8848,8569,27401,26851,279
646,33.425,8165,8472,24894,26778,-307
647,33.477,8511,8709,26468,26760,-198
648,33.529,9053,8417,26602,26598,636
649,33.581,9370,8417,26844,26580,953
650,33.632,9126,8399,27444,26580,727
651,33.684,8257,8648,25988,26652,-391
652,33.736,9403,8442,27279,27128,961
653,33.788,8512,8508,26691,26574,4
654,33.839,9302,8496,26756,26622,806
655,33.891,8644,8521,26901,26543,123
656,33.943,9398,8515,26718,26700,883
657,33.994,8740,8588,27552,26814,152
658,34.046,8836,8673,26376,27206,163
659,34.098,8990,8387,27125,26754,603
660,34.15,9017,8508,26174,26634,509
661,34.201,9109,8387,25989,26802,722
662,34.253,8082,8411,26847,26863,-329
663,34.305,8911,8490,26808,26628,421
664,34.357,9187,8539,27197,26700,648
665,34.408,8124,8435,25141,27049,-311
666,34.46,8165,8271,26715,27013,-106
667,34.512,8675,8630,25528,26700,45
668,34.564,9126,8423,26607,26477,703
669,34.615,9530,8448,26299,26784,1082
670,34.667,8937,8381,25631,26586,556
671,34.719,9083,8508,24848,26826,575
672,34.771,8695,8484,25517,26549,211
673,34.822,9196,8460,26628,26959,736
674,34.874,8984,8356,25947,26537,628
675,34.926,8911,8496,26749,26580,415
676,34.978,9226,8423,24885,26471,803
677,35.029,8978,8539,27612,26935,439
678,35.081,8667,8630,25265,26977,37
679,35.133,8418,8393,26383,26423,25
680,35.185,7870,8703,26790,26471,-833
681,35.236,8399,8454,27838,26718,-55
682,35.288,8763,8709,27018,26814,54
683,35.34,8591,8636,26901,27079,-45
684,35.392,8997,8484,26640,26507,513
685,35.443,8427,8563,25385,26513,-136
686,35.495,8543,8411,25997,26718,132
687,35.547,8256,8308,25948,26429,-52
688,35.598,8386,8594,26914,26784,-208
689,35.65,8671,8618,26497,26634,53
690,35.702,8351,8387,26262,26893,-36
691,35.754,9662,8435,25650,26610,1227
692,35.805,8635,8557,25783,26519,78
693,35.857,9182,8332,26819,26808,850
694,35.909,8743,8515,26540,26393,228
695,35.961,8627,8265,27390,27001,362
696,36.012,9984,8314,26527,26760,1670
697,36.064,9109,8429,26671,26833,680
698,36.116,8991,8642,25343,26399,349
699,36.168,8868,8344,27804,26598,524
700,36.219,9201,8539,26086,26869,662
701,36.271,8605,8399,26579,26845,206
702,36.323,9322,8478,26194,26706,844
703,36.375,8673,8575,26737,26935,98
704,36.426,8941,8411,26006,26507,530
705,36.478,9211,8277,26066,27200,934
706,36.53,8667,8630,27252,26519,37
707,36.582,8836,8600,27206,26833,236
708,36.633,8863,8569,26864,26808,294
709,36.685,8966,8496,25711,26995,470
710,36.737,9103,8442,28604,27170,661
711,36.789,8700,8527,27240,26562,173
712,36.84,8828,8721,27249,26718,107
713,36.892,8532,8551,25885,26965,-19
714,36.944,8364,8563,27488,26688,-199
715,36.996,8871,8673,26643,26947,198
716,37.047,8646,8594,26561,26760,52
717,37.099,8740,8867,27560,26923,-127
718,37.151,9792,8661,26273,26712,1131
719,37.202,7519,8740,26682,26748,-1221
720,37.254,9346,8873,25542,26724,473
721,37.306,8436,8527,25862,26772,-91
722,37.358,8335,8600,26680,26658,-265
723,37.409,8502,8448,26520,26983,54
724,37.461,8704,8363,25434,26778,341
725,37.513,8975,8630,26489,27212,345
726,37.565,8051,8575,26551,26875,-524
727,37.616,8774,8618,26117,26947,156
728,37.668,8136,8515,24972,26236,-379
729,37.72,8952,8733,26743,26863,219
730,37.772,8953,8831,26486,26748,122
731,37.823,8312,9025,26136,26863,-713
732,37.875,9100,8831,25864,27001,269
733,37.927,8580,8709,25812,26531,-129
734,37.979,8716,8588,26954,26700,128
735,38.03,7897,8569,26248,26851,-672
736,38.082,8718,8642,27699,26826,76
737,38.134,8485,8557,27282,26784,-72
738,38.186,9138,8551,26330,26574,587
739,38.237,8717,8794,27059,26513,-77
740,38.289,9182,8527,24819,26857,655
741,38.341,7658,8679,27322,26652,-1021
742,38.393,8569,8435,25816,26748,134
743,38.444,8680,8752,25718,27043,-72
744,38.496,7994,8654,26441,26875,-660
745,38.548,8072,8618,27132,26971,-546
746,38.6,8055,8782,26201,26863,-727
747,38.651,9033,8922,25731,27073,111
748,38.703,8271,8709,26228,27206,-438
749,38.755,7869,8721,25422,26580,-852
750,38.806,8159,8691,26264,26562,-532
751,38.858,8562,9250,25622,26628,-688
752,38.91,8860,9104,26699,26911,-244
753,38.962,7626,8995,26278,27356,-1369
754,39.013,9070,8916,27542,26604,154
755,39.065,8612,8965,26809,27067,-353
756,39.117,8001,8965,27246,27164,-964
757,39.169,9631,9299,25992,26802,332
758,39.22,8761,9208,27047,26748,-447
759,39.272,9178,9092,27419,26730,86
760,39.324,8430,8934,26891,26531,-504
761,39.376,9619,8934,26142,26315,685
762,39.427,9067,8721,26027,26772,346
763,39.479,8541,8782,25896,26519,-241
764,39.531,8841,8746,26066,26881,95
765,39.583,8926,9025,24788,26989,-99
766,39.634,8285,8959,26313,27091,-674
767,39.686,8329,8959,26767,26640,-630
768,39.738,8685,8825,25581,26977,-140
769,39.79,8786,9038,27431,26941,-252
770,39.841,8569,8813,26995,26778,-244
771,39.893,8826,8959,27421,26977,-133
772,39.945,8602,8806,27367,26893,-204
773,39.997,9410,9086,26514,27176,324
774,40.048,8616,8770,26153,27019,-154
775,40.1,9038,8539,25094,26519,499
776,40.152,8101,8879,27783,27103,-778
777,40.204,8620,8557,25912,26796,63
778,40.255,8544,8630,26755,26935,-86
779,40.307,8141,8715,26051,27019,-574
780,40.359,9526,8484,25537,26911,1042
781,40.41,7207,8624,24792,27194,-1417
782,40.462,8913,8557,26558,27302,356
783,40.514,8646,8563,27297,26610,83
784,40.566,9219,8466,27535,26694,753
785,40.617,9058,8515,26671,26453,543
786,40.669,8591,8521,24942,26796,70
787,40.721,8208,8691,25007,26441,-483
788,40.773,8384,8715,26707,26911,-331
789,40.824,8516,8545,27532,26604,-29
790,40.876,8259,8563,27323,27128,-304
791,40.928,8981,8642,26198,27091,339
792,40.98,8578,8661,26729,26929,-83
793,41.031,8267,8667,27101,26977,-400
794,41.083,8437,8612,28018,26670,-175
795,41.135,8464,8575,25155,27061,-111
796,41.187,9277,8819,25025,26447,458
797,41.238,8747,8618,24193,27043,129
798,41.29,8275,8454,26957,26881,-179
799,41.342,8938,8661,26981,26622,277
800,41.394,8423,8703,26126,26833,-280
801,41.445,8594,8381,27277,27013,213
802,41.497,8967,8581,26935,27140,386
803,41.549,8353,8448,26637,27314,-95
804,41.601,8775,8654,26538,26869,121
805,41.652,8694,8776,26476,27447,-82
806,41.704,8581,8709,25677,26941,-128
807,41.756,7774,8575,26988,26622,-801
808,41.808,9051,8350,26149,27007,701
809,41.859,8317,8399,25692,27025,-82
810,41.911,9170,8399,25990,26875,771
811,41.963,8147,8691,26461,26664,-544
812,42.015,8250,8600,26604,27206,-350
813,42.066,8827,8843,26238,27043,-16
814,42.118,8236,8667,25470,26694,-431
815,42.17,8036,8551,25767,26706,-515
816,42.221,9236,8423,26555,27146,813
817,42.273,9299,8685,25735,26646,614
818,42.325,8739,8533,25994,27013,206
819,42.377,8405,8533,26274,26718,-128
820,42.428,8919,8521,25746,26820,398
821,42.48,8213,8539,26180,26790,-326
822,42.532,8873,8654,26398,26688,219
823,42.584,8270,8478,27198,27013,-208
824,42.635,8583,8350,25263,26321,233
825,42.687,7701,8557,25890,27037,-856
826,42.739,7961,8435,25904,26700,-474
827,42.791,8925,8442,25853,26808,483
828,42.842,7808,8308,26757,26929,-500
829,42.894,8843,8581,25828,26724,262
830,42.946,8150,8539,24577,26586,-389
831,42.998,8381,8460,26161,26730,-79
832,43.049,8275,8478,26965,26893,-203
833,43.101,8863,8800,26597,26549,63
834,43.153,8453,8575,27009,26881,-122
835,43.205,7825,8466,26996,26899,-641
836,43.256,8536,8831,26448,26399,-295
837,43.308,9075,8606,25465,27097,469
838,43.36,8430,8539,27684,26959,-109
839,43.412,8976,8229,26904,26929,747
840,43.463,8870,8478,27234,26845,392
841,43.515,8566,8399,25995,26549,167
842,43.567,9017,8478,25161,26592,539
843,43.619,8599,8569,28280,26706,30
844,43.67,8337,8521,26910,26712,-184
845,43.722,8494,8393,25574,27007,101
846,43.774,8504,8405,26407,26730,99
847,43.825,8901,8442,25409,26712,459
848,43.877,8663,8545,26816,26863,118
849,43.929,7807,8460,26812,26802,-653
850,43.981,8529,8612,26648,27206,-83
851,44.032,8051,8496,25755,26664,-445
852,44.084,9333,8429,24709,26778,904
853,44.136,8227,8448,26037,26730,-221
854,44.188,8721,8636,25987,27019,85
855,44.239,8614,8460,26636,26875,154
856,44.291,8685,8399,27076,26622,286
857,44.343,8089,8661,26853,26887,-572
858,44.395,8630,8344,26891,26935,286
859,44.446,8367,8314,26705,26754,53
860,44.498,8049,8563,26932,26989,-514
861,44.55,8565,8612,25779,26808,-47
862,44.602,8694,8466,25538,26839,228
863,44.653,8196,8478,27193,26616,-282
864,44.705,8854,8472,25821,26537,382
865,44.757,8572,8533,27373,26814,39
866,44.809,8826,8515,27469,27134,311
867,44.86,8934,8460,26859,27230,474
868,44.912,8597,8527,26163,26983,70
869,44.964,8446,8338,27538,27067,108
870,45.016,9153,8466,26479,26814,687
871,45.067,8687,8283,25370,26730,404
872,45.119,8182,8521,25448,26483,-339
873,45.171,9302,8466,27031,27013,836
874,45.223,8755,8515,25549,26941,240
875,45.274,8394,8460,27122,26983,-66
876,45.326,8485,8606,26760,26598,-121
877,45.378,8903,8721,27952,26929,182
878,45.429,8106,8472,26032,26778,-366
879,45.481,9090,8369,27508,26971,721
880,45.533,8661,8472,25038,26513,189
881,45.585,8394,8496,26572,26833,-102
882,45.636,8949,8405,26448,27079,544
883,45.688,8604,8557,27136,26905,47
884,45.74,9375,8661,25876,26826,714
885,45.792,9242,8302,26998,26646,940
886,45.843,9069,8399,25663,26814,670
887,45.895,8135,8618,26351,26875,-483
888,45.947,9286,8180,27931,26790,1106
889,45.999,8699,8521,26546,26929,178
890,46.05,8837,8259,25732,26754,578
891,46.102,8054,8642,27487,26586,-588
892,46.154,8337,8557,26080,26820,-220
893,46.206,8252,8648,27472,26772,-396
894,46.257,8904,8417,25640,26845,487
895,46.309,8262,8563,26245,27043,-301
896,46.361,8351,8405,27349,26820,-54
897,46.413,8901,8448,25668,26682,453
898,46.464,9333,8271,25933,26887,1062
899,46.516,7712,8697,26019,26652,-985
900,46.568,8309,8545,25442,26893,-236
901,46.62,8221,8338,25922,26562,-117
902,46.671,8306,8381,25852,26688,-75
903,46.723,8584,8569,26453,26911,15
904,46.775,7992,8563,27241,26760,-571
905,46.827,8298,8800,26493,26929,-502
906,46.878,8473,8569,26690,26754,-96
907,46.93,8562,8472,27399,26911,90
908,46.982,9157,8490,26492,26688,667
909,47.033,7656,8581,23867,26712,-925
910,47.085,9037,8563,26531,26682,474
911,47.137,8243,8496,26748,27043,-253
912,47.189,8426,8423,25788,26989,3
913,47.24,9262,8557,25793,26760,705
914,47.292,8814,8496,27452,27067,318
915,47.344,8699,8472,27686,26845,227
916,47.396,7850,8612,25191,27037,-762
917,47.447,8950,8661,26780,26537,289
918,47.499,9233,8411,26586,27097,822
919,47.551,8998,8654,26317,27218,344
920,47.603,8858,8490,25967,26694,368
921,47.654,8384,8527,27878,26953,-143
922,47.706,8839,8551,27223,26905,288
923,47.758,8349,8508,26647,26580,-159
924,47.81,9323,8448,26170,26074,875
925,47.861,8254,8472,25820,26465,-218
926,47.913,8247,8715,25888,26826,-468
927,47.965,9683,8563,25690,26748,1120
928,48.017,8586,8733,25983,27061,-147
929,48.068,7782,8551,27175,27405,-769
930,48.12,8664,8186,25476,26634,478
931,48.172,8668,8350,26009,26766,318
932,48.224,7833,8435,25832,26664,-602
933,48.275,8372,8563,25807,26574,-191
934,48.327,7949,8709,25362,27001,-760
935,48.379,8115,8490,27826,26592,-375
936,48.431,8405,8435,25971,27067,-30
937,48.482,8893,8527,26764,26899,366
938,48.534,8316,8508,27130,26778,-192
939,48.586,8287,8606,26393,27043,-319
940,48.637,8565,8435,27119,27146,130
941,48.689,8334,8387,27493,27278,-53
942,48.741,8833,8277,26193,27158,556
943,48.793,8334,8405,27024,26459,-71
944,48.844,8891,8527,26169,27236,364
945,48.896,8548,8484,27372,26790,64
946,48.948,8654,8381,28144,26754,273
947,49.0,8777,8466,27063,26995,311
948,49.051,8883,8527,26803,27091,356
949,49.103,7788,8606,26816,26820,-818
950,49.155,7940,8356,27055,27140,-416
951,49.207,8374,8563,26979,26893,-189
952,49.258,7967,8515,26622,27110,-548
953,49.31,8178,8265,27236,26784,-87
954,49.362,9002,8654,26300,27049,348
955,49.414,8383,8314,28299,26833,69
956,49.465,9063,8308,26223,27134,755
957,49.517,8141,8557,27646,26814,-416
958,49.569,9052,8733,24861,26977,319
959,49.621,8495,8533,27309,27091,-38
960,49.672,8687,8435,26704,26808,252
961,49.724,8341,8563,25920,27248,-222
962,49.776,8858,8472,25155,27200,386
963,49.828,8680,8417,24059,27007,263
964,49.879,8548,8356,27223,27043,192
965,49.931,8460,8387,25894,26863,73
966,49.983,8399,8417,25583,27085,-18
967,50.035,7975,8265,26419,26989,-290
968,50.086,8686,8612,28460,27007,74
969,50.138,8659,8308,25646,27061,351
970,50.19,8322,8733,24852,27019,-411
971,50.241,8427,8448,27337,26917,-21
972,50.293,8454,8375,26935,27248,79
973,50.345,8937,8527,28744,26748,410
974,50.397,8436,8423,26517,27079,13
975,50.448,9031,8277,26279,26899,754
976,50.5,8163,8709,26267,26387,-546
977,50.552,8894,8423,25947,27405,471
978,50.604,10228,8661,27681,27140,1567
979,50.655,9963,8636,25655,27284,1327
980,50.707,10936,8636,27264,27248,2300
981,50.759,9073,8466,25163,27140,607
982,50.811,8120,8423,25989,27134,-303
983,50.862,8351,8454,26508,27134,-103
984,50.914,7785,8594,26448,27290,-809
985,50.966,8338,8411,26512,26959,-73
986,51.018,8550,8697,25736,27025,-147
987,51.069,8528,8569,26470,27344,-41
988,51.121,8525,8563,27835,26682,-38
989,51.173,8766,8259,26712,27128,507
990,51.225,8375,8636,25795,26784,-261
991,51.276,8659,8442,27452,26598,217
992,51.328,9391,8612,26531,27266,779
993,51.38,8183,8417,27139,26881,-234
994,51.432,8236,8581,26515,26772,-345
995,51.483,8037,8460,25183,27001,-423
996,51.535,8409,8630,27318,27085,-221
997,51.587,8340,8521,26296,27224,-181
998,51.639,8014,8557,26555,27206,-543
999,51.69,8710,8618,26953,27061,92
