frame,Time [s],CH1,BGND1,CH2,BGND2,intensity
0,0.0,17617,14384,80957,76193,3233
1,0.052,16364,14573,80979,77994,1791
2,0.103,18464,14396,82893,76747,4068
3,0.155,17977,14329,82318,76351,3648
4,0.207,19179,13896,81653,76388,5283
5,0.259,18930,13781,81278,75311,5149
6,0.31,16672,14384,79660,76339,2288
7,0.362,16709,13957,79937,76881,2752
8,0.414,15884,14183,79737,76942,1701
9,0.466,16870,14036,79037,76802,2834
10,0.517,17077,14469,80389,75773,2608
11,0.569,16552,14786,80378,75773,1766
12,0.621,17512,14908,81470,76333,2604
13,0.673,18385,14445,82925,77069,3940
14,0.724,17376,13982,80547,76838,3394
15,0.776,18684,14189,82213,75980,4495
16,0.828,17223,14298,82601,77343,2925
17,0.88,16722,14439,80067,76376,2283
18,0.931,16843,14225,80249,76917,2618
19,0.983,17579,13677,81628,77039,3902
20,1.035,18232,13768,80365,76516,4464
21,1.087,17297,14116,81941,75895,3181
22,1.138,16084,14195,80089,76388,1889
23,1.19,15669,13976,83220,75572,1693
24,1.242,15122,13452,83199,76637,1670
25,1.294,16339,13969,79193,76917,2370
26,1.345,16285,13330,81684,75262,2955
27,1.397,16508,13519,81576,76540,2989
28,1.449,17785,13957,82578,76595,3828
29,1.501,14831,13701,81792,76613,1130
30,1.552,14966,14140,82312,76430,826
31,1.604,19241,13994,80019,76424,5247
32,1.656,18534,14207,80171,75834,4327
33,1.707,17485,14061,81375,76479,3424
34,1.759,16897,14110,79540,75901,2787
35,1.811,19343,14049,82465,75365,5294
36,1.863,21769,14103,82538,76631,7666
37,1.914,19304,14311,81784,76954,4993
38,1.966,22008,14426,79847,76710,7582
39,2.018,21555,14341,80565,75512,7214
40,2.07,16918,14006,81285,76741,2912
41,2.121,17603,14140,82107,76942,3463
42,2.173,20242,14280,79506,76278,5962
43,2.225,21007,13902,83879,76084,7105
44,2.277,18357,13634,80538,77623,4723
45,2.328,18627,13823,81553,76838,4804
46,2.38,16691,14049,80115,76449,2642
47,2.432,20038,13817,80133,77374,6221
48,2.484,19727,13519,81201,76126,6208
49,2.535,17367,13561,81586,76923,3806
50,2.587,18117,13604,81007,76071,4513
51,2.639,17112,13988,78420,76120,3124
52,2.691,15721,13756,80439,76266,1965
53,2.742,16788,13616,80480,76290,3172
54,2.794,16450,13580,84172,77106,2870
55,2.846,15369,13671,80567,76248,1698
56,2.898,14648,13446,81580,76674,1202
57,2.949,15600,13835,81477,76436,1765
58,3.001,15013,13427,79884,76053,1586
59,3.053,16156,13403,82906,76345,2753
60,3.105,16099,13634,81447,76795,2465
61,3.156,15589,13470,83140,75937,2119
62,3.208,15483,13506,80082,76248,1977
63,3.26,15862,13135,83225,77167,2727
64,3.311,15746,13391,81494,76217,2355
65,3.363,14834,13433,81935,76102,1401
66,3.415,15744,13360,80477,76546,2384
67,3.467,15676,13488,80178,77027,2188
68,3.518,14924,13720,80389,76643,1204
69,3.57,17092,13890,81932,76881,3202
70,3.622,17479,13927,81864,75664,3552
71,3.674,14904,13464,80350,76753,1440
72,3.725,14607,13653,79141,77325,954
73,3.777,14669,14262,83360,77544,407
74,3.829,18457,13921,79173,77441,4536
75,3.881,16607,13921,80959,76485,2686
76,3.932,15128,13848,78846,75834,1280
77,3.984,15132,14061,80215,76169,1071
78,4.036,14843,13811,82837,77069,1032
79,4.088,14119,13854,81475,77367,265
80,4.139,15329,14171,79481,76236,1158
81,4.191,16572,14067,83753,75755,2505
82,4.243,15809,13756,79005,76455,2053
83,4.295,15667,13555,79333,76674,2112
84,4.346,16114,13793,83210,76631,2321
85,4.398,15040,13890,81597,76722,1150
86,4.45,16055,14164,82459,77751,1891
87,4.502,15554,14177,84527,77294,1377
88,4.553,17009,14030,81601,76272,2979
89,4.605,16595,13628,81206,76674,2967
90,4.657,15822,13604,79134,76491,2218
91,4.709,17144,13738,80207,76339,3406
92,4.76,15051,13945,80984,75998,1106
93,4.812,15526,13750,81113,76278,1776
94,4.864,14853,13312,78544,76948,1541
95,4.915,16287,13409,82928,77514,2878
96,4.967,15218,13628,81259,76747,1590
97,5.019,16390,13634,80593,77124,2756
98,5.071,14273,13068,82933,77465,1205
99,5.122,16238,13720,77561,76820,2518
100,5.174,17663,13720,80267,76722,3943
101,5.226,16711,13269,80541,77136,3442
102,5.278,17947,13750,78854,77124,4197
103,5.329,18692,13689,80473,76248,5003
104,5.381,16190,13580,81102,76637,2610
105,5.433,15186,13305,81241,75937,1881
106,5.485,19924,13555,80870,77477,6369
107,5.536,18559,13275,82434,76461,5284
108,5.588,16091,13671,81104,76443,2420
109,5.64,15373,13165,81262,77112,2208
110,5.692,16487,13147,81112,76607,3340
111,5.743,14348,13238,81843,75913,1110
112,5.795,15423,13385,80126,76923,2038
113,5.847,13098,13360,83172,76869,-262
114,5.899,13807,13421,80017,75609,386
115,5.95,15754,13330,78493,77136,2424
116,6.002,15341,12952,77771,77301,2389
117,6.054,16259,13439,79232,76960,2820
118,6.106,16590,14073,80751,76108,2517
119,6.157,17080,13683,77779,76929,3397
120,6.209,16480,14140,80710,77702,2340
121,6.261,17825,13671,83502,78177,4154
122,6.313,14772,13598,83399,76363,1174
123,6.364,17888,13506,82044,77118,4382
124,6.416,17002,13573,83583,76735,3429
125,6.468,13229,13385,80370,76923,-156
126,6.519,14471,13251,82942,77015,1220
127,6.571,18221,13951,80853,76321,4270
128,6.623,18001,14000,81395,76108,4001
129,6.675,17010,13933,80730,76509,3077
130,6.726,17156,13866,81337,76309,3290
131,6.778,17464,14353,80059,77690,3111
132,6.83,18275,13695,82110,77593,4580
133,6.882,18155,14110,78404,76704,4045
134,6.933,16851,13902,78665,77319,2949
135,6.985,19467,13768,77050,76686,5699
136,7.037,17773,13653,82734,77015,4120
137,7.089,18652,13714,78663,76710,4938
138,7.14,18473,14018,78911,76370,4455
139,7.192,18703,13622,80178,75889,5081
140,7.244,14520,14317,81770,76722,203
141,7.296,17129,14335,80290,76838,2794
142,7.347,16779,14542,79412,77885,2237
143,7.399,15314,13513,80657,76960,1801
144,7.451,16920,13385,83098,77313,3535
145,7.503,14907,13397,78991,76424,1510
146,7.554,14938,13714,80765,77952,1224
147,7.606,14776,13397,76932,76388,1379
148,7.658,16552,13714,80153,76138,2838
149,7.71,15443,13312,81682,76400,2131
150,7.761,15805,13397,80280,76144,2408
151,7.813,13695,13543,77983,76144,152
152,7.865,14837,13470,79199,76710,1367
153,7.917,18034,13714,81325,76169,4320
154,7.968,15461,13701,79070,76029,1760
155,8.02,14682,13074,78402,77033,1608
156,8.072,15522,13452,82499,76114,2070
157,8.123,18026,13616,83640,77367,4410
158,8.175,15534,13640,80188,77641,1894
159,8.227,16214,13385,80318,77587,2829
160,8.279,15669,13634,82501,76376,2035
161,8.33,15119,13592,77982,77897,1527
162,8.382,15880,13683,80661,75962,2197
163,8.434,15517,13488,80974,76564,2029
164,8.486,14803,13318,81558,77580,1485
165,8.537,13018,13196,80813,76686,-178
166,8.589,16077,13616,80979,77075,2461
167,8.641,15512,13640,79114,76893,1872
168,8.693,15373,13427,79068,76071,1946
169,8.744,14870,13452,82676,76473,1418
170,8.796,15061,13354,79755,77045,1707
171,8.848,16138,13190,80352,76795,2948
172,8.9,16492,13781,81082,76254,2711
173,8.951,16824,13214,83989,76978,3610
174,9.003,16888,13714,81880,77142,3174
175,9.055,16383,13330,80749,77495,3053
176,9.107,15242,13098,81323,77161,2144
177,9.158,14006,13190,80079,77641,816
178,9.21,15098,13275,79817,77112,1823
179,9.262,14643,12891,81164,77465,1752
180,9.314,14247,12879,79700,76954,1368
181,9.365,17226,13385,80527,77599,3841
182,9.417,20974,13902,79457,77301,7072
183,9.469,21064,13969,80877,76625,7095
184,9.521,13857,12897,81115,76272,960
185,9.572,14551,12989,81170,76181,1562
186,9.624,15478,13391,80478,76875,2087
187,9.676,14146,13330,81602,77465,816
188,9.727,13234,13616,78814,77039,-382
189,9.779,14793,13336,79308,77714,1457
190,9.831,15851,13707,79576,76935,2144
191,9.883,15873,13476,79593,77751,2397
192,9.934,14437,13184,81267,78238,1253
193,9.986,15455,13226,79587,76729,2229
194,10.038,15412,12958,78058,77800,2454
195,10.09,13010,13330,78212,78165,-320
196,10.141,13466,13226,80808,76497,240
197,10.193,15282,13622,81660,77471,1660
198,10.245,13731,12983,79972,77538,748
199,10.297,14062,12830,82020,76351,1232
200,10.348,14604,12855,81153,76564,1749
201,10.4,14740,12922,80100,76771,1818
202,10.452,13517,13037,80265,77398,480
203,10.504,15643,12922,78625,76692,2721
204,10.555,12669,12903,81924,77483,-234
205,10.607,13982,13171,79474,77380,811
206,10.659,14349,12891,80377,77416,1458
207,10.711,13502,12861,79327,76449,641
208,10.762,14909,13269,77166,77653,1640
209,10.814,14087,12855,81447,77167,1232
210,10.866,14910,13007,79711,77015,1903
211,10.918,14927,13257,79923,77069,1670
212,10.969,14087,12989,80360,77897,1098
213,11.021,13094,13226,79895,78134,-132
214,11.073,14177,13184,80673,77045,993
215,11.125,14478,13744,81215,77416,734
216,11.176,13147,13689,83527,76990,-542
217,11.228,13837,12861,79089,76960,976
218,11.28,13932,13299,76655,77264,633
219,11.331,13273,13549,78777,76911,-276
220,11.383,15240,12940,78873,77021,2300
221,11.435,15857,13500,80268,77112,2357
222,11.487,14003,13360,79448,77337,643
223,11.538,15773,13385,77772,77471,2388
224,11.59,17279,13318,77431,77057,3961
225,11.642,14486,12909,79198,77489,1577
226,11.694,14824,13330,78460,76875,1494
227,11.745,15292,13586,79904,77179,1706
228,11.797,19865,13470,79269,77653,6395
229,11.849,19260,13604,79365,77562,5656
230,11.901,16612,13110,78953,77970,3502
231,11.952,17966,13275,79522,77793,4691
232,12.004,15702,13446,80154,76899,2256
233,12.056,15681,13653,81451,77416,2028
234,12.108,15417,12836,79303,76984,2581
235,12.159,16023,13269,81085,76948,2754
236,12.211,18753,13488,78173,77252,5265
237,12.263,16654,13744,78879,76747,2910
238,12.315,18034,13835,82024,76114,4199
239,12.366,19977,13811,83837,77008,6166
240,12.418,18349,13226,78798,75992,5123
241,12.47,16977,13110,78485,77946,3867
242,12.522,18186,13220,78166,77209,4966
243,12.573,17390,13470,83171,76881,3920
244,12.625,16934,13805,83178,76862,3129
245,12.677,16780,13147,79569,77045,3633
246,12.729,14217,13379,81395,76929,838
247,12.78,14729,13080,80460,76351,1649
248,12.832,15652,13196,79415,75518,2456
249,12.884,14506,13232,82358,76552,1274
250,12.935,15021,13141,80723,77106,1880
251,12.987,15427,13677,81432,76808,1750
252,13.039,16162,13957,80672,76163,2205
253,13.091,16128,13994,79001,76534,2134
254,13.142,15449,13592,81242,76540,1857
255,13.194,13487,13628,80444,75992,-141
256,13.246,15115,13244,79753,77398,1871
257,13.298,15559,13616,80772,77453,1943
258,13.349,14545,13976,80942,76589,569
259,13.401,14721,13330,81129,76114,1391
260,13.453,15979,13580,79694,76534,2399
261,13.505,15206,12995,79341,76570,2211
262,13.556,16603,13598,80682,75950,3005
263,13.608,15778,13604,80460,76260,2174
264,13.66,14460,13488,82728,76272,972
265,13.712,14653,13756,83879,76406,897
266,13.763,14053,13238,81788,76254,815
267,13.815,13534,13707,78447,76954,-173
268,13.867,13821,12879,81862,76674,942
269,13.919,14279,13330,79560,77404,949
270,13.97,14365,13561,78054,76935,804
271,14.022,15950,13659,78645,76741,2291
272,14.074,14006,13068,79961,75907,938
273,14.126,14781,13110,78298,76211,1671
274,14.177,14237,13257,80850,76065,980
275,14.229,14536,13263,79838,76716,1273
276,14.281,13902,13671,81468,76211,231
277,14.333,14650,13555,81322,76662,1095
278,14.384,14882,13238,82639,75767,1644
279,14.436,15577,13165,81115,76029,2412
280,14.488,17016,13720,82257,76266,3296
281,14.54,15286,13080,80000,76503,2206
282,14.591,16753,13312,82363,76418,3441
283,14.643,14754,12952,78177,75767,1802
284,14.695,16459,13147,81641,76911,3312
285,14.746,14863,12989,81247,76443,1874
286,14.798,13279,12976,82678,76090,303
287,14.85,13489,12739,80841,76966,750
288,14.902,14574,12696,81452,76759,1878
289,14.953,13580,13281,77551,75871,299
290,15.005,13348,13171,79313,76090,177
291,15.057,13548,13171,81278,76516,377
292,15.109,14640,13385,82239,76899,1255
293,15.16,15559,13056,81674,77337,2503
294,15.212,16317,12830,84366,77081,3487
295,15.264,16127,12848,83649,76686,3279
296,15.316,14819,13110,84083,76942,1709
297,15.367,14660,12794,81423,75286,1866
298,15.419,15070,12989,80514,77033,2081
299,15.471,16111,13141,79421,77203,2970
300,15.523,16696,13555,81582,76929,3141
301,15.574,15480,13372,80495,77039,2108
302,15.626,13682,13342,79852,77002,340
303,15.678,16217,13299,78347,77879,2918
304,15.73,15946,13238,78500,77002,2708
305,15.781,14643,13433,80015,77081,1210
306,15.833,15121,13775,78674,77550,1346
307,15.885,15101,13610,78472,75676,1491
308,15.937,14368,13019,80724,76017,1349
309,15.988,14727,13043,81963,77051,1684
310,16.04,14782,13287,76664,75858,1495
311,16.092,12726,13318,78745,76692,-592
312,16.144,14634,13196,81473,76157,1438
313,16.195,15601,13354,81003,76071,2247
314,16.247,15115,13269,79523,77410,1846
315,16.299,14037,13324,78230,77386,713
316,16.35,14586,12800,80404,76862,1786
317,16.402,13925,13415,79603,77008,510
318,16.454,13986,13244,77830,76656,742
319,16.506,13040,13056,81989,75810,-16
320,16.557,13102,12861,80107,76138,241
321,16.609,13919,12751,80776,76004,1168
322,16.661,14353,12909,78131,77118,1444
323,16.713,14876,13050,78214,77191,1826
324,16.764,13432,12873,78900,76035,559
325,16.816,11762,12623,78552,76692,-861
326,16.868,12255,12678,78718,76814,-423
327,16.92,13055,13305,82520,76698,-250
328,16.971,15083,14024,80161,76741,1059
329,17.023,14775,13458,78213,75834,1317
330,17.075,12297,12763,77699,76917,-466
331,17.127,12625,13080,78962,77361,-455
332,17.178,13249,13208,80638,75396,41
333,17.23,14259,12842,79528,77574,1417
334,17.282,14293,13171,80101,76753,1122
335,17.334,13775,12952,77337,76583,823
336,17.385,13340,13190,81750,76802,150
337,17.437,11920,12824,80481,76668,-904
338,17.489,12358,13098,79636,75931,-740
339,17.541,14047,13379,77305,77708,668
340,17.592,13490,13305,80653,77769,185
341,17.644,13325,13208,79300,77763,117
342,17.696,12721,12855,77949,76242,-134
343,17.748,13853,12721,80028,77386,1132
344,17.799,13569,12976,79041,76814,593
345,17.851,13573,14122,79332,76601,-549
346,17.903,14227,13665,78180,75006,562
347,17.954,14015,13835,76596,76875,180
348,18.006,14024,13452,80182,76747,572
349,18.058,16387,13348,80086,76595,3039
350,18.11,14951,13409,78935,76601,1542
351,18.161,13985,13043,79116,76960,942
352,18.213,14780,13561,77165,77367,1219
353,18.265,15413,12763,79936,75986,2650
354,18.317,14582,13135,77845,75931,1447
355,18.368,12740,13110,81143,75992,-370
356,18.42,13341,12983,79131,76479,358
357,18.472,12606,12928,78732,76260,-322
358,18.524,14370,13330,78608,75189,1040
359,18.575,14204,13726,80462,76814,478
360,18.627,14065,14000,78037,76485,65
361,18.679,13400,13647,79537,76607,-247
362,18.731,13617,13117,80471,76570,500
363,18.782,13258,12903,77213,76576,355
364,18.834,13547,12794,80582,76546,753
365,18.886,15698,13348,79570,76795,2350
366,18.938,13201,13001,81395,76686,200
367,18.989,14172,13458,81156,78244,714
368,19.041,15188,13872,78939,76631,1316
369,19.093,14061,13750,79742,76491,311
370,19.145,14435,13805,79147,76911,630
371,19.196,15315,13659,79102,77386,1656
372,19.248,14586,13500,79063,76783,1086
373,19.3,15028,13567,80068,76436,1461
374,19.352,15021,12891,77054,77021,2130
375,19.403,13602,13604,79275,76777,-2
376,19.455,13819,13488,78955,77106,331
377,19.507,13513,13756,78715,75737,-243
378,19.558,13885,13683,80000,76771,202
379,19.61,14990,13750,80687,76017,1240
380,19.662,15057,13726,79419,77252,1331
381,19.714,14055,13750,78899,75968,305
382,19.765,15287,13823,77667,76266,1464
383,19.817,13532,14244,75926,76236,-712
384,19.869,14218,13269,77417,75986,949
385,19.921,14526,13829,77412,75785,697
386,19.972,14772,13379,79334,75816,1393
387,20.024,12925,13110,76738,76674,-185
388,20.076,13289,12641,81616,75852,648
389,20.128,13737,12897,77731,75043,840
390,20.179,14669,13360,81954,75834,1309
391,20.231,15768,13263,78943,76150,2505
392,20.283,14608,13074,78641,76071,1534
393,20.335,13691,13068,81014,76382,623
394,20.386,12591,13226,76728,75627,-635
395,20.438,14543,12745,77275,76193,1798
396,20.49,13302,12672,78271,76948,630
397,20.542,14373,13056,80658,75895,1317
398,20.593,15083,13220,79353,77173,1863
399,20.645,15509,12934,81301,76193,2575
400,20.697,13611,13104,79325,76272,507
401,20.749,14702,12757,78476,77118,1945
402,20.8,14389,12818,77564,75986,1571
403,20.852,14861,12733,78651,76187,2128
404,20.904,13368,12599,77459,76266,769
405,20.956,13232,12312,76429,75919,920
406,21.007,14741,12727,77934,75067,2014
407,21.059,11827,12501,78434,76881,-674
408,21.111,12330,12355,78147,76838,-25
409,21.162,15106,12160,78365,76187,2946
410,21.214,14145,12282,78442,76010,1863
411,21.266,12216,12367,79303,76814,-151
412,21.318,13992,12556,77360,76662,1436
413,21.369,14610,12605,77639,76181,2005
414,21.421,13805,13232,76937,75950,573
415,21.473,13052,12745,77741,74836,307
416,21.525,12003,12727,78212,76345,-724
417,21.576,13370,12824,79635,77021,546
418,21.628,13473,12958,78441,75871,515
419,21.68,13959,12897,76056,76643,1062
420,21.732,13578,12654,78590,76157,924
421,21.783,13558,12861,77820,76826,697
422,21.835,14846,13080,78337,75645,1766
423,21.887,13644,12745,78045,76363,899
424,21.939,13838,12465,80525,77142,1373
425,21.99,13773,12568,79433,77209,1205
426,22.042,13311,12410,77480,76467,901
427,22.094,12437,12495,77702,75603,-58
428,22.146,12194,12349,76026,77191,-155
429,22.197,13566,12270,78505,76497,1296
430,22.249,13640,12239,75456,75755,1401
431,22.301,14478,12550,77912,77410,1928
432,22.353,14659,12794,77995,75384,1865
433,22.404,13110,12623,78849,75183,487
434,22.456,13474,12727,77672,76254,747
435,22.508,13992,12678,80941,75931,1314
436,22.56,13419,12909,77080,76570,510
437,22.611,13947,12922,76839,75749,1025
438,22.663,12960,12952,77296,76205,8
439,22.715,13892,12562,78579,76467,1330
440,22.766,12570,12459,81247,75116,111
441,22.818,13727,12367,78308,76345,1360
442,22.87,13171,12568,77406,76376,603
443,22.922,13932,12751,79871,75682,1181
444,22.973,13971,12678,76409,76071,1293
445,23.025,12481,12714,79189,76485,-233
446,23.077,13270,12501,77587,76029,769
447,23.129,11799,12672,79407,76674,-873
448,23.18,12451,12684,79440,75889,-233
449,23.232,13038,12623,79783,76467,415
450,23.284,12809,12526,76903,76826,283
451,23.336,12503,12361,77831,75956,142
452,23.387,12312,12215,79417,76570,97
453,23.439,12560,12520,79042,76412,40
454,23.491,11818,12453,80911,76272,-635
455,23.543,13612,12788,79416,76838,824
456,23.594,12189,12940,75886,77075,-751
457,23.646,12795,12666,78791,76759,129
458,23.698,13149,12538,80712,76911,611
459,23.75,10941,12532,77459,77063,-1591
460,23.801,12878,12513,77686,76096,365
461,23.853,11338,12751,78988,77002,-1413
462,23.905,12599,12885,78720,77179,-286
463,23.957,12806,12684,76678,76041,122
464,24.008,12519,12745,77042,75615,-226
465,24.06,11972,12264,77519,76363,-292
466,24.112,11843,12465,77376,75937,-622
467,24.164,12093,12154,79959,76473,-61
468,24.215,11632,12970,77649,75092,-1338
469,24.267,12513,12946,77589,75359,-433
470,24.319,12329,12568,78390,75871,-239
471,24.37,12662,12556,78818,75688,106
472,24.422,11737,13068,78624,74489,-1331
473,24.474,12581,12611,79581,76619,-30
474,24.526,12745,12428,79434,74915,317
475,24.577,12803,12428,79834,76430,375
476,24.629,12957,12611,76402,75159,346
477,24.681,12078,12385,76495,76309,-307
478,24.733,14320,12593,76966,75791,1727
479,24.784,12205,12934,76095,75524,-729
480,24.836,13232,12739,76923,76169,493
481,24.888,13746,12848,78706,75499,898
482,24.94,12669,12745,78303,75791,-76
483,24.991,13553,13056,78391,76309,497
484,25.043,15344,13318,78757,76260,2026
485,25.095,12434,12733,79976,75274,-299
486,25.147,13077,12337,77370,75724,740
487,25.198,13812,12794,79000,76911,1018
488,25.25,12642,12574,77380,76217,68
489,25.302,13157,13177,76897,74854,-20
490,25.354,13525,13013,78644,75445,512
491,25.405,14610,13177,78660,75128,1433
492,25.457,15237,13433,79504,75420,1804
493,25.509,13866,13299,77865,75731,567
494,25.561,14258,13208,76094,76029,1050
495,25.612,12855,13013,78436,75384,-158
496,25.664,13704,12721,76925,75651,983
497,25.716,12859,12873,75470,77057,-14
498,25.768,11865,12538,77917,75919,-673
499,25.819,13668,12891,77905,75305,777
500,25.871,14446,12471,78880,76449,1975
501,25.923,13231,12318,78103,75980,913
502,25.974,12251,12020,78040,74720,231
503,26.026,13880,12160,77734,75609,1720
504,26.078,13012,12867,77184,76059,145
505,26.13,13539,12696,77214,77167,843
506,26.181,13154,12574,78980,75779,580
507,26.233,12930,12306,80451,75743,624
508,26.285,13346,12751,77144,75986,595
509,26.337,13547,12501,77994,76260,1046
510,26.388,13385,12684,80972,76333,701
511,26.44,12648,12928,76513,75597,-280
512,26.492,13557,12666,77900,76339,891
513,26.544,12986,12453,76354,75286,533
514,26.595,12158,12294,77464,76108,-136
515,26.647,11832,12233,77183,75006,-401
516,26.699,11942,12428,73655,75718,-486
517,26.751,14149,12532,74657,76102,1617
518,26.802,12111,11977,75820,75755,134
519,26.854,13693,12367,76116,75262,1326
520,26.906,12883,12550,76444,76278,333
521,26.958,14659,12355,77923,75998,2304
522,27.009,12033,12343,73779,75128,-310
523,27.061,11986,12160,77440,76400,-174
524,27.113,12442,12130,77053,74818,312
525,27.165,13419,11935,80958,75232,1484
526,27.216,13170,12489,77836,75378,681
527,27.268,11714,12203,76437,74787,-489
528,27.32,12714,12044,77478,75804,670
529,27.372,12671,12002,75629,75798,669
530,27.423,12028,12483,76658,75536,-455
531,27.475,12028,12105,77377,74325,-77
532,27.527,13102,12081,77617,75682,1021
533,27.578,13447,12355,76545,75475,1092
534,27.63,12187,12154,77266,75025,33
535,27.682,12978,12580,76281,74939,398
536,27.734,12478,11892,78824,74927,586
537,27.785,12699,12081,77238,76424,618
538,27.837,12911,12002,76485,76047,909
539,27.889,12674,11971,78681,76205,703
540,27.941,10905,12300,78309,74927,-1395
541,27.992,12134,12032,77022,74909,102
542,28.044,12067,12002,75228,75165,65
543,28.096,11499,12166,77641,74787,-667
544,28.148,12998,11947,79263,75731,1051
545,28.199,13331,12008,76274,76278,1323
546,28.251,13675,12093,77774,75585,1582
547,28.303,12279,12008,76221,74185,271
548,28.355,13175,12276,77122,75658,899
549,28.406,13383,12178,75282,75633,1205
550,28.458,11905,11862,75773,75852,43
551,28.51,13126,11795,76970,74775,1331
552,28.562,13522,12130,76845,74860,1392
553,28.613,11954,12306,74920,75585,-352
554,28.665,11944,12197,79616,75365,-253
555,28.717,12119,11916,76340,75457,203
556,28.769,12706,12355,76699,75353,351
557,28.82,12708,12471,74486,76351,237
558,28.872,13524,12446,79616,75274,1078
559,28.924,14127,12325,77593,74775,1802
560,28.976,12840,12038,77420,76230,802
561,29.027,12886,11941,75871,76996,945
562,29.079,12778,12020,78806,75773,758
563,29.131,12825,12075,79207,75365,750
564,29.182,11821,11709,76487,76090,112
565,29.234,12832,11788,77138,75676,1044
566,29.286,11697,11813,76053,76108,-116
567,29.338,12013,11971,76171,76668,42
568,29.389,12128,12203,75413,75098,-75
569,29.441,11963,12385,74838,74800,-422
570,29.493,11381,12111,78766,75645,-730
571,29.545,11884,12111,76662,75256,-227
572,29.596,12590,12733,74911,76363,-143
573,29.648,13260,12757,75561,74745,503
574,29.7,14054,12806,80573,75408,1248
575,29.752,12795,12958,76527,75956,-163
576,29.803,13607,12526,76880,75761,1081
577,29.855,14441,13385,79592,76108,1056
578,29.907,13426,12995,77290,76150,431
579,29.959,13360,13025,78521,75834,335
580,30.01,13363,12989,77624,75225,374
581,30.062,13152,13068,78054,75347,84
582,30.114,12419,12739,77623,75986,-320
583,30.166,12453,12708,78183,75798,-255
584,30.217,12817,12568,77623,75852,249
585,30.269,12351,12184,78617,74593,167
586,30.321,12173,12568,76392,75962,-395
587,30.373,12312,12233,77494,75639,79
588,30.424,12552,12483,78810,74702,69
589,30.476,12127,12245,78072,75146,-118
590,30.528,12920,12538,76397,75183,382
591,30.58,11211,12410,79638,75785,-1199
592,30.631,11070,12111,77703,75183,-1041
593,30.683,12004,12160,75886,75548,-156
594,30.735,13028,11977,79221,76169,1051
595,30.786,13297,12337,79443,75664,960
596,30.838,13644,12130,80211,76552,1514
597,30.89,13000,12513,78168,75846,487
598,30.942,12232,12270,77930,75092,-38
599,30.993,11864,12477,79555,75116,-613
600,31.045,11284,12513,76071,75871,-1229
601,31.097,11702,12105,79220,76406,-403
602,31.149,13493,13068,80085,75250,425
603,31.2,13531,12867,81004,75858,664
604,31.252,13678,12751,80889,76029,927
605,31.304,13621,12130,81126,74702,1491
606,31.356,12788,12367,79517,75718,421
607,31.407,11890,12215,79915,75323,-325
608,31.459,12157,12124,78101,76047,33
609,31.511,13181,12373,79009,75292,808
610,31.563,12511,11996,76072,75651,515
611,31.614,12333,12215,76945,74258,118
612,31.666,12278,12209,77604,75980,69
613,31.718,12772,12276,76361,75700,496
614,31.77,13040,11977,78091,76114,1063
615,31.821,12998,11959,77105,76150,1039
616,31.873,12425,12172,78367,74666,253
617,31.925,13057,11971,79884,75542,1086
618,31.977,12667,12325,74176,75335,342
619,32.028,13698,12361,76244,74885,1337
620,32.08,13823,12611,78977,74812,1212
621,32.132,12551,12166,78664,74672,385
622,32.184,11847,12069,74340,74325,-222
623,32.235,12175,12203,76981,74903,-28
624,32.287,11861,12647,79468,74909,-786
625,32.339,11217,12288,79799,74489,-1071
626,32.39,12911,12696,78285,75122,215
627,32.442,11895,12507,79780,75311,-612
628,32.494,12199,12446,76430,74154,-247
629,32.546,11379,11813,78389,75615,-434
630,32.597,12182,12251,79646,76108,-69
631,32.649,12307,12587,75467,74629,-280
632,32.701,12466,12459,75813,74866,7
633,32.753,12060,12032,76436,74587,28
634,32.804,13364,12379,78773,75603,985
635,32.856,11978,12477,78050,75329,-499
636,32.908,12767,12239,77447,74538,528
637,32.96,11600,11929,79943,75767,-329
638,33.011,13769,12349,77095,74769,1420
639,33.063,14310,12446,74373,73868,1864
640,33.115,12514,12434,79011,74380,80
641,33.167,12143,12379,78850,75140,-236
642,33.218,13533,12848,76567,75292,685
643,33.27,12636,12526,76667,75280,110
644,33.322,14509,12836,78766,75627,1673
645,33.374,11530,12258,76405,75548,-728
646,33.425,13180,12702,79263,75043,478
647,33.477,12865,12245,75976,74958,620
648,33.529,11664,12044,78419,75804,-380
649,33.581,12579,12593,77816,75207,-14
650,33.632,13747,12239,75810,75207,1508
651,33.684,12705,12617,77953,74556,88
652,33.736,12491,12574,76619,73978,-83
653,33.788,13935,12812,74554,74970,1123
654,33.839,12301,12611,74682,74617,-310
655,33.891,12554,12495,79039,76029,59
656,33.943,11684,12343,76703,75329,-659
657,33.994,12045,12958,77583,76004,-913
658,34.046,13564,12410,77987,75067,1154
659,34.098,12533,12160,76177,75122,373
660,34.15,12667,12209,77076,75554,458
661,34.201,14115,12501,77378,74349,1614
662,34.253,14911,12306,76762,73990,2605
663,34.305,15039,12568,80283,74501,2471
664,34.357,13493,12361,78448,74836,1132
665,34.408,14724,12800,79692,75737,1924
666,34.46,13691,12111,78675,74568,1580
667,34.512,16593,12861,79045,75694,3732
668,34.564,14954,12824,76003,75311,2130
669,34.615,14205,12306,74914,74879,1899
670,34.667,13166,12526,77062,75195,640
671,34.719,13454,12806,77254,75676,648
672,34.771,12648,12349,78987,74976,299
673,34.822,12935,12209,77061,74228,726
674,34.874,13146,12708,76798,74824,438
675,34.926,13203,12050,75763,75079,1153
676,34.978,12877,12696,77436,74915,181
677,35.029,12350,12203,78045,74635,147
678,35.081,12407,12465,77441,75871,-58
679,35.133,12714,13165,77450,74100,-451
680,35.185,14118,12934,77755,74051,1184
681,35.236,13192,11983,79945,74982,1209
682,35.288,14188,12154,77139,75451,2034
683,35.34,12196,11667,76474,74587,529
684,35.392,12810,12087,78380,74641,723
685,35.443,14140,12385,76231,75542,1755
686,35.495,13322,12117,76664,75323,1205
687,35.547,13354,11673,80451,74781,1681
688,35.598,12872,12172,77014,75311,700
689,35.65,12468,11910,76576,74818,558
690,35.702,14418,12294,75595,74909,2124
691,35.754,12298,12044,79676,74556,254
692,35.805,12360,12385,77501,74939,-25
693,35.857,12684,12184,79758,74720,500
694,35.909,12792,12495,77109,75286,297
695,35.961,13491,12654,77878,74209,837
696,36.012,13888,12379,74277,75013,1509
697,36.064,13755,12964,77918,75274,791
698,36.116,12936,12739,75443,75250,197
699,36.168,12170,12239,80139,75013,-69
700,36.219,12531,12318,75106,75286,213
701,36.271,12428,12087,77073,74580,341
702,36.323,12653,12172,76604,74714,481
703,36.375,11849,12197,75024,75177,-348
704,36.426,11679,12215,76430,74751,-536
705,36.478,11933,11947,75050,74319,-14
706,36.53,12575,12361,76861,75365,214
707,36.582,13209,12209,78260,74666,1000
708,36.633,12460,12282,78769,74380,178
709,36.685,10839,11764,78368,75207,-925
710,36.737,11756,12197,78429,74873,-441
711,36.789,12712,11910,76230,73765,802
712,36.84,12744,12367,78008,73881,377
713,36.892,12213,12191,75363,74891,22
714,36.944,12230,12209,76661,75712,21
715,36.996,12886,12020,76938,75238,866
716,37.047,12266,12276,77935,74526,-10
717,37.099,13428,12465,76771,75092,963
718,37.151,13023,12325,78242,74848,698
719,37.202,11850,12678,77941,74666,-828
720,37.254,12586,11996,79274,75505,590
721,37.306,11310,11971,76728,75505,-661
722,37.358,12122,11898,78127,75597,224
723,37.409,12044,12087,76856,74313,-43
724,37.461,11458,11795,78658,74769,-337
725,37.513,12253,11916,77726,75384,337
726,37.565,12775,12355,79395,74714,420
727,37.616,11717,12063,78441,74331,-346
728,37.668,12398,12050,78502,75438,348
729,37.72,11734,11728,78751,74769,6
730,37.772,13753,11837,78346,75037,1916
731,37.823,12450,11880,78019,73942,570
732,37.875,12940,12130,79399,74045,810
733,37.927,13271,12111,79071,75116,1160
734,37.979,13819,12666,76234,75092,1153
735,38.03,12826,11935,78476,73345,891
736,38.082,13515,12276,76580,75213,1239
737,38.134,13199,12069,79433,75359,1130
738,38.186,12825,12026,78866,74933,799
739,38.237,13230,12221,78875,74733,1009
740,38.289,13718,11910,80116,76656,1808
741,38.341,12843,11983,81935,74051,860
742,38.393,15039,12373,80136,75335,2666
743,38.444,12483,12446,78493,74319,37
744,38.496,11364,12191,79426,74879,-827
745,38.548,13241,12574,79688,75627,667
746,38.6,12218,12757,80001,75232,-539
747,38.651,12741,12800,78108,74477,-59
748,38.703,12939,12063,78045,75353,876
749,38.755,13036,12337,80133,74179,699
750,38.806,11909,12227,75157,74191,-318
751,38.858,12594,12574,78368,74672,20
752,38.91,12169,12587,77501,74647,-418
753,38.962,11576,11989,76718,75700,-413
754,39.013,12886,12130,77647,74739,756
755,39.065,14160,12635,79336,74367,1525
756,39.117,14992,12501,76524,75591,2491
757,39.169,12398,12197,78304,75262,201
758,39.22,13925,12008,75502,75341,1917
759,39.272,12359,12148,77566,74136,211
760,39.324,12434,12416,75911,74021,18
761,39.376,12099,12428,75813,74860,-329
762,39.427,12621,11916,75260,74477,705
763,39.479,12322,12215,76941,74374,107
764,39.531,12403,12800,76380,74185,-397
765,39.583,13777,12623,76279,74063,1154
766,39.634,12453,12422,79045,75013,31
767,39.686,12821,12721,76855,74891,100
768,39.738,12604,12641,78190,73363,-37
769,39.79,12446,12233,77495,73564,213
770,39.841,14161,12489,76087,74787,1672
771,39.893,11987,12270,76158,74027,-283
772,39.945,12898,12617,76733,74775,281
773,39.997,14549,12428,74862,74580,2121
774,40.048,14346,12008,76470,74325,2338
775,40.1,15151,12288,77711,74489,2863
776,40.152,14020,12757,76379,74781,1263
777,40.204,12267,11764,77088,74002,503
778,40.255,12296,11533,78266,74069,763
779,40.307,13061,11484,77577,74818,1577
780,40.359,13331,11983,76288,74008,1348
781,40.41,12916,12063,76101,74580,853
782,40.462,12540,11886,79178,74021,654
783,40.514,13034,12355,78154,74720,679
784,40.566,12674,12142,76485,73747,532
785,40.617,11800,11849,77379,75031,-49
786,40.669,12231,11764,74974,75159,467
787,40.721,12556,11996,78832,74836,560
788,40.773,13130,12361,78661,74088,769
789,40.824,13019,12191,76226,74453,828
790,40.876,11818,11947,78297,74088,-129
791,40.928,13404,12087,77620,73351,1317
792,40.98,12935,11855,77878,73899,1080
793,41.031,13387,11874,76438,73686,1513
794,41.083,15562,11983,75399,74495,3579
795,41.135,15337,12453,75981,74757,2884
796,41.187,13910,12239,77387,73558,1671
797,41.238,13498,11642,76479,74958,1856
798,41.29,14437,12166,78393,74404,2271
799,41.342,14786,12032,78094,75213,2754
800,41.394,14303,12002,77421,74544,2301
801,41.445,13394,11697,76931,73716,1697
802,41.497,12628,12191,77729,73881,437
803,41.549,12587,11819,79133,74148,768
804,41.601,13178,11728,76665,74118,1450
805,41.652,12401,11606,75480,73309,795
806,41.704,12428,12075,77041,73236,353
807,41.756,13161,12081,76744,74690,1080
808,41.808,13413,11721,76400,74106,1692
809,41.859,11302,11612,72970,72925,-310
810,41.911,12613,11825,75517,73327,788
811,41.963,11548,11642,74946,74398,-94
812,42.015,11318,11801,77439,73881,-483
813,42.066,12130,12032,75598,72913,98
814,42.118,11861,11862,75747,73412,-1
815,42.17,11132,12276,77881,74434,-1144
816,42.221,11391,12745,77963,74891,-1354
817,42.273,11328,12124,76084,74002,-796
818,42.325,11837,12087,75357,74301,-250
819,42.377,12663,11618,77168,74173,1045
820,42.428,12293,11807,76109,73905,486
821,42.48,14285,11935,76617,74027,2350
822,42.532,12346,12264,75914,74465,82
823,42.584,13228,11996,79119,74337,1232
824,42.635,13037,11728,73855,73984,1309
825,42.687,13886,11795,79145,74063,2091
826,42.739,12943,12032,75959,73698,911
827,42.791,13225,12276,77237,74635,949
828,42.842,13161,11667,76738,73649,1494
829,42.894,12424,11667,76271,73680,757
830,42.946,12741,11764,75781,74033,977
831,42.998,12551,11764,75105,74161,787
832,43.049,12847,11661,74521,73814,1186
833,43.101,12312,11356,74102,74343,956
834,43.153,12108,11319,75223,74617,789
835,43.205,10909,11496,75135,74562,-587
836,43.256,12217,11368,77373,74136,849
837,43.308,12727,11307,75270,75749,1420
838,43.36,12795,11508,75360,75566,1287
839,43.412,12261,11606,76951,74106,655
840,43.463,12888,11277,78477,74915,1611
841,43.515,12928,11386,74631,73436,1542
842,43.567,12595,11356,78070,73814,1239
843,43.619,11179,11691,76574,74240,-512
844,43.67,11248,11587,77367,74124,-339
845,43.722,11537,11874,77473,74276,-337
846,43.774,10552,11216,76535,73990,-664
847,43.825,11388,11514,74286,75189,-126
848,43.877,11461,11222,77517,74148,239
849,43.929,10464,11045,76963,74556,-581
850,43.981,12485,11435,79178,74939,1050
851,44.032,12793,11502,79436,74203,1291
852,44.084,12928,11788,77624,74952,1140
853,44.136,11318,11898,78035,74647,-580
854,44.188,13351,12002,76192,76090,1349
855,44.239,12319,11685,77477,74447,634
856,44.291,12952,11624,76744,73339,1328
857,44.343,12727,11624,80724,74185,1103
858,44.395,12194,11447,78589,74057,747
859,44.446,11202,11344,76963,73814,-142
860,44.498,11657,11167,76438,73223,490
861,44.55,10571,11063,76313,74745,-492
862,44.602,11980,11338,77328,74647,642
863,44.653,11565,11648,77791,74514,-83
864,44.705,12347,11734,77839,73741,613
865,44.757,12659,11167,77877,74641,1492
866,44.809,12412,11575,77172,73777,837
867,44.86,12464,12014,77647,73473,450
868,44.912,14078,11569,78841,74069,2509
869,44.964,12014,11490,77428,74507,524
870,45.016,11686,11819,77240,74514,-133
871,45.067,12182,11764,77994,74471,418
872,45.119,12218,11691,76211,75225,527
873,45.171,11789,11356,73735,75451,433
874,45.223,12464,11697,79355,73777,767
875,45.274,10358,11472,77911,74343,-1114
876,45.326,12373,11825,76773,74544,548
877,45.378,12226,12587,77915,74909,-361
878,45.429,12580,12093,78389,73960,487
879,45.481,11919,11636,75177,74349,283
880,45.533,11516,11423,75006,73662,93
881,45.585,11813,11459,78609,74879,354
882,45.636,11566,11612,76441,75572,-46
883,45.688,11356,11575,80197,73966,-219
884,45.74,11682,11593,80126,74294,89
885,45.792,11914,11569,77046,74197,345
886,45.843,11263,11770,77364,74398,-507
887,45.895,11882,12160,78435,76333,-278
888,45.947,11625,11916,74873,73217,-291
889,45.999,11859,11734,77260,74556,125
890,46.05,11741,11392,76606,73534,349
891,46.102,10927,11484,75610,74112,-557
892,46.154,11597,11642,76519,74781,-45
893,46.206,11543,11612,77323,74148,-69
894,46.257,11028,11496,77221,74276,-468
895,46.309,11591,11642,79334,74605,-51
896,46.361,13341,11825,75551,75518,1516
897,46.413,10854,11222,77053,74246,-368
898,46.464,10435,11240,77166,74343,-805
899,46.516,11946,11423,78113,73430,523
900,46.568,12865,11380,73598,73862,1485
901,46.62,12000,11411,79613,74361,589
902,46.671,11755,11782,76425,74787,-27
903,46.723,11458,11478,74175,74349,-20
904,46.775,12275,11642,77091,74349,633
905,46.827,12044,11563,76732,74191,481
906,46.878,11760,11526,77526,74848,234
907,46.93,11944,11843,71788,75019,101
908,46.982,13027,11478,77580,74757,1549
909,47.033,11622,11526,79887,74580,96
910,47.085,11577,11429,77268,74745,148
911,47.137,12026,11910,76382,76157,116
912,47.189,11989,11746,78699,75311,243
913,47.24,12243,11691,75771,74148,552
914,47.292,11734,12459,78728,75274,-725
915,47.344,12716,11545,77650,74745,1171
916,47.396,13057,12057,76018,74641,1000
917,47.447,12114,11880,77050,75134,234
918,47.499,12165,11612,78094,74708,553
919,47.551,12860,11392,76387,75828,1468
920,47.603,12979,11539,75042,75840,1440
921,47.654,12913,11630,77964,74964,1283
922,47.706,14392,11898,79704,73893,2494
923,47.758,12118,11935,77967,75998,183
924,47.81,12884,11667,77951,74136,1217
925,47.861,15148,11624,77994,74428,3524
926,47.913,11623,11441,75953,75323,182
927,47.965,13097,11667,77139,74033,1430
928,48.017,14529,11898,76799,74605,2631
929,48.068,12957,12154,77450,74879,803
930,48.12,11672,11697,73759,74976,-25
931,48.172,11878,11837,77482,75779,41
932,48.224,13528,12160,74459,73729,1368
933,48.275,11871,11977,76505,75292,-106
934,48.327,12697,12276,77054,74988,421
935,48.379,12153,12325,76771,75092,-172
936,48.431,12182,12757,77738,74514,-575
937,48.482,12588,12806,77946,76576,-218
938,48.534,13148,11977,76890,75585,1171
939,48.586,11608,12355,79287,74337,-747
940,48.637,11670,12477,75606,74824,-807
941,48.689,10554,12318,75042,74465,-1764
942,48.741,11697,12227,77192,74678,-530
943,48.793,13382,11959,79351,74757,1423
944,48.844,11760,11728,77242,75262,32
945,48.896,10991,12251,77884,74836,-1260
946,48.948,10411,11661,77202,74349,-1250
947,49.0,11453,11661,76746,74593,-208
948,49.051,10315,11466,78228,74611,-1151
949,49.103,10815,11417,77616,75986,-602
950,49.155,10921,11161,77322,74471,-240
951,49.207,10815,11533,77709,74264,-718
952,49.258,10848,11240,77540,74982,-392
953,49.31,11312,11557,74707,74252,-245
954,49.362,11119,11185,78119,75773,-66
955,49.414,10726,11593,77244,74842,-867
956,49.465,11282,11581,77981,74647,-299
957,49.517,12309,11630,74238,75067,679
958,49.569,10637,11648,78444,74830,-1011
959,49.621,11203,11551,77133,75755,-348
960,49.672,11228,11405,77070,75615,-177
961,49.724,11400,11734,76524,75098,-334
962,49.776,11053,11910,75937,74915,-857
963,49.828,11479,12197,78334,74276,-718
964,49.879,11386,11862,74365,74063,-476
965,49.931,13362,12184,78629,75079,1178
966,49.983,12274,12306,76654,74769,-32
967,50.035,12041,12075,77504,76023,-34
968,50.086,12026,11648,76034,75512,378
969,50.138,12122,11782,78590,75426,340
970,50.19,12805,11776,76071,75798,1029
971,50.241,14082,12459,76984,74891,1623
972,50.293,14061,13007,77206,76077,1054
973,50.345,16511,13299,76797,75438,3212
974,50.397,14857,12757,76351,74696,2100
975,50.448,14466,12099,74517,74727,2367
976,50.5,16377,12282,77000,74008,4095
977,50.552,14500,12392,78284,75098,2108
978,50.604,13672,12410,78187,75700,1262
979,50.655,12025,11624,76000,74909,401
980,50.707,10976,11490,77250,76376,-514
981,50.759,11961,11179,77600,74349,782
982,50.811,11881,11636,79039,75779,245
983,50.862,12662,11654,77882,75171,1008
984,50.914,12376,11411,79387,76138,965
985,50.966,11416,11728,76018,75195,-312
986,51.018,11318,11654,77398,75694,-336
987,51.069,11905,11855,79117,75013,50
988,51.121,12747,11514,80041,76041,1233
989,51.173,11818,11862,78970,74471,-44
990,51.225,11962,12057,77216,74854,-95
991,51.276,11054,12325,77166,75396,-1271
992,51.328,12448,12337,75519,74897,111
993,51.38,11787,12002,77033,75536,-215
994,51.432,11721,11971,75119,75810,-250
995,51.483,14033,12983,78830,74964,1050
996,51.535,12153,12312,75810,75651,-159
997,51.587,12639,12312,80287,75633,327
998,51.639,11641,12672,76362,76169,-1031
999,51.69,13027,12111,77738,74976,916
