frame,Time [s],CH1,BGND1,CH2,BGND2,intensity
0,0.0,16189,11214,34508,32913,4975
1,0.052,13950,11449,33559,33093,2501
2,0.103,15583,11371,34300,32919,4212
3,0.155,15699,11274,33964,33087,4425
4,0.207,14357,11461,35566,33075,2896
5,0.259,13035,11618,33519,32961,1417
6,0.31,12652,11509,34461,32799,1143
7,0.362,12106,11974,34667,32931,132
8,0.414,12444,11310,33287,32877,1134
9,0.466,13553,11612,33453,32787,1941
10,0.517,11585,10930,34488,33105,655
11,0.569,12021,10978,34258,33279,1043
12,0.621,12551,11365,34664,33717,1186
13,0.673,12594,11268,34118,32865,1326
14,0.724,12152,11147,34857,33321,1005
15,0.776,12193,11377,32171,33303,816
16,0.828,13293,11250,33663,33225,2043
17,0.88,12295,10930,35305,33105,1365
18,0.931,12829,11153,34139,33063,1676
19,0.983,12497,11328,34300,33387,1169
20,1.035,11791,11208,33885,33814,583
21,1.087,12359,11256,33459,32925,1103
22,1.138,12930,11196,35382,33423,1734
23,1.19,11748,11220,34658,32949,528
24,1.242,12951,10918,33962,33039,2033
25,1.294,11392,11141,33570,32535,251
26,1.345,12506,11220,34791,33693,1286
27,1.397,11809,11383,33493,33273,426
28,1.449,12069,11280,34304,33627,789
29,1.501,12633,11407,34037,33603,1226
30,1.552,12077,11534,35810,33802,543
31,1.604,12701,11811,35037,32985,890
32,1.656,13001,11117,34320,32943,1884
33,1.707,12043,11147,34294,32541,896
34,1.759,11929,11135,34780,33297,794
35,1.811,11904,10767,35145,33249,1137
36,1.863,12362,10870,33889,33363,1492
37,1.914,12410,10966,33653,33645,1444
38,1.966,12708,10948,34887,33045,1760
39,2.018,11928,11220,35094,33069,708
40,2.07,13099,12179,33970,32985,920
41,2.121,12833,11829,34503,33507,1004
42,2.173,12854,11540,35196,33333,1314
43,2.225,12904,11129,33158,33381,1775
44,2.277,12945,11316,34945,34060,1629
45,2.328,12194,11159,35258,33363,1035
46,2.38,12022,11298,37056,33369,724
47,2.432,12735,11123,35058,33141,1612
48,2.484,12674,10966,36717,33441,1708
49,2.535,13747,11009,35677,33381,2738
50,2.587,18385,11093,34556,32667,7292
51,2.639,17182,11087,34225,33321,6095
52,2.691,15643,11371,36373,33153,4272
53,2.742,14369,11449,34090,33453,2920
54,2.794,13892,11256,33330,33345,2636
55,2.846,16357,11286,34493,33375,5071
56,2.898,17109,11443,33634,33459,5666
57,2.949,14864,11485,34592,33417,3379
58,3.001,11939,11075,33979,33057,864
59,3.053,11477,11353,34321,32943,124
60,3.105,11810,11057,34637,33045,753
61,3.156,12795,11075,34605,33345,1720
62,3.208,12152,11045,36248,33585,1107
63,3.26,12024,11292,34661,33093,732
64,3.311,12307,10876,33791,33135,1431
65,3.363,12619,10906,32875,33081,1713
66,3.415,11908,11003,34041,33441,905
67,3.467,11733,10677,36399,33273,1056
68,3.518,11976,11003,34573,33009,973
69,3.57,12863,11365,35366,32877,1498
70,3.622,12722,11461,35669,33273,1261
71,3.674,12813,11039,35594,33417,1774
72,3.725,13696,11485,33251,33213,2211
73,3.777,12137,10924,34985,32961,1213
74,3.829,12930,11093,33255,33207,1837
75,3.881,12372,11274,35258,33225,1098
76,3.932,11583,11003,35414,33111,580
77,3.984,13061,10984,34491,32997,2077
78,4.036,11585,11184,34236,33309,401
79,4.088,12596,11751,34737,33441,845
80,4.139,13344,11503,34653,33459,1841
81,4.191,12625,11383,33635,33621,1242
82,4.243,12179,11552,34416,33237,627
83,4.295,14374,11781,34777,33147,2593
84,4.346,13827,11817,33340,33501,2010
85,4.398,14085,11582,34325,33303,2503
86,4.45,19731,11986,36947,33525,7745
87,4.502,14681,11920,35157,33790,2761
88,4.553,14605,11552,35603,33591,3053
89,4.605,17804,11926,34949,33705,5878
90,4.657,16031,12083,36644,33195,3948
91,4.709,15146,11600,33896,33531,3546
92,4.76,14755,11878,35400,33417,2877
93,4.812,15653,11787,34014,33645,3866
94,4.864,16267,11932,35239,33651,4335
95,4.915,14557,11588,32674,33585,2969
96,4.967,13646,11576,34073,33147,2070
97,5.019,14987,11980,34736,33033,3007
98,5.071,17917,11558,32484,33351,6359
99,5.122,15472,11359,34721,33363,4113
100,5.174,13548,11359,35602,33093,2189
101,5.226,15990,11757,33270,33183,4233
102,5.278,15018,12059,36206,33501,2959
103,5.329,14195,11697,34239,32769,2498
104,5.381,13174,11190,34510,33483,1984
105,5.433,12191,11220,35717,33693,971
106,5.485,12722,11129,35325,33735,1593
107,5.536,13476,11365,34495,33363,2111
108,5.588,12006,11280,36218,33171,726
109,5.64,11432,11003,34609,33735,429
110,5.692,12461,11328,32768,33105,1133
111,5.743,12717,11383,34006,32793,1334
112,5.795,12895,11473,34841,33675,1422
113,5.847,11992,11328,33941,33615,664
114,5.899,12938,11347,34977,33465,1591
115,5.95,13755,11473,34839,33459,2282
116,6.002,12804,11455,34986,33195,1349
117,6.054,12733,11117,34436,33165,1616
118,6.106,11859,11184,35815,32961,675
119,6.157,11802,10785,34568,33321,1017
120,6.209,12405,10888,35426,33249,1517
121,6.261,12507,11316,34469,33195,1191
122,6.313,12484,11630,35358,33381,854
123,6.364,12398,11220,34375,33177,1178
124,6.416,12597,10972,34876,33621,1625
125,6.468,12194,11413,36644,33735,781
126,6.519,13072,11395,34366,33591,1677
127,6.571,12827,11359,33920,33778,1468
128,6.623,13832,11021,34833,32943,2811
129,6.675,12201,11534,35089,33411,667
130,6.726,12609,11202,35965,33507,1407
131,6.778,11848,11063,35150,33129,785
132,6.83,12076,11202,32451,33435,874
133,6.882,12786,11075,35338,33189,1711
134,6.933,11735,11069,35553,33279,666
135,6.985,12787,11093,35303,33555,1694
136,7.037,11854,11310,35395,33483,544
137,7.089,12176,11672,36304,33717,504
138,7.14,11620,11503,35511,33051,117
139,7.192,12892,11220,34588,33537,1672
140,7.244,12661,11087,34794,33357,1574
141,7.296,12481,11226,34744,33573,1255
142,7.347,12782,11093,33984,33171,1689
143,7.399,11330,11033,35231,33333,297
144,7.451,12594,10852,34144,33327,1742
145,7.503,12571,11003,32874,33063,1568
146,7.554,11885,10924,35379,32805,961
147,7.606,12203,11594,34992,33549,609
148,7.658,12574,10900,34227,33243,1674
149,7.71,12720,11250,34356,32781,1470
150,7.761,12558,10882,33674,33429,1676
151,7.813,13176,11274,35712,33165,1902
152,7.865,11848,10942,36518,33033,906
153,7.917,12423,11093,33831,33483,1330
154,7.968,12888,11135,32759,33591,1753
155,8.02,12982,11208,34342,33267,1774
156,8.072,12172,11099,35215,33501,1073
157,8.123,12597,11322,35901,32775,1275
158,8.175,12752,10942,33982,33603,1810
159,8.227,12382,10984,34578,33513,1398
160,8.279,13374,11280,35739,33189,2094
161,8.33,12176,10797,35255,33699,1379
162,8.382,12191,10809,34352,33267,1382
163,8.434,11756,11226,35117,33675,530
164,8.486,13584,11045,34487,32877,2539
165,8.537,12129,11075,35762,32871,1054
166,8.589,12454,11178,33991,33393,1276
167,8.641,12283,11256,34984,33381,1027
168,8.693,12440,11286,34802,34138,1154
169,8.744,13306,11165,33515,33405,2141
170,8.796,11093,11069,34268,33351,24
171,8.848,12383,10954,34438,33970,1429
172,8.9,12326,10996,33591,33309,1330
173,8.951,12099,10821,34443,32805,1278
174,9.003,12206,10900,33761,33243,1306
175,9.055,12427,10815,34562,33147,1612
176,9.107,12349,10972,33987,33711,1377
177,9.158,12519,10948,35998,33117,1571
178,9.21,11069,11027,35789,33033,42
179,9.262,13218,10803,33736,33784,2415
180,9.314,11670,10767,35262,33219,903
181,9.365,13659,10797,34211,33159,2862
182,9.417,12756,10683,34498,33219,2073
183,9.469,12387,10870,34778,33615,1517
184,9.521,12718,11075,36626,33603,1643
185,9.572,12560,11196,35756,33165,1364
186,9.624,12650,11147,34145,33375,1503
187,9.676,14096,11250,34802,33369,2846
188,9.727,12743,11250,34832,33459,1493
189,9.779,12623,10948,35309,33651,1675
190,9.831,12536,11232,35256,33333,1304
191,9.883,12399,11117,36088,33165,1282
192,9.934,12316,10767,34557,33417,1549
193,9.986,12444,11178,35532,33423,1266
194,10.038,12835,11087,34462,33525,1748
195,10.09,12402,11135,34166,33291,1267
196,10.141,12351,11111,34088,33327,1240
197,10.193,13071,11292,34993,33784,1779
198,10.245,12283,10695,35748,33705,1588
199,10.297,12667,11015,35130,33675,1652
200,10.348,12234,11178,34154,33615,1056
201,10.4,12641,11214,33822,33057,1427
202,10.452,12899,11371,33633,33417,1528
203,10.504,13037,11141,34151,33579,1896
204,10.555,12973,11057,34491,33315,1916
205,10.607,11281,11238,32230,33357,43
206,10.659,12555,11003,33525,33549,1552
207,10.711,11466,10948,33004,33081,518
208,10.762,13356,11304,36466,33285,2052
209,10.814,10921,11461,34535,33435,-540
210,10.866,13086,11274,35905,33369,1812
211,10.918,12349,11015,36513,33213,1334
212,10.969,11733,11401,33243,33249,332
213,11.021,12693,11033,33338,32985,1660
214,11.073,12191,11226,34730,33201,965
215,11.125,12193,11099,36227,33441,1094
216,11.176,12862,11371,35259,33579,1491
217,11.228,11936,11256,35165,32973,680
218,11.28,13392,11534,35274,33135,1858
219,11.331,12362,11678,33654,33261,684
220,11.383,11768,10990,33254,33549,778
221,11.435,13174,11015,34520,33459,2159
222,11.487,12501,11208,35440,33357,1293
223,11.538,13064,11093,35391,33609,1971
224,11.59,11951,11190,35040,33285,761
225,11.642,12443,10659,34641,32973,1784
226,11.694,12919,10882,34382,33303,2037
227,11.745,12575,10924,33061,33171,1651
228,11.797,14241,10846,34134,33814,3395
229,11.849,13648,10996,35223,33477,2652
230,11.901,12612,10725,36412,33681,1887
231,11.952,12274,10834,35815,33459,1440
232,12.004,11197,10888,35000,33892,309
233,12.056,12781,11021,34808,33501,1760
234,12.108,13177,10912,34537,33904,2265
235,12.159,12208,11099,34281,33177,1109
236,12.211,13084,11256,36341,33345,1828
237,12.263,12242,11123,32739,33441,1119
238,12.315,11564,11069,35908,33477,495
239,12.366,13108,10996,34550,33135,2112
240,12.418,12662,11123,35478,32901,1539
241,12.47,11866,10815,35090,33922,1051
242,12.522,11640,11141,35764,33021,499
243,12.573,12589,11268,35521,33363,1321
244,12.625,11906,11528,34389,33675,378
245,12.677,12486,11172,36583,33411,1314
246,12.729,11788,10954,33699,33741,834
247,12.78,11798,11129,36113,33231,669
248,12.832,12514,11087,34328,33585,1427
249,12.884,11533,11087,35277,33021,446
250,12.935,11793,11371,33841,33027,422
251,12.987,11807,11286,34387,33513,521
252,13.039,13287,11111,35535,33285,2176
253,13.091,13407,11051,37509,33435,2356
254,13.142,11312,11950,35826,33681,-638
255,13.194,12689,11775,35075,33363,914
256,13.246,12548,11612,33968,33729,936
257,13.298,12774,11316,33559,33441,1458
258,13.349,11517,11371,34639,33123,146
259,13.401,13021,11172,34159,33814,1849
260,13.453,12553,11262,34497,33657,1291
261,13.505,11517,11202,34160,33489,315
262,13.556,12239,10809,35894,33597,1430
263,13.608,12785,10592,35716,33459,2193
264,13.66,12523,10447,34272,33435,2076
265,13.712,12236,10755,34955,33826,1481
266,13.763,12561,10640,37238,33393,1921
267,13.815,11927,10930,34225,33303,997
268,13.867,13151,10972,34834,33669,2179
269,13.919,12552,10900,35120,33465,1652
270,13.97,11896,10978,36938,33826,918
271,14.022,12512,10876,34914,33447,1636
272,14.074,11482,10779,36011,33315,703
273,14.126,11505,10659,33903,33309,846
274,14.177,11846,10749,34351,33393,1097
275,14.229,12605,11172,34512,33303,1433
276,14.281,12134,11063,36194,33627,1071
277,14.333,12544,10840,35129,33711,1704
278,14.384,12513,10942,36354,33525,1571
279,14.436,12692,10918,36677,33537,1774
280,14.488,11689,10972,35222,33381,717
281,14.54,11561,10827,33977,33063,734
282,14.591,12781,10797,36577,33519,1984
283,14.643,11898,10773,34938,33904,1125
284,14.695,11622,10852,35555,33639,770
285,14.746,11965,10966,35155,33501,999
286,14.798,11850,10918,34118,33723,932
287,14.85,12271,11172,34539,33621,1099
288,14.902,11012,11365,36957,33399,-353
289,14.953,12270,11322,35688,33441,948
290,15.005,12690,10779,35359,33447,1911
291,15.057,12413,10689,35564,33219,1724
292,15.109,12812,10984,34533,33363,1828
293,15.16,12227,10960,33199,33609,1267
294,15.212,12219,10634,35802,33471,1585
295,15.264,12679,10894,35452,33597,1785
296,15.316,12086,10773,36844,33603,1313
297,15.367,11921,11232,35143,33069,689
298,15.419,12360,10677,35418,33051,1683
299,15.471,12275,11153,33805,33441,1122
300,15.523,11482,10725,34196,33177,757
301,15.574,12346,10803,35101,34156,1543
302,15.626,12647,10665,36296,33417,1982
303,15.678,12596,10767,35455,33009,1829
304,15.73,12939,10791,35267,33579,2148
305,15.781,12498,10834,35074,33135,1664
306,15.833,11430,10526,36490,33453,904
307,15.885,12350,10821,34837,33507,1529
308,15.937,11870,10646,34706,33339,1224
309,15.988,12170,11208,35569,33489,962
310,16.04,12713,10610,34629,33699,2103
311,16.092,11939,10707,35360,33081,1232
312,16.144,12253,10821,35316,33669,1432
313,16.195,11953,10797,33619,33339,1156
314,16.247,12728,10779,32676,33645,1949
315,16.299,11775,11051,34918,33766,724
316,16.35,11195,11111,35326,33549,84
317,16.402,11868,10574,34234,33591,1294
318,16.454,11917,10387,35001,33621,1530
319,16.506,12033,11178,36700,33375,855
320,16.557,12288,10858,35075,33663,1430
321,16.609,13167,10996,36434,33249,2171
322,16.661,12340,11353,34495,33808,987
323,16.713,11991,11383,34823,33381,608
324,16.764,11707,11328,34276,33567,379
325,16.816,12412,11075,35273,33087,1337
326,16.868,12115,11159,35419,33621,956
327,16.92,12067,11015,34537,33351,1052
328,16.971,11710,10906,36812,33741,804
329,17.023,11776,11226,35771,33525,550
330,17.075,13252,11015,34880,33675,2237
331,17.127,11790,11087,34805,33916,703
332,17.178,12171,11208,35656,33429,963
333,17.23,12025,11015,34965,33429,1010
334,17.282,11459,11425,36478,33351,34
335,17.334,13044,11021,36115,34180,2023
336,17.385,12082,10906,35256,33357,1176
337,17.437,11917,10791,35665,33657,1126
338,17.489,12302,11292,35762,33267,1010
339,17.541,12713,11214,36006,33519,1499
340,17.592,12960,10924,36188,33303,2036
341,17.644,11693,10858,35594,33243,835
342,17.696,11869,10791,32749,33657,1078
343,17.748,11192,11075,33736,33609,117
344,17.799,12130,10888,34914,33345,1242
345,17.851,11945,10936,36375,33189,1009
346,17.903,12732,10803,35673,32907,1929
347,17.954,11571,10821,35535,33507,750
348,18.006,11456,10719,34833,33573,737
349,18.058,12267,11021,35797,33874,1246
350,18.11,11612,10876,35203,33201,736
351,18.161,12366,11262,37158,33117,1104
352,18.213,11276,11232,36798,33639,44
353,18.265,12634,11075,35796,33201,1559
354,18.317,11519,10912,36214,33543,607
355,18.368,10993,10785,34054,33513,208
356,18.42,11876,11093,35637,33177,783
357,18.472,11511,11165,35191,33603,346
358,18.524,12238,11178,36342,33273,1060
359,18.575,11467,10936,35342,33423,531
360,18.627,12046,11353,35077,33267,693
361,18.679,11024,11172,35091,33441,-148
362,18.731,11831,11401,35997,33910,430
363,18.782,11700,11389,36804,33555,311
364,18.834,11625,10912,35244,33495,713
365,18.886,13126,11111,34640,33711,2015
366,18.938,12283,11328,35234,33303,955
367,18.989,11308,11009,36158,33105,299
368,19.041,11590,10870,36813,33033,720
369,19.093,11725,10791,35514,33069,934
370,19.145,11449,10984,35215,33585,465
371,19.196,12315,11304,34647,34162,1011
372,19.248,13310,10689,34921,33501,2621
373,19.3,12295,10761,36478,33327,1534
374,19.352,11861,10773,35575,34384,1088
375,19.403,12155,11003,34679,33435,1152
376,19.455,12577,11147,35699,34000,1430
377,19.507,12004,10966,38016,33609,1038
378,19.558,11819,11051,35925,33597,768
379,19.61,12562,10791,36012,33862,1771
380,19.662,12533,11153,36288,34030,1380
381,19.714,11848,10840,35688,33303,1008
382,19.765,11712,10882,35586,33549,830
383,19.817,11127,10749,34095,33393,378
384,19.869,11929,11202,35621,33573,727
385,19.921,13705,11129,35564,33399,2576
386,19.972,12336,11455,36798,33465,881
387,20.024,11725,11509,34959,33339,216
388,20.076,13155,10864,36609,33663,2291
389,20.128,11591,11099,36265,33886,492
390,20.179,12164,10701,37069,33705,1463
391,20.231,11894,11419,36090,34102,475
392,20.283,13077,11033,33479,33459,2044
393,20.335,12466,10966,37215,33435,1500
394,20.386,12482,10990,35471,33729,1492
395,20.438,12170,10936,35984,33459,1234
396,20.49,12292,11069,36551,33940,1223
397,20.542,13167,11353,34628,33285,1814
398,20.593,12450,11389,33355,33315,1061
399,20.645,14400,11208,34799,34042,3192
400,20.697,12443,11322,36755,33303,1121
401,20.749,12598,11226,34745,33639,1372
402,20.8,12197,11316,34885,33261,881
403,20.852,11447,11232,35403,34588,215
404,20.904,12282,11419,35870,34030,863
405,20.956,11901,11117,33910,33423,784
406,21.007,11491,11009,35027,33585,482
407,21.059,11977,11141,36280,33862,836
408,21.111,12167,11093,36230,33321,1074
409,21.162,13027,11184,34165,33549,1843
410,21.214,11897,11129,36001,33675,768
411,21.266,12061,11057,35255,33687,1004
412,21.318,11917,10996,34211,33778,921
413,21.369,11447,11226,34516,33249,221
414,21.421,13139,11286,34087,33603,1853
415,21.473,12367,11310,36100,33333,1057
416,21.525,11770,11081,37041,33723,689
417,21.576,13013,10906,36217,33447,2107
418,21.628,12382,11250,36266,34042,1132
419,21.68,12475,11395,35846,33471,1080
420,21.732,11837,11274,35756,33850,563
421,21.783,12851,11196,35740,33609,1655
422,21.835,13250,11310,35282,33705,1940
423,21.887,12606,11455,36752,33387,1151
424,21.939,12843,11546,35248,33549,1297
425,21.99,12993,11353,35211,33826,1640
426,22.042,12341,11244,35408,33099,1097
427,22.094,12787,11045,33973,33585,1742
428,22.146,11820,10918,35770,33459,902
429,22.197,12036,11624,33949,33405,412
430,22.249,15137,10996,36389,33567,4141
431,22.301,12001,11051,36733,33669,950
432,22.353,11605,11003,34233,33958,602
433,22.404,11102,10797,34818,33459,305
434,22.456,12218,10966,33530,33453,1252
435,22.508,11945,10984,35712,33850,961
436,22.56,13140,11522,35747,33315,1618
437,22.611,13620,11691,35431,34174,1929
438,22.663,11285,11715,34983,33826,-430
439,22.715,11039,11666,36345,33381,-627
440,22.766,12348,11328,34919,33447,1020
441,22.818,12460,11371,35399,33693,1089
442,22.87,14008,11588,35452,33621,2420
443,22.922,12803,11775,33430,33838,1028
444,22.973,12199,11528,36182,33820,671
445,23.025,12350,11467,35699,33814,883
446,23.077,12493,11479,34483,32943,1014
447,23.129,13005,11552,35648,33868,1453
448,23.18,12796,11618,33997,33621,1178
449,23.232,12030,11220,34349,33543,810
450,23.284,11414,11009,35724,33417,405
451,23.336,12908,10924,35025,33591,1984
452,23.387,13912,11214,33757,33898,2698
453,23.439,12749,10652,36106,33291,2097
454,23.491,11578,10942,34417,33381,636
455,23.543,12056,10918,34204,33766,1138
456,23.594,11177,11147,34625,33189,30
457,23.646,11893,10906,35422,33405,987
458,23.698,11940,10785,36382,33850,1155
459,23.75,11950,10713,34502,33591,1237
460,23.801,11436,10604,36694,33790,832
461,23.853,10842,10677,36472,33477,165
462,23.905,11610,10996,35448,33147,614
463,23.957,11159,10665,35605,33651,494
464,24.008,11582,10827,34463,33567,755
465,24.06,12397,10984,34165,33525,1413
466,24.112,12417,10659,34033,33609,1758
467,24.164,12559,10598,35159,34072,1961
468,24.215,13010,10278,35133,33796,2732
469,24.267,11219,10761,35981,33609,458
470,24.319,11731,10767,34659,33261,964
471,24.37,11272,10586,37021,33796,686
472,24.422,11336,10550,34333,33862,786
473,24.474,11884,10749,36689,33904,1135
474,24.526,11633,10749,34580,33621,884
475,24.577,12844,10870,36202,33639,1974
476,24.629,11492,11039,35115,33645,453
477,24.681,13119,10779,35697,33237,2340
478,24.733,13042,11045,35534,33639,1997
479,24.784,12827,10713,35295,33687,2114
480,24.836,12456,11015,36588,33784,1441
481,24.888,11463,10731,35760,33285,732
482,24.94,11849,10827,36342,33651,1022
483,24.991,12993,10882,34789,33675,2111
484,25.043,11801,10791,34582,33477,1010
485,25.095,12501,10876,35257,33507,1625
486,25.147,11256,10604,34772,33177,652
487,25.198,11907,10834,35724,33321,1073
488,25.25,10845,10423,34666,33027,422
489,25.302,11106,10417,35647,33519,689
490,25.354,10986,10683,33824,33723,303
491,25.405,12188,10876,36054,33159,1312
492,25.457,11984,10821,37080,33976,1163
493,25.509,11624,10870,35974,34090,754
494,25.561,12263,10610,36350,33862,1653
495,25.612,11539,10803,36189,33910,736
496,25.664,12791,10725,36550,33958,2066
497,25.716,13361,10731,33838,33615,2630
498,25.768,11602,10671,33759,33381,931
499,25.819,11313,11003,34053,33351,310
500,25.871,12152,11111,35037,33483,1041
501,25.923,11946,10821,35381,33519,1125
502,25.974,12961,10695,34759,33459,2266
503,26.026,13194,10592,36534,33639,2602
504,26.078,13513,10815,34213,33039,2698
505,26.13,12089,10592,39369,33429,1497
506,26.181,11565,10882,36164,33441,683
507,26.233,12187,10610,35197,33195,1577
508,26.285,12752,10779,34811,33339,1973
509,26.337,11174,10387,35815,33723,787
510,26.388,12643,10821,34919,33862,1822
511,26.44,11843,10888,34712,33477,955
512,26.492,12105,10948,35247,33303,1157
513,26.544,11649,10912,34707,33717,737
514,26.595,12163,11232,34146,33531,931
515,26.647,11955,10918,35501,33303,1037
516,26.699,12356,11636,36817,33994,720
517,26.751,10457,10719,34250,33705,-262
518,26.802,11957,10616,35654,33964,1341
519,26.854,12288,10592,34586,33327,1696
520,26.906,12295,10580,36262,32895,1715
521,26.958,11542,10568,33794,34078,974
522,27.009,12497,11027,36392,33669,1470
523,27.061,11874,11033,34970,33687,841
524,27.113,11993,10719,36556,33862,1274
525,27.165,11823,10852,34368,33838,971
526,27.216,12171,11135,34559,33826,1036
527,27.268,11930,10683,35642,33375,1247
528,27.32,12264,10791,34903,34030,1473
529,27.372,12946,10852,36953,33748,2094
530,27.423,11973,10592,35685,33621,1381
531,27.475,12540,11063,35120,33808,1477
532,27.527,11161,10713,36378,33465,448
533,27.578,11458,11063,34801,33339,395
534,27.63,11491,10852,35591,33627,639
535,27.682,12087,10628,35881,33525,1459
536,27.734,11510,10490,36692,33345,1020
537,27.785,12679,10713,34766,33477,1966
538,27.837,11626,11491,34802,33627,135
539,27.889,12067,11437,33867,33471,630
540,27.941,11375,10948,35043,33687,427
541,27.992,12380,11196,34694,33645,1184
542,28.044,12694,10773,36691,33669,1921
543,28.096,12067,10725,34543,33351,1342
544,28.148,11855,10652,35922,33585,1203
545,28.199,11904,10809,38746,33669,1095
546,28.251,10917,10978,35407,33705,-61
547,28.303,12166,10761,35470,33904,1405
548,28.355,11012,10381,35954,34270,631
549,28.406,11557,10870,34658,33261,687
550,28.458,11742,10701,35445,33471,1041
551,28.51,12247,10840,33802,33693,1407
552,28.562,10616,10592,34241,33645,24
553,28.613,11580,10598,34635,33904,982
554,28.665,11077,10592,34077,33675,485
555,28.717,12214,10568,34723,33495,1646
556,28.769,11157,10393,35318,33459,764
557,28.82,11490,10707,35300,33555,783
558,28.872,11273,10429,36810,33633,844
559,28.924,11915,10441,36510,33880,1474
560,28.976,12010,10453,36563,34054,1557
561,29.027,11510,10834,33741,34198,676
562,29.079,12183,10526,36071,33820,1657
563,29.131,11871,10532,34460,33826,1339
564,29.182,11393,10574,35576,34024,819
565,29.234,10985,10532,36677,33735,453
566,29.286,11325,10568,36219,33705,757
567,29.338,11833,10598,36324,34096,1235
568,29.389,11366,10616,34758,33663,750
569,29.441,11673,10876,34581,33447,797
570,29.493,12095,10785,36552,33633,1310
571,29.545,11876,10659,35891,33483,1217
572,29.596,11853,10622,34776,33862,1231
573,29.648,12624,10677,36235,33760,1947
574,29.7,12714,10375,36024,33567,2339
575,29.752,11332,10652,36690,33784,680
576,29.803,10134,10574,34658,33964,-440
577,29.855,11543,10767,36754,33357,776
578,29.907,12220,10568,34056,33339,1652
579,29.959,11701,10665,34113,33754,1036
580,30.01,11773,10393,35847,33561,1380
581,30.062,11538,11009,35992,33465,529
582,30.114,11475,10737,33254,33387,738
583,30.166,11524,10767,34966,34042,757
584,30.217,10903,10671,35877,33988,232
585,30.269,13348,10876,36534,33411,2472
586,30.321,14414,10743,34687,33669,3671
587,30.373,14265,10809,35919,33814,3456
588,30.424,13834,10580,34818,33129,3254
589,30.476,14613,10731,34451,33591,3882
590,30.528,13087,10610,32962,33567,2477
591,30.58,14376,10713,36833,33129,3663
592,30.631,13472,10538,34649,33477,2934
593,30.683,12970,10882,34895,33862,2088
594,30.735,13313,10556,35593,33603,2757
595,30.786,15004,10954,35711,33645,4050
596,30.838,12881,10731,36111,33525,2150
597,30.89,12765,10683,35455,33567,2082
598,30.942,11617,10677,34259,33603,940
599,30.993,10824,10707,37391,33970,117
600,31.045,11776,10514,36042,33826,1262
601,31.097,10963,10471,35818,33862,492
602,31.149,10728,10483,35963,33405,245
603,31.2,11428,10683,35331,34018,745
604,31.252,10638,10532,34907,33585,106
605,31.304,12132,10713,34751,33874,1419
606,31.356,11895,10942,35833,33537,953
607,31.407,11242,10604,36309,33633,638
608,31.459,11877,10429,35358,33693,1448
609,31.511,12102,10423,34967,33904,1679
610,31.563,11468,10803,34487,33567,665
611,31.614,11923,10767,35722,33525,1156
612,31.666,11182,10508,34670,33417,674
613,31.718,11118,10695,35787,33645,423
614,31.77,12127,10477,35079,33910,1650
615,31.821,12101,10659,34688,33495,1442
616,31.873,11648,10640,35389,34102,1008
617,31.925,10228,10725,35003,33183,-497
618,31.977,11216,10767,36238,33603,449
619,32.028,12698,10840,35762,33363,1858
620,32.08,13051,10779,32323,33778,2272
621,32.132,10623,10954,36727,33351,-331
622,32.184,11617,10761,34812,33489,856
623,32.235,12005,10719,34642,33940,1286
624,32.287,11078,10453,34210,33309,625
625,32.339,11520,10671,33958,33621,849
626,32.39,10503,10622,35637,33453,-119
627,32.442,11364,10834,36389,33591,530
628,32.494,11794,10870,35646,33964,924
629,32.546,12344,10580,34278,33549,1764
630,32.597,12298,10665,36282,33717,1633
631,32.649,11940,10773,34765,33663,1167
632,32.701,10768,10834,33422,33519,-66
633,32.753,11426,10707,35638,33357,719
634,32.804,11845,10628,34614,33717,1217
635,32.856,11885,10695,35519,33741,1190
636,32.908,11223,10508,33389,34282,715
637,32.96,10988,10622,35541,33681,366
638,33.011,10461,10827,35213,33778,-366
639,33.063,11162,10749,36482,33603,413
640,33.115,11368,10930,35978,33717,438
641,33.167,11376,10749,35546,33555,627
642,33.218,11662,10978,35586,33585,684
643,33.27,11049,10882,35619,33711,167
644,33.322,12012,10815,34467,33597,1197
645,33.374,11608,10496,35746,33814,1112
646,33.425,11146,10888,34839,33784,258
647,33.477,11415,10912,35101,33910,503
648,33.529,11606,11087,35886,34330,519
649,33.581,12398,10942,36087,33711,1456
650,33.632,12055,10568,33795,34240,1487
651,33.684,11490,10580,34524,33459,910
652,33.736,11727,10966,34560,33669,761
653,33.788,12372,10996,33945,33910,1376
654,33.839,10861,10773,36444,33778,88
655,33.891,11452,10405,35574,33645,1047
656,33.943,12146,10646,36024,33345,1500
657,33.994,11437,10725,36008,34024,712
658,34.046,10865,10840,35085,33964,25
659,34.098,11962,10996,33899,33681,966
660,34.15,12208,10749,36390,33279,1459
661,34.201,11185,10767,36609,34288,418
662,34.253,11569,10840,36068,33567,729
663,34.305,11717,10683,35541,33994,1034
664,34.357,12113,10701,35513,33579,1412
665,34.408,11501,10936,35861,33597,565
666,34.46,11731,10840,36794,33868,891
667,34.512,13006,11196,35560,33778,1810
668,34.564,11827,10864,35280,33814,963
669,34.615,11531,10689,34470,33964,842
670,34.667,12147,11009,33649,33790,1138
671,34.719,11706,10592,35262,33898,1114
672,34.771,10898,10701,34838,33651,197
673,34.822,12979,10719,35526,34390,2260
674,34.874,12013,10544,35161,33982,1469
675,34.926,11328,10423,36063,34054,905
676,34.978,11884,10435,37317,33705,1449
677,35.029,11439,10640,36065,33531,799
678,35.081,11628,10646,36822,33615,982
679,35.133,10675,10327,34148,34114,348
680,35.185,10675,10405,35837,33892,270
681,35.236,11263,10749,34714,33585,514
682,35.288,11194,10906,35737,33375,288
683,35.34,11960,10634,34934,33363,1326
684,35.392,12118,10471,34236,33862,1647
685,35.443,12494,10538,37373,33808,1956
686,35.495,11295,10659,36083,33922,636
687,35.547,11607,10471,33520,33699,1136
688,35.598,11507,10580,34478,33573,927
689,35.65,11789,10562,35570,33982,1227
690,35.702,11532,10665,34609,33333,867
691,35.754,12183,10785,35154,33657,1398
692,35.805,12796,10689,36779,33856,2107
693,35.857,11375,10725,34585,33633,650
694,35.909,11859,10628,35527,33465,1231
695,35.961,10843,10266,36081,33778,577
696,36.012,10459,10610,37929,34006,-151
697,36.064,10632,10966,35130,33633,-334
698,36.116,12263,10942,35024,34078,1321
699,36.168,11721,10966,34268,34174,755
700,36.219,11746,10809,36594,33525,937
701,36.271,11522,10435,34780,33754,1087
702,36.323,10912,10592,34304,34264,320
703,36.375,12044,10701,35033,33826,1343
704,36.426,11733,10616,35003,33874,1117
705,36.478,11932,10622,36874,34144,1310
706,36.53,11209,10767,36612,33970,442
707,36.582,11828,10695,35807,33898,1133
708,36.633,11876,10972,35432,33808,904
709,36.685,11611,10671,35553,33958,940
710,36.737,12411,10707,34599,33754,1704
711,36.789,11316,10827,33589,33459,489
712,36.84,11073,10827,33437,33615,246
713,36.892,11363,11081,36028,33441,282
714,36.944,11822,11045,33978,33910,777
715,36.996,11577,10755,35893,33525,822
716,37.047,11341,10972,35302,33609,369
717,37.099,11219,10779,36157,33519,440
718,37.151,11351,10876,35836,33627,475
719,37.202,12069,10870,33472,33814,1199
720,37.254,12324,10876,33249,33892,1448
721,37.306,11736,10743,36084,34258,993
722,37.358,11454,10791,35606,33633,663
723,37.409,11311,11147,33341,33393,164
724,37.461,11717,10701,35894,34072,1016
725,37.513,12480,10815,32962,34102,1665
726,37.565,12262,10821,32945,34126,1441
727,37.616,11775,10538,34059,33531,1237
728,37.668,10945,11075,34236,33681,-130
729,37.72,11284,10900,36421,33483,384
730,37.772,11446,10906,34090,33729,540
731,37.823,11679,11003,35983,34150,676
732,37.875,12197,11051,36024,33387,1146
733,37.927,11291,11208,35428,33441,83
734,37.979,10855,10864,35065,33591,-9
735,38.03,11437,11093,35091,33135,344
736,38.082,12320,11232,35097,33868,1088
737,38.134,13008,11184,35079,33591,1824
738,38.186,10815,10779,34357,33754,36
739,38.237,10886,10538,34649,33639,348
740,38.289,11093,10447,35760,33711,646
741,38.341,11375,10586,36256,33880,789
742,38.393,11296,10628,34244,34138,668
743,38.444,11737,10773,36188,33868,964
744,38.496,11927,10683,34964,34078,1244
745,38.548,11590,10646,35756,33844,944
746,38.6,12166,10628,36588,33802,1538
747,38.651,11406,10459,36310,33687,947
748,38.703,11616,10562,36284,33844,1054
749,38.755,12018,10852,36838,33477,1166
750,38.806,12139,10767,35972,33681,1372
751,38.858,13093,11159,34486,33375,1934
752,38.91,11686,10689,36288,33784,997
753,38.962,11849,10544,35463,33994,1305
754,39.013,11358,10858,34499,33711,500
755,39.065,11390,10580,35853,33477,810
756,39.117,11474,10429,36098,33832,1045
757,39.169,10985,10743,36548,33381,242
758,39.22,12355,10785,35417,33970,1570
759,39.272,11359,11015,33161,33447,344
760,39.324,11013,10984,34202,33603,29
761,39.376,11357,11027,36038,34738,330
762,39.427,11928,10791,36133,33898,1137
763,39.479,11548,10677,35639,33327,871
764,39.531,12034,10864,36875,33615,1170
765,39.583,11504,10580,35701,33760,924
766,39.634,11937,10707,32720,33645,1230
767,39.686,11223,10520,34514,33814,703
768,39.738,11404,10755,35345,33754,649
769,39.79,11605,10622,34831,33898,983
770,39.841,10896,11009,36310,33423,-113
771,39.893,12087,10803,34791,33711,1284
772,39.945,11560,10646,36902,33856,914
773,39.997,11898,10646,33751,33669,1252
774,40.048,11431,10671,35723,33994,760
775,40.1,11410,10966,34940,34102,444
776,40.152,10158,10779,36338,33994,-621
777,40.204,10793,10532,33790,33483,261
778,40.255,10991,10827,34112,33489,164
779,40.307,11904,10846,36608,33711,1058
780,40.359,11798,10628,35737,33922,1170
781,40.41,11574,10858,35611,33411,716
782,40.462,11867,10671,36080,33916,1196
783,40.514,11300,10840,34566,33591,460
784,40.566,10716,10852,35962,33243,-136
785,40.617,11036,10610,36374,33369,426
786,40.669,11571,10502,34929,34090,1069
787,40.721,11373,10411,34939,33778,962
788,40.773,12188,10894,35718,33699,1294
789,40.824,11327,10791,35745,33898,536
790,40.876,11670,10767,35591,33826,903
791,40.928,11333,10502,34344,33693,831
792,40.98,10969,10604,35518,33729,365
793,41.031,11457,10972,34759,33970,485
794,41.083,12278,10966,35583,34120,1312
795,41.135,12467,10731,35006,33723,1736
796,41.187,10913,10580,36617,34168,333
797,41.238,11913,10604,36212,33844,1309
798,41.29,11450,10719,34781,34036,731
799,41.342,11315,10725,37090,34036,590
800,41.394,11084,10628,34599,34072,456
801,41.445,11305,10616,36006,33820,689
802,41.497,11181,10906,34837,34408,275
803,41.549,11617,10490,35616,34408,1127
804,41.601,11621,10803,33457,33820,818
805,41.652,11542,10809,34956,33531,733
806,41.704,11446,10665,33909,34228,781
807,41.756,12298,10532,34718,34204,1766
808,41.808,11398,10749,33272,34246,649
809,41.859,12059,10990,34697,33844,1069
810,41.911,11069,11069,34509,34138,0
811,41.963,11882,10990,36330,33796,892
812,42.015,12756,11220,34096,34120,1536
813,42.066,12228,10978,35131,33772,1250
814,42.118,11346,10791,35286,34072,555
815,42.17,11218,10453,36675,33778,765
816,42.221,13053,10677,36728,33441,2376
817,42.273,10323,10646,35262,33760,-323
818,42.325,11511,10725,35640,34258,786
819,42.377,10849,10719,36353,33826,130
820,42.428,11447,10508,36398,34060,939
821,42.48,11596,10610,36783,34048,986
822,42.532,11581,11033,36377,33393,548
823,42.584,11222,10767,35074,33561,455
824,42.635,11713,10441,35403,34156,1272
825,42.687,11076,10598,36635,33814,478
826,42.739,11579,10628,34821,33910,951
827,42.791,10747,10689,35305,33772,58
828,42.842,12025,10840,37385,34126,1185
829,42.894,11536,10490,36567,33735,1046
830,42.946,12127,10333,34075,33832,1794
831,42.998,11458,10532,34516,34042,926
832,43.049,11981,10598,37190,34276,1383
833,43.101,11370,10242,34744,33820,1128
834,43.153,12041,10840,35822,33850,1201
835,43.205,11894,10562,34874,33850,1332
836,43.256,11284,10713,36812,34168,571
837,43.308,11548,10369,35046,34072,1179
838,43.36,11778,10230,34637,33171,1548
839,43.412,11497,10447,35112,33369,1050
840,43.463,12105,10701,35275,33603,1404
841,43.515,11232,10701,34283,34162,531
842,43.567,12567,10743,34129,33934,1824
843,43.619,10534,10785,36732,33784,-251
844,43.67,11698,10375,35969,34366,1323
845,43.722,11820,10858,36591,33459,962
846,43.774,11559,10990,36540,33916,569
847,43.825,11335,10936,35265,33760,399
848,43.877,12670,11063,36221,33741,1607
849,43.929,11103,10803,35105,33657,300
850,43.981,12595,11009,36406,33814,1586
851,44.032,10734,10429,36337,33423,305
852,44.084,12057,10719,36585,33832,1338
853,44.136,12007,11075,34858,33741,932
854,44.188,12054,11021,35898,34078,1033
855,44.239,12579,10671,33909,33934,1908
856,44.291,12097,11165,35085,33928,932
857,44.343,10964,11033,34830,33489,-69
858,44.395,12095,10960,36167,33381,1135
859,44.446,12154,10803,34961,33681,1351
860,44.498,10904,10966,34642,33693,-62
861,44.55,11847,10803,35157,33766,1044
862,44.602,11490,10731,36570,33627,759
863,44.653,11690,10622,36621,33717,1068
864,44.705,12088,10749,35146,33495,1339
865,44.757,11864,10912,36105,33669,952
866,44.809,11377,10695,35973,33573,682
867,44.86,12179,10640,34999,33790,1539
868,44.912,11223,10550,37062,33886,673
869,44.964,10371,11075,34657,33489,-704
870,45.016,12186,10610,35990,33309,1576
871,45.067,11676,11033,36075,33429,643
872,45.119,11484,10755,35776,33784,729
873,45.171,12099,11027,34640,33850,1072
874,45.223,11431,11111,34427,33567,320
875,45.274,12123,10447,35173,33754,1676
876,45.326,11186,10321,36310,33453,865
877,45.378,11015,10278,34542,34090,737
878,45.429,10864,10411,34714,33862,453
879,45.481,12264,10677,35679,33760,1587
880,45.533,11964,10369,34102,33513,1595
881,45.585,12267,10496,33540,33796,1771
882,45.636,11868,10568,34781,33970,1300
883,45.688,11052,10411,34824,33735,641
884,45.74,11876,10634,36305,33898,1242
885,45.792,10801,10532,36328,33790,269
886,45.843,10971,10284,35094,33982,687
887,45.895,11842,10508,36520,33934,1334
888,45.947,12051,10502,35453,34006,1549
889,45.999,11582,10387,38045,33766,1195
890,46.05,10939,10369,36308,34006,570
891,46.102,11206,10278,37267,34066,928
892,46.154,10950,10266,36392,33922,684
893,46.206,11545,10248,34977,33741,1297
894,46.257,10550,10773,36891,33880,-223
895,46.309,11307,10556,35301,33850,751
896,46.361,11578,10514,36178,33705,1064
897,46.413,11329,10803,34353,33621,526
898,46.464,11604,10743,35904,34036,861
899,46.516,11791,10996,35428,33309,795
900,46.568,11951,10646,35656,33171,1305
901,46.62,11049,10719,36459,33489,330
902,46.671,11313,10628,36310,33633,685
903,46.723,12069,10550,35744,34420,1519
904,46.775,10979,10695,37290,33934,284
905,46.827,10949,10393,35386,33922,556
906,46.878,10322,10556,35700,34060,-234
907,46.93,11547,10508,36177,34210,1039
908,46.982,12209,10652,37022,33754,1557
909,47.033,11394,10610,36778,34270,784
910,47.085,11000,10568,37102,34000,432
911,47.137,11102,10803,36705,33802,299
912,47.189,11382,10809,37582,33513,573
913,47.24,11285,10640,36460,33940,645
914,47.292,10851,10520,35316,33790,331
915,47.344,11631,10272,33717,33754,1359
916,47.396,11865,10628,36223,34072,1237
917,47.447,12161,10665,34569,34090,1496
918,47.499,11637,10405,35956,33784,1232
919,47.551,10817,10429,36188,34372,388
920,47.603,11369,10695,35997,34678,674
921,47.654,11170,10441,35844,34300,729
922,47.706,12028,10598,37488,34066,1430
923,47.758,11544,10496,35598,33808,1048
924,47.81,11282,10713,35757,33555,569
925,47.861,11038,10737,35528,33333,301
926,47.913,10888,10791,34914,34210,97
927,47.965,10043,10616,36692,34138,-573
928,48.017,11448,11069,36658,33982,379
929,48.068,11152,10803,36183,33946,349
930,48.12,10465,10719,36829,34180,-254
931,48.172,10486,10339,33950,33796,147
932,48.224,10903,10634,36737,33495,269
933,48.275,11122,10852,36759,34210,270
934,48.327,12124,10785,35381,34006,1339
935,48.379,12044,10671,36484,33898,1373
936,48.431,11928,10646,35090,33868,1282
937,48.482,12827,10785,33092,33790,2042
938,48.534,11582,10743,34609,33892,839
939,48.586,10982,10459,34607,33952,523
940,48.637,11603,10628,35240,34042,975
941,48.689,11647,10809,35565,34210,838
942,48.741,11932,10592,34184,33633,1340
943,48.793,11744,10713,36797,33754,1031
944,48.844,11502,10423,37271,33856,1079
945,48.896,12221,10809,37325,33832,1412
946,48.948,11643,10532,35785,33832,1111
947,49.0,11270,10598,36007,33453,672
948,49.051,10964,10906,36084,33621,58
949,49.103,11085,10278,35522,34138,807
950,49.155,11739,10755,35551,33898,984
951,49.207,11648,11039,37585,34006,609
952,49.258,12140,10701,35020,33844,1439
953,49.31,11500,10785,35350,34198,715
954,49.362,11574,10942,35543,33519,632
955,49.414,11528,10749,35032,33603,779
956,49.465,11380,10707,38328,34060,673
957,49.517,12244,10858,35092,34294,1386
958,49.569,12534,10598,35794,34084,1936
959,49.621,11530,10477,36703,33898,1053
960,49.672,12048,10351,34742,34006,1697
961,49.724,11473,10671,37635,33621,802
962,49.776,11414,10508,37400,34126,906
963,49.828,11333,10761,37291,33699,572
964,49.879,11174,10689,34980,34306,485
965,49.931,10368,10375,35263,33784,-7
966,49.983,11299,10821,35554,33814,478
967,50.035,11313,10616,35580,34444,697
968,50.086,11444,10580,36333,33868,864
969,50.138,11420,10701,36560,33790,719
970,50.19,11634,10411,34946,34234,1223
971,50.241,11759,10296,34886,33868,1463
972,50.293,11724,10387,35732,33838,1337
973,50.345,10620,10622,34714,34324,-2
974,50.397,12660,10640,36066,34096,2020
975,50.448,11318,10707,35165,34000,611
976,50.5,12314,10616,36706,33651,1698
977,50.552,11330,10453,35722,34432,877
978,50.604,12361,10815,37163,34294,1546
979,50.655,11772,10502,37707,33832,1270
980,50.707,11829,10520,35642,33982,1309
981,50.759,11913,10477,35780,34408,1436
982,50.811,11224,10483,35461,34426,741
983,50.862,11874,10387,36819,34126,1487
984,50.914,10883,10345,36436,33760,538
985,50.966,11753,11021,36583,33922,732
986,51.018,12707,10737,34049,33615,1970
987,51.069,12378,10496,33718,33741,1882
988,51.121,11392,10671,35456,33705,721
989,51.173,11010,10936,35653,34342,74
990,51.225,11878,10254,35503,33874,1624
991,51.276,10932,10272,34916,33796,660
992,51.328,10972,10550,35883,33663,422
993,51.38,10993,10477,36789,34228,516
994,51.432,11507,10683,34930,33844,824
995,51.483,11876,10948,33861,33982,928
996,51.535,11058,10846,36800,34174,212
997,51.587,11579,10683,36119,33663,896
998,51.639,12391,10622,34981,33988,1769
999,51.69,11363,10459,35662,33495,904
