frame,Time [s],CH1,BGND1,CH2,BGND2,intensity
0,0.0,8222,7828,25456,25700,394
1,0.052,7494,7895,24664,25683,-401
2,0.103,7535,7756,25325,25293,-221
3,0.155,7017,7587,24853,25431,-570
4,0.207,7507,7919,26267,25581,-412
5,0.259,6761,7484,24189,25287,-723
6,0.31,7610,7635,25889,25485,-25
7,0.362,7501,7605,24708,25281,-104
8,0.414,7521,7659,25635,25197,-138
9,0.466,7140,7708,25871,25263,-568
10,0.517,7871,7726,25012,25706,145
11,0.569,7358,7701,23861,25227,-343
12,0.621,8134,7550,24302,25180,584
13,0.673,8176,7623,25022,25275,553
14,0.724,13245,8107,24609,25533,5138
15,0.776,15966,8131,25238,25778,7835
16,0.828,8826,7762,25306,25724,1064
17,0.88,9292,7822,25218,25826,1470
18,0.931,9145,7895,23971,25389,1250
19,0.983,13697,8125,24635,25401,5572
20,1.035,12604,8064,25767,25299,4540
21,1.087,14080,8234,26977,25856,5846
22,1.138,15896,8167,23874,25317,7729
23,1.19,16989,8107,24431,25335,8882
24,1.242,9773,7841,26379,25287,1932
25,1.294,8763,7756,23863,25006,1007
26,1.345,14146,7974,26222,25102,6172
27,1.397,7987,7556,25553,25425,431
28,1.449,7922,7732,25753,25443,190
29,1.501,7695,7925,24429,25605,-230
30,1.552,7920,7786,26342,25395,134
31,1.604,7749,7732,25787,25700,17
32,1.656,8268,7968,25468,25197,300
33,1.707,7706,7732,24980,25395,-26
34,1.759,7374,7587,24532,25413,-213
35,1.811,7965,7641,26824,25215,324
36,1.863,7536,7574,23670,25323,-38
37,1.914,7736,7695,25029,25814,41
38,1.966,8188,7901,23219,25437,287
39,2.018,7634,7653,28089,25449,-19
40,2.07,7076,7810,27213,25581,-734
41,2.121,8491,7726,24957,25371,765
42,2.173,8064,7962,25997,25389,102
43,2.225,8157,7653,26526,25563,504
44,2.277,7975,7677,26524,25431,298
45,2.328,7300,7641,25733,25635,-341
46,2.38,8338,7804,25174,25742,534
47,2.432,7726,7774,24444,25677,-48
48,2.484,7848,7816,25637,25527,32
49,2.535,8005,7726,24529,25736,279
50,2.587,7370,7695,24384,25389,-325
51,2.639,7429,7677,26062,25425,-248
52,2.691,8264,7417,24917,25323,847
53,2.742,7602,7816,25742,25395,-214
54,2.794,7821,7714,25495,25790,107
55,2.846,7752,7828,25079,25461,-76
56,2.898,7594,7695,23063,25503,-101
57,2.949,7379,7683,23548,25617,-304
58,3.001,7447,7714,26122,25497,-267
59,3.053,7467,7847,24667,25718,-380
60,3.105,7621,7768,27069,25557,-147
61,3.156,7722,7514,24664,25886,208
62,3.208,7887,7417,25865,25461,470
63,3.26,7453,7411,25704,25748,42
64,3.311,7337,7768,24867,25838,-431
65,3.363,8144,7544,24835,25790,600
66,3.415,7270,7599,23668,25808,-329
67,3.467,7784,8028,25100,25784,-244
68,3.518,8105,7822,25174,25269,283
69,3.57,7635,7877,25748,25958,-242
70,3.622,7862,7835,25754,25641,27
71,3.674,7316,7701,25463,25694,-385
72,3.725,7997,7695,26618,25838,302
73,3.777,7523,7792,25926,25443,-269
74,3.829,7907,7635,25040,25419,272
75,3.881,7532,7653,25515,25569,-121
76,3.932,7848,7744,26874,25479,104
77,3.984,7784,7599,25010,25443,185
78,4.036,7128,7544,27011,25569,-416
79,4.088,7616,7659,26039,25659,-43
80,4.139,7699,8034,25088,26096,-335
81,4.191,7030,8034,26013,25563,-1004
82,4.243,7705,7562,24991,25599,143
83,4.295,8107,7441,26431,25174,666
84,4.346,7926,7683,25045,25114,243
85,4.398,7480,7798,24740,25659,-318
86,4.45,6915,7810,27220,25431,-895
87,4.502,7761,7889,26117,25629,-128
88,4.553,7733,7490,25732,25874,243
89,4.605,7637,7532,25196,26018,105
90,4.657,7267,7798,23763,25880,-531
91,4.709,7668,7508,25117,25239,160
92,4.76,7711,7828,24798,25754,-117
93,4.812,7502,7732,24178,25587,-230
94,4.864,7871,7774,27387,25683,97
95,4.915,7462,7877,24744,25796,-415
96,4.967,7612,7683,26763,25401,-71
97,5.019,7793,7562,24899,25623,231
98,5.071,8003,7738,25786,25521,265
99,5.122,7554,7695,26076,25653,-141
100,5.174,6885,7580,23400,25491,-695
101,5.226,7555,7804,24924,25443,-249
102,5.278,7852,7714,25058,25533,138
103,5.329,8040,7847,25771,25587,193
104,5.381,8032,7617,26999,25641,415
105,5.433,7536,7786,25604,25539,-250
106,5.485,7331,8028,25986,25407,-697
107,5.536,7966,7865,25817,25832,101
108,5.588,7833,7744,26259,25689,89
109,5.64,7081,7822,26084,25665,-741
110,5.692,8206,7853,26004,25844,353
111,5.743,6729,7901,26220,25712,-1172
112,5.795,8122,7466,25319,25802,656
113,5.847,7831,7459,24486,25742,372
114,5.899,7625,7478,27090,25269,147
115,5.95,7565,7580,26909,26275,-15
116,6.002,7803,7714,25191,25814,89
117,6.054,8297,7708,25716,25605,589
118,6.106,7839,7508,24665,25365,331
119,6.157,7665,7605,25895,25880,60
120,6.209,7732,7810,25191,25461,-78
121,6.261,6920,7714,24359,25042,-794
122,6.313,7994,7816,24530,25473,178
123,6.364,7654,7877,25585,25718,-223
124,6.416,7735,7629,26716,25335,106
125,6.468,7304,7756,25638,25359,-452
126,6.519,8259,7877,26088,25808,382
127,6.571,7993,8022,23806,25443,-29
128,6.623,8008,7720,25560,25683,288
129,6.675,7919,7828,25677,25659,91
130,6.726,7224,7466,25173,25245,-242
131,6.778,7741,7635,25874,25353,106
132,6.83,7134,7689,24683,25108,-555
133,6.882,6717,7641,25225,25575,-924
134,6.933,7061,7732,24589,25497,-671
135,6.985,8096,7841,26829,25197,255
136,7.037,7784,7665,26961,25263,119
137,7.089,7110,7689,25638,25407,-579
138,7.14,8011,7593,24430,25491,418
139,7.192,7373,7611,25179,25431,-238
140,7.244,7230,7550,25368,25473,-320
141,7.296,7414,7665,25279,25730,-251
142,7.347,6842,7756,23577,25287,-914
143,7.399,7480,7381,25364,25820,99
144,7.451,7603,7653,23860,25359,-50
145,7.503,7255,7550,24796,25521,-295
146,7.554,7717,7647,25493,25503,70
147,7.606,7232,7526,25911,25389,-294
148,7.658,7621,7665,24271,25239,-44
149,7.71,6908,7653,24386,25706,-745
150,7.761,7713,7466,25057,25335,247
151,7.813,7102,7671,26551,25203,-569
152,7.865,7745,7762,25040,25665,-17
153,7.917,8118,7810,24832,25479,308
154,7.968,7477,7647,25307,25796,-170
155,8.02,7228,7701,25196,25461,-473
156,8.072,7488,7587,24796,25473,-99
157,8.123,7748,7708,24242,25162,40
158,8.175,7788,7804,25878,25227,-16
159,8.227,7928,7726,26360,25611,202
160,8.279,7455,7750,25080,25269,-295
161,8.33,7981,7708,25959,25677,273
162,8.382,8224,7762,24453,26186,462
163,8.434,7715,7671,24975,25898,44
164,8.486,7330,7502,25951,25700,-172
165,8.537,8141,7762,25976,25754,379
166,8.589,8320,7762,25894,25754,558
167,8.641,8052,7677,24366,25850,375
168,8.693,7436,7478,23873,25832,-42
169,8.744,6937,7762,25341,25497,-825
170,8.796,7498,7720,26049,25515,-222
171,8.848,7505,7726,28575,25521,-221
172,8.9,8101,7822,25045,25659,279
173,8.951,6833,7738,24340,25599,-905
174,9.003,7383,7937,25552,25335,-554
175,9.055,7739,7720,25537,25126,19
176,9.107,7615,7744,27222,25964,-129
177,9.158,7639,7726,24876,25557,-87
178,9.21,7187,7665,26758,25431,-478
179,9.262,7559,7605,24888,25898,-46
180,9.314,7433,7562,25261,25808,-129
181,9.365,7225,7774,25401,25425,-549
182,9.417,7948,7768,26861,25132,180
183,9.469,8436,7750,26133,25431,686
184,9.521,8638,7714,25763,26060,924
185,9.572,7959,7683,26543,25796,276
186,9.624,8087,7641,26856,25629,446
187,9.676,8024,7786,25475,26012,238
188,9.727,7654,7925,23890,25108,-271
189,9.779,7360,7623,24501,26012,-263
190,9.831,8107,7484,24895,25677,623
191,9.883,7547,7726,26131,25401,-179
192,9.934,7769,7659,25987,25730,110
193,9.986,7782,7720,27125,25784,62
194,10.038,7496,7617,26733,25928,-121
195,10.09,7954,7484,24986,25407,470
196,10.141,7572,7574,24443,25533,-2
197,10.193,7293,7562,26902,25245,-269
198,10.245,7874,7774,24828,25742,100
199,10.297,8349,7786,24874,25790,563
200,10.348,8077,7599,24761,25551,478
201,10.4,7826,7708,26127,25377,118
202,10.452,6766,7599,25322,25587,-833
203,10.504,8111,7798,25272,25683,313
204,10.555,7387,7786,25524,25874,-399
205,10.607,7527,7835,26734,25629,-308
206,10.659,7265,7841,26575,25221,-576
207,10.711,8225,7816,25908,25497,409
208,10.762,7273,7780,25940,25946,-507
209,10.814,7610,7822,24657,25736,-212
210,10.866,6999,7677,24770,25772,-678
211,10.918,7834,7816,27651,25401,18
212,10.969,7797,7810,27456,25617,-13
213,11.021,7353,7786,25769,25796,-433
214,11.073,7995,7816,25953,25659,179
215,11.125,7567,7798,25524,25760,-231
216,11.176,7573,7768,25936,25952,-195
217,11.228,6902,7780,24513,25952,-878
218,11.28,8410,7774,26504,25515,636
219,11.331,7558,7701,25324,25868,-143
220,11.383,7110,7871,27105,25730,-761
221,11.435,7621,7695,24999,25850,-74
222,11.487,7915,7780,25948,25958,135
223,11.538,7678,7683,25191,25892,-5
224,11.59,7649,7617,24191,25778,32
225,11.642,7636,7611,26464,25521,25
226,11.694,7264,7750,25563,25778,-486
227,11.745,8130,7478,25875,25629,652
228,11.797,8044,7411,25450,26156,633
229,11.849,7638,7587,25224,25838,51
230,11.901,7806,7472,24602,25533,334
231,11.952,7494,7459,25745,25730,35
232,12.004,7265,7520,25591,26072,-255
233,12.056,7262,7689,25008,25718,-427
234,12.108,7709,7611,25001,25407,98
235,12.159,7242,7599,25472,25904,-357
236,12.211,7701,7629,24888,25868,72
237,12.263,7363,7520,26385,25635,-157
238,12.315,7651,7520,25635,25718,131
239,12.366,8219,7411,24282,25689,808
240,12.418,7278,7520,25434,25209,-242
241,12.47,7865,7611,25720,25994,254
242,12.522,7913,7641,24485,25461,272
243,12.573,8215,7593,24919,25491,622
244,12.625,7644,7441,27006,25383,203
245,12.677,7859,7617,25571,25677,242
246,12.729,9160,7532,26043,25521,1628
247,12.78,7852,7332,25262,25263,520
248,12.832,8206,7574,26132,25587,632
249,12.884,7199,7568,25379,25593,-369
250,12.935,7414,7629,26322,25718,-215
251,12.987,7801,7502,26573,25748,299
252,13.039,8199,7750,24512,25653,449
253,13.091,8258,7544,26794,25748,714
254,13.142,7283,7345,25524,25329,-62
255,13.194,8123,7605,25408,25760,518
256,13.246,6486,7780,25469,25425,-1294
257,13.298,7653,7580,25534,26042,73
258,13.349,8269,7532,25249,25491,737
259,13.401,8150,7653,24962,25856,497
260,13.453,7114,7580,25693,25563,-466
261,13.505,7786,7617,26012,25467,169
262,13.556,8131,7611,25498,25341,520
263,13.608,7023,7459,25440,25808,-436
264,13.66,7673,7550,24791,25281,123
265,13.712,7589,7786,24737,25569,-197
266,13.763,7869,7574,25525,26114,295
267,13.815,7919,7423,24760,25515,496
268,13.867,7891,7629,25703,25617,262
269,13.919,7671,7472,26487,25587,199
270,13.97,7504,7756,25487,25928,-252
271,14.022,7535,7587,25864,25623,-52
272,14.074,7208,7714,24830,25311,-506
273,14.126,7982,7550,25922,25742,432
274,14.177,7565,7641,25257,25647,-76
275,14.229,8230,7508,26846,25653,722
276,14.281,7836,7659,24965,25898,177
277,14.333,7773,7762,26671,25730,11
278,14.384,7500,7568,26898,25916,-68
279,14.436,7666,7647,25572,25796,19
280,14.488,7451,7387,25223,25958,64
281,14.54,7941,7574,25815,25994,367
282,14.591,7644,7641,27010,25629,3
283,14.643,7565,7520,25587,25892,45
284,14.695,7671,7671,25947,25736,0
285,14.746,8288,7732,25706,25569,556
286,14.798,7986,7744,27577,25892,242
287,14.85,7943,7968,25873,26000,-25
288,14.902,8233,7847,24968,25754,386
289,14.953,7279,7841,25464,25976,-562
290,15.005,8088,7647,24321,26132,441
291,15.057,7451,7883,24988,25689,-432
292,15.109,7812,7744,26541,25814,68
293,15.16,7972,7762,25481,25826,210
294,15.212,7504,7883,26336,25838,-379
295,15.264,7586,7750,25606,25760,-164
296,15.316,7663,7375,25607,25700,288
297,15.367,7260,7835,25178,25706,-575
298,15.419,7675,7635,25022,25479,40
299,15.471,7090,7605,26022,25898,-515
300,15.523,7955,7744,24688,25605,211
301,15.574,7722,7810,26166,25994,-88
302,15.626,8350,7828,24392,25934,522
303,15.678,8309,7744,24596,25814,565
304,15.73,7507,7828,25880,26120,-321
305,15.781,7177,7671,24784,25557,-494
306,15.833,7121,7677,26514,25425,-556
307,15.885,7831,7901,25094,25814,-70
308,15.937,7963,7726,25311,25323,237
309,15.988,7823,7780,25601,25575,43
310,16.04,7211,7587,26888,25623,-376
311,16.092,7260,7550,26752,26030,-290
312,16.144,6775,7514,25485,25898,-739
313,16.195,8026,7587,25711,25551,439
314,16.247,7271,7411,26241,25958,-140
315,16.299,7815,7508,25489,25802,307
316,16.35,7777,7623,25415,25832,154
317,16.402,7456,7453,26702,25575,3
318,16.454,7315,7611,25775,25587,-296
319,16.506,8378,7593,25675,25694,785
320,16.557,7449,7689,26025,25778,-240
321,16.609,7245,7605,24789,26084,-360
322,16.661,7684,7889,26907,25970,-205
323,16.713,7631,7617,25620,25940,14
324,16.764,8468,7647,24606,25886,821
325,16.816,7392,7605,23759,25443,-213
326,16.868,7342,7647,26362,25431,-305
327,16.92,8246,7580,25166,25593,666
328,16.971,7684,7568,26532,25934,116
329,17.023,8608,7780,24852,25419,828
330,17.075,7556,7532,26290,25683,24
331,17.127,7389,7447,25359,25886,-58
332,17.178,8094,7708,24276,25617,386
333,17.23,7431,7689,23892,25617,-258
334,17.282,7848,7429,26172,25748,419
335,17.334,6971,7574,25491,25545,-603
336,17.385,7545,7593,25372,25724,-48
337,17.437,7149,7574,24605,25916,-425
338,17.489,8050,7659,26197,25659,391
339,17.541,7033,7417,24693,25922,-384
340,17.592,7807,7701,25780,26018,106
341,17.644,7370,7635,23198,26126,-265
342,17.696,7431,7677,24697,25712,-246
343,17.748,7025,7689,24072,25641,-664
344,17.799,7864,7538,24431,25413,326
345,17.851,7412,7556,27076,25796,-144
346,17.903,7450,7635,25916,25736,-185
347,17.954,8033,7659,26432,25694,374
348,18.006,7244,7828,24482,26000,-584
349,18.058,8578,7544,25281,25563,1034
350,18.11,6845,7484,25489,26186,-639
351,18.161,7566,7671,25137,25401,-105
352,18.213,7175,7738,24831,25874,-563
353,18.265,7228,7629,25932,25928,-401
354,18.317,7850,7520,25465,25874,330
355,18.368,6864,7750,26065,26012,-886
356,18.42,7837,7786,26126,25581,51
357,18.472,8245,7580,26579,25533,665
358,18.524,7869,7762,26424,25856,107
359,18.575,7273,7720,26852,25718,-447
360,18.627,7653,7587,25425,25718,66
361,18.679,8066,7925,26937,25868,141
362,18.731,7663,7629,25620,25808,34
363,18.782,8004,7580,25179,25718,424
364,18.834,8074,7659,23848,25940,415
365,18.886,7540,7574,24232,25988,-34
366,18.938,7304,7671,25220,25820,-367
367,18.989,7842,7538,26398,26126,304
368,19.041,7380,7659,25466,25844,-279
369,19.093,8076,7780,24619,25772,296
370,19.145,7563,7828,25328,25659,-265
371,19.196,7360,7490,25932,25521,-130
372,19.248,7620,7599,25568,25952,21
373,19.3,8241,7599,26136,26251,642
374,19.352,7674,7738,25656,26018,-64
375,19.403,7091,7683,26043,25413,-592
376,19.455,7071,7587,26276,25569,-516
377,19.507,7853,7780,24104,25838,73
378,19.558,7548,7617,25591,25910,-69
379,19.61,7153,7659,24901,25730,-506
380,19.662,8182,7671,26782,25689,511
381,19.714,7243,7756,26005,25689,-513
382,19.765,8447,7750,25735,25341,697
383,19.817,7965,7695,24901,25683,270
384,19.869,7713,7502,25571,25892,211
385,19.921,7838,7732,26909,26257,106
386,19.972,7568,7774,26030,26066,-206
387,20.024,7980,7738,25230,25599,242
388,20.076,7936,7701,24676,25982,235
389,20.128,8940,7798,25469,26227,1142
390,20.179,10022,7895,24858,25904,2127
391,20.231,9332,7925,25549,25700,1407
392,20.283,8291,7623,25320,25904,668
393,20.335,7648,7623,25222,26042,25
394,20.386,7990,7417,26180,25623,573
395,20.438,6978,7526,24565,25814,-548
396,20.49,8298,7629,24464,25503,669
397,20.542,7871,7387,25669,25575,484
398,20.593,9085,7544,25676,25742,1541
399,20.645,7643,7580,25505,25730,63
400,20.697,8217,7714,25826,25808,503
401,20.749,8655,7786,27288,25994,869
402,20.8,7607,7792,25886,26108,-185
403,20.852,7154,7738,27161,25629,-584
404,20.904,7697,7641,25821,25874,56
405,20.956,8242,7629,25637,25425,613
406,21.007,8109,7587,27003,25904,522
407,21.059,7975,7683,26899,25563,292
408,21.111,7424,7587,25287,26120,-163
409,21.162,7604,7574,25601,25575,30
410,21.214,6830,7550,25514,25874,-720
411,21.266,7615,7502,25569,25419,113
412,21.318,7223,7508,25692,26203,-285
413,21.369,7047,7853,25985,25677,-806
414,21.421,7462,7496,26441,25569,-34
415,21.473,7248,7593,25912,25706,-345
416,21.525,7188,7466,26415,25742,-278
417,21.576,7030,7810,25110,25503,-780
418,21.628,7030,7574,27177,25754,-544
419,21.68,7022,7720,25307,25647,-698
420,21.732,7891,7659,25505,25617,232
421,21.783,8064,7726,25166,25820,338
422,21.835,7822,7593,26399,25263,229
423,21.887,7497,7514,26109,25694,-17
424,21.939,7838,7701,24290,25473,137
425,21.99,8130,7726,24698,25742,404
426,22.042,7644,7665,25347,25563,-21
427,22.094,7713,7762,26171,25856,-49
428,22.146,7946,7738,24865,25790,208
429,22.197,7556,7695,24702,25629,-139
430,22.249,7953,7556,25895,25760,397
431,22.301,8053,7345,26130,25736,708
432,22.353,7646,7714,24310,26066,-68
433,22.404,7599,7587,25029,26132,12
434,22.456,7938,7671,25220,26473,267
435,22.508,7734,7738,24801,25623,-4
436,22.56,7827,7665,24960,25647,162
437,22.611,8445,7871,24979,25874,574
438,22.663,8175,7683,25168,25808,492
439,22.715,8153,7726,25737,25766,427
440,22.766,7746,7562,25852,25820,184
441,22.818,8245,7816,26124,25874,429
442,22.87,7313,7720,24946,25419,-407
443,22.922,7624,7435,25737,25946,189
444,22.973,7969,7641,24992,26515,328
445,23.025,7356,7653,25902,25970,-297
446,23.077,7877,7605,27814,25599,272
447,23.129,7377,7550,26572,25665,-173
448,23.18,7242,7556,24249,25838,-314
449,23.232,7257,7417,24565,25928,-160
450,23.284,7679,7478,25433,26227,201
451,23.336,7341,7641,23899,25766,-300
452,23.387,7287,7641,25567,25623,-354
453,23.439,7416,7641,27416,25874,-225
454,23.491,7021,7780,26441,26006,-759
455,23.543,7623,7550,25453,25778,73
456,23.594,7723,7580,24894,25808,143
457,23.646,7889,7683,26373,26042,206
458,23.698,8174,7671,24826,26006,503
459,23.75,7506,7466,25150,25754,40
460,23.801,8067,7472,25560,25856,595
461,23.853,8936,7447,25575,25551,1489
462,23.905,7327,7593,25523,25880,-266
463,23.957,8329,7804,24410,25671,525
464,24.008,7265,7556,25385,25760,-291
465,24.06,7262,7617,25620,25994,-355
466,24.112,7964,7629,26248,25772,335
467,24.164,7179,7750,26055,25683,-571
468,24.215,7804,7695,25762,25814,109
469,24.267,7775,7714,25316,25521,61
470,24.319,7396,7701,24523,25671,-305
471,24.37,7510,7593,25436,26209,-83
472,24.422,7441,7617,25881,25671,-176
473,24.474,7160,7653,26322,25635,-493
474,24.526,7113,7538,27639,25910,-425
475,24.577,7538,7587,26176,25766,-49
476,24.629,7795,7429,25104,25766,366
477,24.681,7483,7629,26109,25563,-146
478,24.733,7391,7701,25370,25730,-310
479,24.784,7537,7647,26434,25952,-110
480,24.836,7460,7617,25653,25838,-157
481,24.888,7383,7526,26212,25856,-143
482,24.94,7701,7526,25952,25946,175
483,24.991,7841,7732,25376,26018,109
484,25.043,8016,7629,28728,25976,387
485,25.095,6590,7774,26628,25868,-1184
486,25.147,7617,7508,26481,25671,109
487,25.198,7215,7665,26467,25880,-450
488,25.25,7356,7665,25122,25689,-309
489,25.302,8215,7617,26938,25539,598
490,25.354,8025,7756,25859,25449,269
491,25.405,7094,7550,26055,25329,-456
492,25.457,7972,7653,25764,25964,319
493,25.509,7837,7611,25676,25946,226
494,25.561,6998,7659,26500,25898,-661
495,25.612,7346,7568,24970,25174,-222
496,25.664,7718,7599,25700,26018,119
497,25.716,7773,7605,25223,25808,168
498,25.768,7073,7635,25128,25557,-562
499,25.819,7251,7496,26736,26006,-245
500,25.871,7613,7750,27145,25868,-137
501,25.923,7589,7671,26176,26024,-82
502,25.974,7817,7496,26468,25503,321
503,26.026,8040,7671,25242,25916,369
504,26.078,7148,7544,25601,25802,-396
505,26.13,7079,7447,26333,25605,-368
506,26.181,6937,7574,26019,25784,-637
507,26.233,8046,7744,24865,25832,302
508,26.285,7813,7459,25996,25748,354
509,26.337,7581,7841,25484,25341,-260
510,26.388,7674,7502,26648,25904,172
511,26.44,8015,7568,25798,25467,447
512,26.492,7620,7629,24809,25563,-9
513,26.544,7664,7659,26822,25778,5
514,26.595,7552,7623,25457,25826,-71
515,26.647,7499,7889,25241,25964,-390
516,26.699,7242,7665,27098,25724,-423
517,26.751,7665,7708,27389,25485,-43
518,26.802,7892,7847,26454,25910,45
519,26.854,7845,7689,25180,25958,156
520,26.906,6886,7780,24451,25880,-894
521,26.958,7643,7587,25599,25922,56
522,27.009,7152,7514,24132,25838,-362
523,27.061,7613,7532,26812,25904,81
524,27.113,7588,7411,25557,25712,177
525,27.165,7035,7792,25494,26245,-757
526,27.216,7565,7550,27015,26174,15
527,27.268,7706,7447,25445,25593,259
528,27.32,7415,7484,26333,26132,-69
529,27.372,7806,7605,24250,25796,201
530,27.423,7377,7550,25767,25730,-173
531,27.475,7830,7665,25145,25748,165
532,27.527,7737,7629,25246,26126,108
533,27.578,7403,7714,24532,25988,-311
534,27.63,8293,7762,25587,25389,531
535,27.682,7438,7574,27165,26383,-136
536,27.734,7673,7623,25930,25689,50
537,27.785,7351,7744,26502,26174,-393
538,27.837,7398,7599,25164,25838,-201
539,27.889,7453,7580,25032,26036,-127
540,27.941,7496,7671,25586,25413,-175
541,27.992,7393,7677,25011,25671,-284
542,28.044,6608,7665,25594,25772,-1057
543,28.096,7490,7659,26077,25683,-169
544,28.148,7269,7526,26226,26191,-257
545,28.199,7005,7520,25203,25653,-515
546,28.251,7360,7835,25432,26162,-475
547,28.303,7775,7756,25438,25694,19
548,28.355,7558,7786,26347,25617,-228
549,28.406,7690,7568,24677,26156,122
550,28.458,7532,7375,25909,26102,157
551,28.51,6950,7453,26842,25665,-503
552,28.562,7416,7375,25083,25581,41
553,28.613,7014,7556,24211,25677,-542
554,28.665,7965,7726,26209,25814,239
555,28.717,8114,7611,26493,25760,503
556,28.769,7673,7599,25809,26144,74
557,28.82,7592,7562,26956,25958,30
558,28.872,7828,7611,27478,25958,217
559,28.924,7441,7532,25006,26030,-91
560,28.976,7390,7605,24973,25964,-215
561,29.027,7251,7641,26575,25958,-390
562,29.079,7884,7484,25155,26018,400
563,29.131,7624,7538,24948,26078,86
564,29.182,8022,7508,25881,25850,514
565,29.234,7611,7653,27208,25425,-42
566,29.286,7189,7587,26545,25623,-398
567,29.338,7586,7556,25461,25940,30
568,29.389,8114,7351,25326,26048,763
569,29.441,7202,7665,24441,25665,-463
570,29.493,7333,7647,25817,26018,-314
571,29.545,8001,7720,25425,25539,281
572,29.596,7425,7853,26191,26473,-428
573,29.648,8103,7683,24961,25778,420
574,29.7,7132,7496,25804,25892,-364
575,29.752,7307,7580,24125,25605,-273
576,29.803,7622,7587,24769,26156,35
577,29.855,7633,7502,26739,26144,131
578,29.907,7961,7810,26551,25653,151
579,29.959,7187,7532,25036,26180,-345
580,30.01,7828,7447,24923,25916,381
581,30.062,7211,7568,24944,25473,-357
582,30.114,7523,7514,25699,25982,9
583,30.166,7190,7623,26827,25868,-433
584,30.217,7433,7738,25869,25988,-305
585,30.269,7642,7568,24479,26000,74
586,30.321,7257,7774,25893,26054,-517
587,30.373,7105,7508,25122,25934,-403
588,30.424,7579,7484,26991,26174,95
589,30.476,7215,7484,25886,26102,-269
590,30.528,7454,7453,25621,25383,1
591,30.58,7760,7453,24007,25832,307
592,30.631,7138,7345,25715,25880,-207
593,30.683,8181,7520,25029,25575,661
594,30.735,7526,7587,25928,26126,-61
595,30.786,7508,7520,24543,26162,-12
596,30.838,7503,7538,27269,25892,-35
597,30.89,7433,7701,25669,25790,-268
598,30.942,7799,7641,24595,25796,158
599,30.993,8190,7768,25794,25982,422
600,31.045,7628,7514,25669,25689,114
601,31.097,7468,7726,25748,25754,-258
602,31.149,7936,7472,25556,25958,464
603,31.2,7197,7550,24926,25766,-353
604,31.252,7341,7447,26597,25683,-106
605,31.304,7515,7526,26425,26251,-11
606,31.356,7505,7865,26056,26060,-360
607,31.407,8577,7623,26520,26108,954
608,31.459,7350,7629,25375,25527,-279
609,31.511,7637,7804,25663,25647,-167
610,31.563,7125,7508,26141,26239,-383
611,31.614,7440,7556,25465,25910,-116
612,31.666,8143,7617,25595,25545,526
613,31.718,7245,7756,24228,25671,-511
614,31.77,7812,7611,26152,25862,201
615,31.821,7503,7568,25735,25790,-65
616,31.873,7246,7605,24150,25916,-359
617,31.925,8233,7599,26436,26090,634
618,31.977,7304,7580,25087,25802,-276
619,32.028,7892,7774,24524,26036,118
620,32.08,7104,7562,26302,25844,-458
621,32.132,7055,7562,26889,25934,-507
622,32.184,7149,7466,25585,25587,-317
623,32.235,8724,7623,23598,25964,1101
624,32.287,7376,7659,25773,25898,-283
625,32.339,7797,7671,26767,26180,126
626,32.39,7826,7659,25145,25754,167
627,32.442,6975,7550,25452,25988,-575
628,32.494,7454,7623,25679,25886,-169
629,32.546,7494,7544,26068,25527,-50
630,32.597,7360,7508,25834,25964,-148
631,32.649,7852,7587,25131,25647,265
632,32.701,7998,7859,25778,26269,139
633,32.753,7393,7587,26587,26090,-194
634,32.804,8103,7593,24825,25700,510
635,32.856,7443,7574,26321,26054,-131
636,32.908,8142,7659,25727,26096,483
637,32.96,7685,7641,25412,25952,44
638,33.011,7584,7526,25811,26042,58
639,33.063,7505,7847,25794,26066,-342
640,33.115,7342,7671,24524,26036,-329
641,33.167,7530,7641,25005,25868,-111
642,33.218,7580,7550,24988,26114,30
643,33.27,7473,7593,25395,26108,-120
644,33.322,7818,7605,25295,25671,213
645,33.374,7653,7647,26129,25766,6
646,33.425,7996,7574,25790,26084,422
647,33.477,7937,7907,25924,25910,30
648,33.529,8425,7889,25288,26054,536
649,33.581,7902,8010,26397,25850,-108
650,33.632,8169,7980,25055,26168,189
651,33.684,8450,7871,25491,25856,579
652,33.736,8411,7804,25985,25970,607
653,33.788,8855,8083,24355,25994,772
654,33.839,7319,7762,25653,25611,-443
655,33.891,8110,7792,27260,26096,318
656,33.943,7760,7508,26288,25964,252
657,33.994,7672,7484,27625,26197,188
658,34.046,7253,7611,24075,26203,-358
659,34.098,7640,7714,25532,25736,-74
660,34.15,6882,7363,26329,25946,-481
661,34.201,7732,7514,26224,25772,218
662,34.253,8009,7453,26770,25856,556
663,34.305,8373,7459,26516,26221,914
664,34.357,8289,7587,26009,26054,702
665,34.408,8092,7435,25257,25455,657
666,34.46,7393,7544,25261,26257,-151
667,34.512,8010,7556,25213,26120,454
668,34.564,7292,7720,26539,26299,-428
669,34.615,7541,7756,25708,25317,-215
670,34.667,7341,7744,26574,26132,-403
671,34.719,7348,7526,26232,26018,-178
672,34.771,7582,7580,26209,25964,2
673,34.822,6749,7665,26822,25922,-916
674,34.874,7467,7447,25648,26072,20
675,34.926,7416,7665,24718,25934,-249
676,34.978,8024,7459,24859,26102,565
677,35.029,7879,7635,26184,25742,244
678,35.081,8309,7447,25400,25677,862
679,35.133,7635,7580,27078,26197,55
680,35.185,6987,7550,26041,26239,-563
681,35.236,7569,7435,24831,25407,134
682,35.288,8233,7744,24122,26359,489
683,35.34,7897,7605,25044,25844,292
684,35.392,8696,7671,25828,25730,1025
685,35.443,9211,7720,25295,25868,1491
686,35.495,8264,7720,25520,25844,544
687,35.547,7691,7738,25246,25994,-47
688,35.598,7493,7411,24765,25653,82
689,35.65,7378,7617,25381,25718,-239
690,35.702,8778,7587,25409,26078,1191
691,35.754,8120,7593,27927,26156,527
692,35.805,8026,7641,26568,26078,385
693,35.857,8117,7695,25155,25706,422
694,35.909,7724,7689,25767,26329,35
695,35.961,7739,7780,26309,25724,-41
696,36.012,7126,7768,25238,26024,-642
697,36.064,7394,7714,25070,26084,-320
698,36.116,7721,7738,26133,26120,-17
699,36.168,8077,7701,26753,25778,376
700,36.219,7411,7617,26421,25641,-206
701,36.271,7683,7568,26130,25653,115
702,36.323,8117,7816,25220,26018,301
703,36.375,7449,7701,24733,25706,-252
704,36.426,7859,7822,24760,25820,37
705,36.478,7771,7774,25778,25641,-3
706,36.53,7887,7810,24995,25635,77
707,36.582,7773,7810,25054,25748,-37
708,36.633,8311,7665,24926,25934,646
709,36.685,7781,7798,26130,26233,-17
710,36.737,7718,7514,25230,25539,204
711,36.789,7568,7580,25694,25832,-12
712,36.84,7822,7568,25456,26299,254
713,36.892,7377,7484,25627,25892,-107
714,36.944,7612,7635,26051,25952,-23
715,36.996,7274,7556,25218,25581,-282
716,37.047,7317,7580,26396,25527,-263
717,37.099,7846,7732,25039,26233,114
718,37.151,7445,7738,26149,25629,-293
719,37.202,7562,7466,23845,25856,96
720,37.254,7516,7538,25631,25527,-22
721,37.306,8019,7514,25180,25293,505
722,37.358,8009,7387,23476,25952,622
723,37.409,7618,7677,25926,26006,-59
724,37.461,7596,7593,27659,25802,3
725,37.513,7198,7484,26151,25958,-286
726,37.565,6911,7695,27887,25976,-784
727,37.616,6967,7568,26213,26006,-601
728,37.668,7394,7629,25348,25605,-235
729,37.72,7577,7695,25839,25515,-118
730,37.772,7032,7447,24916,25754,-415
731,37.823,7848,7375,25989,25844,473
732,37.875,7156,7629,24741,25467,-473
733,37.927,7652,7768,26740,25677,-116
734,37.979,7251,7611,26364,25617,-360
735,38.03,7023,7647,26179,25868,-624
736,38.082,7189,7726,24537,25473,-537
737,38.134,6877,7786,24046,25922,-909
738,38.186,7139,7496,25001,25856,-357
739,38.237,7273,7653,25618,25677,-380
740,38.289,7774,7714,26472,25683,60
741,38.341,7301,7695,24854,25683,-394
742,38.393,7552,7599,25189,25826,-47
743,38.444,7028,7780,25828,25784,-752
744,38.496,7758,7695,26232,26078,63
745,38.548,7504,7447,25298,25341,57
746,38.6,7680,7472,25072,25694,208
747,38.651,7720,7593,25799,25647,127
748,38.703,7663,7635,26808,25994,28
749,38.755,6784,7629,24643,25928,-845
750,38.806,7952,7405,26369,25593,547
751,38.858,7094,7635,25865,25748,-541
752,38.91,7587,7429,24244,26042,158
753,38.962,8148,7750,25889,26329,398
754,39.013,7762,7496,25209,25880,266
755,39.065,7160,7508,25586,25988,-348
756,39.117,7466,7580,25382,25874,-114
757,39.169,7105,7538,27106,25736,-433
758,39.22,6788,7532,26952,25916,-744
759,39.272,7715,7677,26560,26042,38
760,39.324,8093,7798,23674,26174,295
761,39.376,7284,7393,25364,25772,-109
762,39.427,7263,7393,24516,26072,-130
763,39.479,7603,7417,26374,25599,186
764,39.531,7796,7508,25746,25724,288
765,39.583,8012,7520,25546,25874,492
766,39.634,7670,7574,25045,26096,96
767,39.686,7894,7502,25803,25796,392
768,39.738,7795,7677,25309,25467,118
769,39.79,7735,7762,25659,25874,-27
770,39.841,7862,7568,24549,25892,294
771,39.893,7263,7411,24910,25916,-148
772,39.945,7258,7490,25421,25976,-232
773,39.997,7817,7587,26452,25790,230
774,40.048,7911,7484,26871,25491,427
775,40.1,6968,7623,25866,26191,-655
776,40.152,7795,7641,25540,25641,154
777,40.204,7203,7490,26838,25509,-287
778,40.255,7972,7738,27382,25892,234
779,40.307,7893,7701,24170,26060,192
780,40.359,7612,7792,24884,25928,-180
781,40.41,7960,7574,26188,25778,386
782,40.462,7997,7544,24942,25826,453
783,40.514,7426,7647,25850,26407,-221
784,40.566,7323,7629,25495,25982,-306
785,40.617,6993,7411,25146,25892,-418
786,40.669,7731,7411,25508,25772,320
787,40.721,6768,7738,26353,24952,-970
788,40.773,7544,7617,25445,26054,-73
789,40.824,7383,7459,26671,25856,-76
790,40.876,7480,7538,27172,25940,-58
791,40.928,7618,7744,25419,26162,-126
792,40.98,7533,7611,24903,26114,-78
793,41.031,7500,7574,25398,26197,-74
794,41.083,7980,7478,26285,26162,502
795,41.135,8384,7635,26096,25683,749
796,41.187,7222,7538,24853,26305,-316
797,41.238,6735,7683,25608,25784,-948
798,41.29,7507,7611,24959,25976,-104
799,41.342,7415,7502,26447,25838,-87
800,41.394,7593,7466,23822,26203,127
801,41.445,7504,7587,26634,25928,-83
802,41.497,8347,7562,25235,25850,785
803,41.549,7993,7635,26562,25820,358
804,41.601,7989,7720,25131,25778,269
805,41.652,7935,7526,26619,25934,409
806,41.704,8049,7629,24677,26042,420
807,41.756,7717,7689,26657,26108,28
808,41.808,8023,7490,25871,26042,533
809,41.859,7518,7502,24991,25892,16
810,41.911,7636,7756,25212,26281,-120
811,41.963,7898,7562,26644,26078,336
812,42.015,7684,7665,26286,26491,19
813,42.066,7262,7671,26966,26012,-409
814,42.118,7763,7617,25917,25904,146
815,42.17,7719,7847,24422,25862,-128
816,42.221,7910,7611,24858,26018,299
817,42.273,7988,7653,24960,26000,335
818,42.325,7881,7490,25216,25868,391
819,42.377,7207,7677,25461,25970,-470
820,42.428,7118,7744,25668,26263,-626
821,42.48,7631,7538,26197,25629,93
822,42.532,8032,7732,25389,25958,300
823,42.584,7732,7562,25082,26581,170
824,42.635,6925,7580,26649,26000,-655
825,42.687,7313,7472,26718,26132,-159
826,42.739,8149,7683,26249,25898,466
827,42.791,8023,7429,25826,26030,594
828,42.842,7081,7574,26958,25880,-493
829,42.894,7643,7472,25701,25844,171
830,42.946,8817,7453,26554,26024,1364
831,42.998,7180,7659,26058,26024,-479
832,43.049,8204,7647,26983,25964,557
833,43.101,7460,7574,25604,25922,-114
834,43.153,7914,7502,25474,26203,412
835,43.205,7510,7635,25453,25868,-125
836,43.256,8734,7490,25330,25868,1244
837,43.308,8209,7502,25193,25766,707
838,43.36,7642,7490,26293,25952,152
839,43.412,7571,7605,24087,26461,-34
840,43.463,7752,7580,26394,25712,172
841,43.515,8193,7593,25887,26377,600
842,43.567,8437,7466,25839,25832,971
843,43.619,7085,7538,25212,25850,-453
844,43.67,7477,7574,26531,26054,-97
845,43.722,7932,7798,25579,26263,134
846,43.774,7139,7877,27613,26168,-738
847,43.825,7624,7635,26897,25838,-11
848,43.877,7222,7502,25952,26126,-280
849,43.929,7329,7423,24811,25982,-94
850,43.981,7665,7665,26522,25838,0
851,44.032,7911,7726,25463,25976,185
852,44.084,7809,7532,26398,26084,277
853,44.136,7336,7665,26534,26186,-329
854,44.188,7295,7629,26360,25856,-334
855,44.239,7592,7514,26046,26030,78
856,44.291,7941,7484,25731,26072,457
857,44.343,8179,7574,25524,26030,605
858,44.395,7512,7459,26009,26191,53
859,44.446,7428,7381,25582,25766,47
860,44.498,7150,7508,25843,25766,-358
861,44.55,7986,7635,25783,26072,351
862,44.602,7754,7363,25104,25868,391
863,44.653,8239,7665,25293,26024,574
864,44.705,7704,7508,24529,25898,196
865,44.757,7313,7925,27109,26024,-612
866,44.809,7984,7580,26555,25868,404
867,44.86,7518,7556,25861,25916,-38
868,44.912,7610,7605,24656,25718,5
869,44.964,7402,7726,24928,25730,-324
870,45.016,7467,7683,26141,26024,-216
871,45.067,7556,7695,26011,25665,-139
872,45.119,7688,7375,27351,25641,313
873,45.171,8134,7532,25511,26072,602
874,45.223,8024,7659,25753,26000,365
875,45.274,7894,7550,26070,25748,344
876,45.326,7599,7889,25035,25736,-290
877,45.378,8206,7562,25412,26060,644
878,45.429,7711,7653,25076,26036,58
879,45.481,7283,7611,26012,25503,-328
880,45.533,7776,7617,25292,25677,159
881,45.585,7541,7659,25614,25509,-118
882,45.636,7833,7550,26466,26108,283
883,45.688,7447,7665,25028,25706,-218
884,45.74,7061,7429,26499,26203,-368
885,45.792,7073,7393,24792,25784,-320
886,45.843,8194,7538,25728,25712,656
887,45.895,7353,7393,24830,26257,-40
888,45.947,7927,7653,27646,26018,274
889,45.999,7684,7605,26293,26102,79
890,46.05,7757,7617,27242,25880,140
891,46.102,7707,7556,25927,25425,151
892,46.154,7397,7726,27126,26012,-329
893,46.206,8207,7677,26225,25958,530
894,46.257,8145,7671,26200,26036,474
895,46.309,7166,7587,26693,25916,-421
896,46.361,7611,7538,24010,26084,73
897,46.413,8182,7429,26024,26251,753
898,46.464,7581,7708,25650,25946,-127
899,46.516,7183,7798,26089,25970,-615
900,46.568,7799,7641,26543,25946,158
901,46.62,7439,7453,26016,26126,-14
902,46.671,7891,7375,25592,26221,516
903,46.723,7349,7659,26867,25611,-310
904,46.775,7421,7683,25491,25814,-262
905,46.827,7516,7423,24637,25838,93
906,46.878,7992,7514,25006,26012,478
907,46.93,7634,7629,26351,25539,5
908,46.982,7600,7665,25060,25611,-65
909,47.033,7890,7405,26445,26120,485
910,47.085,7745,7447,24878,25635,298
911,47.137,7966,7695,25141,26108,271
912,47.189,8009,7756,26343,25904,253
913,47.24,7363,7568,26183,25844,-205
914,47.292,7635,7466,26672,26156,169
915,47.344,7563,7701,24766,25742,-138
916,47.396,7119,7647,25730,26114,-528
917,47.447,7726,7447,26870,26030,279
918,47.499,8084,7399,25737,25904,685
919,47.551,7822,7792,25545,26191,30
920,47.603,8394,7526,26692,25886,868
921,47.654,7727,7459,25308,26138,268
922,47.706,7488,7435,26058,26144,53
923,47.758,7847,7514,25681,26353,333
924,47.81,7865,7708,26221,25952,157
925,47.861,7469,7587,25916,25778,-118
926,47.913,7477,7435,25079,26317,42
927,47.965,8300,7708,26360,26132,592
928,48.017,7500,7659,24088,26180,-159
929,48.068,7240,7447,27428,25982,-207
930,48.12,7711,7580,25633,25742,131
931,48.172,7580,7490,27171,26156,90
932,48.224,7805,7411,27627,25706,394
933,48.275,7302,7520,25600,25904,-218
934,48.327,8069,7587,27332,25982,482
935,48.379,7471,7653,25998,26221,-182
936,48.431,7946,7617,25530,25802,329
937,48.482,7468,7574,25460,26245,-106
938,48.534,7626,7714,25183,25928,-88
939,48.586,7406,7780,26040,26156,-374
940,48.637,8055,7580,25960,25910,475
941,48.689,7524,7714,25011,25964,-190
942,48.741,7544,7544,27740,25796,0
943,48.793,8223,7720,25485,26281,503
944,48.844,7580,7593,26205,26120,-13
945,48.896,7649,7568,24203,26054,81
946,48.948,7809,7756,25686,25730,53
947,49.0,7696,7532,26980,25940,164
948,49.051,7850,7659,24714,26072,191
949,49.103,7932,7671,24444,25706,261
950,49.155,7898,7514,26240,25832,384
951,49.207,7242,7459,26229,25832,-217
952,49.258,7619,7587,24361,25994,32
953,49.31,8098,7683,25303,26485,415
954,49.362,7393,7744,26092,25551,-351
955,49.414,8071,7822,23785,26144,249
956,49.465,7794,7345,25543,25431,449
957,49.517,7475,7514,25567,26144,-39
958,49.569,8510,7714,25319,26323,796
959,49.621,7594,7605,26627,26138,-11
960,49.672,7483,7568,25711,25874,-85
961,49.724,7431,7635,26259,26311,-204
962,49.776,7387,7526,27867,26048,-139
963,49.828,7576,7411,27585,25952,165
964,49.879,7922,7665,26256,26024,257
965,49.931,7477,7574,26485,25970,-97
966,49.983,8145,7804,25868,26084,341
967,50.035,8270,7574,24889,26030,696
968,50.086,7678,7562,26591,25856,116
969,50.138,7410,7635,27831,26120,-225
970,50.19,7509,7605,27550,26455,-96
971,50.241,7915,7580,25270,25766,335
972,50.293,7764,7587,26269,26084,177
973,50.345,7737,7514,24774,25916,223
974,50.397,7877,7695,26519,25659,182
975,50.448,7965,7556,25366,25964,409
976,50.5,8001,7611,25228,26311,390
977,50.552,8083,7580,26954,26006,503
978,50.604,7504,7726,26467,25754,-222
979,50.655,7823,7671,25261,25898,152
980,50.707,8215,7708,25980,26293,507
981,50.759,7755,7629,25340,25760,126
982,50.811,8003,7671,26562,25940,332
983,50.862,7285,7816,25516,25599,-531
984,50.914,7381,7532,25753,25982,-151
985,50.966,7829,7653,24497,26120,176
986,51.018,7389,7514,25143,25760,-125
987,51.069,6850,7623,26507,25826,-773
988,51.121,8187,7653,27058,26197,534
989,51.173,7806,7671,25631,25886,135
990,51.225,8399,7671,25900,26138,728
991,51.276,6852,7593,24357,25970,-741
992,51.328,7122,7587,26645,25862,-465
993,51.38,7937,7647,26755,26191,290
994,51.432,8323,7641,25822,26144,682
995,51.483,7895,7768,24395,26114,127
996,51.535,8025,7726,26246,25874,299
997,51.587,7543,7732,25724,25557,-189
998,51.639,8025,7605,25592,26239,420
999,51.69,8368,7641,25387,26024,727
