frame,Time [s],CH1,BGND1,CH2,BGND2,intensity
0,0.0,15744,12929,75628,62853,2815
1,0.052,14017,12529,73418,62823,1488
2,0.103,14900,12674,75569,61602,2226
3,0.155,15601,12602,78053,62665,2999
4,0.207,14408,12656,72842,62149,1752
5,0.259,14713,12590,74736,63680,2123
6,0.31,15303,12517,77257,62501,2786
7,0.362,14598,12777,74008,62197,1821
8,0.414,15835,12850,74736,62191,2985
9,0.466,14272,12293,75455,62337,1979
10,0.517,16022,12481,76043,62367,3541
11,0.569,15235,12572,77516,62398,2663
12,0.621,15572,12590,74306,62896,2982
13,0.673,15382,12741,73283,62580,2641
14,0.724,13152,12559,72421,62860,593
15,0.776,13897,12402,72866,62355,1495
16,0.828,13929,12299,73617,62301,1630
17,0.88,15103,12632,76344,63005,2471
18,0.931,15479,12215,74091,62635,3264
19,0.983,13935,12608,76956,62483,1327
20,1.035,13131,12203,74298,62592,928
21,1.087,15447,12366,73007,62264,3081
22,1.138,14365,12511,74030,62926,1854
23,1.19,15888,12324,74112,62647,3564
24,1.242,15775,12511,72054,61997,3264
25,1.294,15147,12342,75076,62167,2805
26,1.345,14451,12662,75626,62319,1789
27,1.397,15853,12372,76352,61778,3481
28,1.449,16017,12396,75040,62665,3621
29,1.501,15059,12209,73281,62489,2850
30,1.552,14899,12118,72888,62367,2781
31,1.604,14821,12832,74851,61511,1989
32,1.656,14096,12578,75286,61268,1518
33,1.707,14831,12360,72204,61565,2471
34,1.759,14266,12360,72894,62568,1906
35,1.811,14925,12499,73888,61614,2426
36,1.863,13998,12348,72194,61480,1650
37,1.914,14946,12535,72702,60952,2411
38,1.966,14608,12275,71087,61887,2333
39,2.018,15512,12535,73180,61936,2977
40,2.07,14779,12959,72994,61189,1820
41,2.121,14625,12481,74265,62896,2144
42,2.173,14526,12463,75816,62355,2063
43,2.225,15111,12251,75721,62440,2860
44,2.277,14082,12487,75503,61663,1595
45,2.328,15290,12487,73611,61705,2803
46,2.38,14757,12196,74228,61577,2561
47,2.432,15051,12281,75077,62179,2770
48,2.484,13693,12765,74282,61304,928
49,2.535,14516,12390,73161,61948,2126
50,2.587,15200,12311,75757,61559,2889
51,2.639,14748,12426,76802,62051,2322
52,2.691,15135,12378,75503,61893,2757
53,2.742,14716,12118,71810,61675,2598
54,2.794,14906,12003,72963,61590,2903
55,2.846,14691,12602,73223,62179,2089
56,2.898,14647,12469,74390,61426,2178
57,2.949,14718,12233,69858,62070,2485
58,3.001,14925,12372,72802,62076,2553
59,3.053,15366,12130,70431,61371,3236
60,3.105,14185,12299,69528,61547,1886
61,3.156,14742,11924,74317,62841,2818
62,3.208,15501,12148,71377,61243,3353
63,3.26,14131,12027,71639,61413,2104
64,3.311,14334,12414,72114,61948,1920
65,3.363,12516,12227,70403,61401,289
66,3.415,14399,11942,71223,61559,2457
67,3.467,14439,12160,71725,61231,2279
68,3.518,14697,12432,71692,61328,2265
69,3.57,15870,12233,73770,61255,3637
70,3.622,13437,12275,70650,60915,1162
71,3.674,15039,12330,68231,61383,2709
72,3.725,13941,12136,70527,61407,1805
73,3.777,15391,11967,69484,61814,3424
74,3.829,15506,11954,72584,61547,3552
75,3.881,15732,12063,72066,60502,3669
76,3.932,14374,12015,72166,61328,2359
77,3.984,14044,11930,70418,61474,2114
78,4.036,15271,12118,71749,62070,3153
79,4.088,15312,11912,70286,61231,3400
80,4.139,13359,12160,75258,60453,1199
81,4.191,15515,12142,71204,61529,3373
82,4.243,15517,12106,71197,60465,3411
83,4.295,15589,11894,70115,61170,3695
84,4.346,15651,12082,71094,61377,3569
85,4.398,14237,11954,70566,60964,2283
86,4.45,15610,12305,72022,60696,3305
87,4.502,15118,11779,70954,60818,3339
88,4.553,15560,12251,70067,61462,3309
89,4.605,15354,12112,72144,60520,3242
90,4.657,15179,11973,71699,60958,3206
91,4.709,14369,11755,69197,61833,2614
92,4.76,14472,12166,70462,61462,2306
93,4.812,15399,11840,74206,60848,3559
94,4.864,14928,12033,75765,61061,2895
95,4.915,14723,12112,72873,61018,2611
96,4.967,15997,12620,71581,61699,3377
97,5.019,15168,12203,72658,60727,2965
98,5.071,14840,12172,69003,61219,2668
99,5.122,14922,11749,70380,61091,3173
100,5.174,15768,11991,71423,60222,3777
101,5.226,14272,11973,69633,61693,2299
102,5.278,15474,11846,72839,61140,3628
103,5.329,15031,11906,71901,60405,3125
104,5.381,15076,11918,70593,61219,3158
105,5.433,13224,12027,71784,60484,1197
106,5.485,14736,11973,73446,61316,2763
107,5.536,14885,12057,71582,59584,2828
108,5.588,14673,11749,69589,60180,2924
109,5.64,13858,11924,72638,60854,1934
110,5.692,13913,11706,72110,60198,2207
111,5.743,14809,11827,69695,60077,2982
112,5.795,15744,11579,69555,60113,4165
113,5.847,14654,11973,71807,59797,2681
114,5.899,15494,11634,72537,60180,3860
115,5.95,14206,11876,70599,60526,2330
116,6.002,15124,11682,71690,60441,3442
117,6.054,15619,11592,72463,60964,4027
118,6.106,14385,11706,71108,60107,2679
119,6.157,15049,11791,73191,60314,3258
120,6.209,14702,11749,68970,61055,2953
121,6.261,13870,11646,69887,60538,2224
122,6.313,15256,11761,72203,60374,3495
123,6.364,14723,11991,67356,60751,2732
124,6.416,16343,11785,71551,60222,4558
125,6.468,13673,11846,70949,60107,1827
126,6.519,14165,11700,71439,60623,2465
127,6.571,13795,11761,69677,61328,2034
128,6.623,14877,11682,68371,60611,3195
129,6.675,13982,11713,70285,61018,2269
130,6.726,13158,11507,70167,60198,1651
131,6.778,14298,11513,70534,61012,2785
132,6.83,13181,11501,72791,60162,1680
133,6.882,13333,11501,71082,60988,1832
134,6.933,14120,11719,69116,61462,2401
135,6.985,13320,11797,69084,60168,1523
136,7.037,14088,11700,69748,60156,2388
137,7.089,13040,11495,69790,60988,1545
138,7.14,14451,11827,69792,60344,2624
139,7.192,15081,11749,71839,60259,3332
140,7.244,13959,11458,69677,59572,2501
141,7.296,15386,11543,71796,60210,3843
142,7.347,14364,11688,68458,60326,2676
143,7.399,15250,11495,70369,60617,3755
144,7.451,14168,11525,70341,59779,2643
145,7.503,14555,11549,69052,59524,3006
146,7.554,14176,11664,68924,59961,2512
147,7.606,14646,11549,68149,59633,3097
148,7.658,14249,11307,69100,60156,2942
149,7.71,14325,11325,69676,59906,3000
150,7.761,14949,11719,70933,59973,3230
151,7.813,14528,11331,70810,60222,3197
152,7.865,14311,11458,69351,60174,2853
153,7.917,14316,11404,69409,61213,2912
154,7.968,15596,11343,69236,59663,4253
155,8.02,14863,11386,68739,58734,3477
156,8.072,15085,11319,67652,60301,3766
157,8.123,15129,11688,68756,59748,3441
158,8.175,12962,11422,71488,59390,1540
159,8.227,11363,11216,69400,59202,147
160,8.279,11325,11265,67816,58673,60
161,8.33,10764,11489,70512,60095,-725
162,8.382,10758,11422,71409,58679,-664
163,8.434,11486,11337,70968,59937,149
164,8.486,11849,11120,68656,59518,729
165,8.537,11473,11579,67920,60150,-106
166,8.589,11884,11374,68022,59803,510
167,8.641,10931,11229,68411,58661,-298
168,8.693,12086,11035,68151,59493,1051
169,8.744,11470,11331,69888,59408,139
170,8.796,11352,11259,70904,59840,93
171,8.848,12375,11259,67749,59366,1116
172,8.9,11585,10841,67448,59305,744
173,8.951,11288,11077,71202,58406,211
174,9.003,10925,10980,71471,58788,-55
175,9.055,12100,11331,69316,59335,769
176,9.107,12637,11325,68549,59463,1312
177,9.158,11492,11192,67042,58545,300
178,9.21,11968,11616,67336,59019,352
179,9.262,11199,11295,68157,58260,-96
180,9.314,11060,11495,67170,59688,-435
181,9.365,10799,11144,67751,59560,-345
182,9.417,11045,11368,69511,59068,-323
183,9.469,11560,10926,68699,58570,634
184,9.521,10787,11047,66849,59894,-260
185,9.572,11565,11410,68224,59724,155
186,9.624,11745,11108,67439,59669,637
187,9.676,11320,10938,67373,59275,382
188,9.727,10968,11440,67665,58363,-472
189,9.779,12330,11307,65071,59232,1023
190,9.831,11251,11186,67493,59481,65
191,9.883,11405,11392,68869,58588,13
192,9.934,11832,11156,65690,59232,676
193,9.986,10635,10829,66827,60089,-194
194,10.038,11658,11325,68263,58412,333
195,10.09,11646,11313,67104,58715,333
196,10.141,11578,11192,68032,59560,386
197,10.193,11110,11331,66569,58722,-221
198,10.245,10402,11065,66890,58369,-663
199,10.297,10711,10999,69601,58406,-288
200,10.348,11210,10938,67105,59050,272
201,10.4,11277,11204,66521,58995,73
202,10.452,12053,11071,67871,59110,982
203,10.504,11255,11198,66868,58898,57
204,10.555,11223,11065,70133,59044,158
205,10.607,10959,11277,68344,58509,-318
206,10.659,11171,10890,68778,58624,281
207,10.711,11006,11277,69387,59232,-271
208,10.762,10192,11362,69553,58715,-1170
209,10.814,11404,11120,66924,59457,284
210,10.866,11075,11235,67177,58855,-160
211,10.918,10885,11089,68595,59038,-204
212,10.969,11641,11229,67471,58734,412
213,11.021,11502,11035,67255,58363,467
214,11.073,11192,11277,66129,58831,-85
215,11.125,10826,11174,68137,58655,-348
216,11.176,11042,11362,67325,58661,-320
217,11.228,11247,11259,66080,57974,-12
218,11.28,10555,11065,66414,59493,-510
219,11.331,10845,11380,66777,58290,-535
220,11.383,12770,10993,68688,58916,1777
221,11.435,11567,10980,68286,58880,587
222,11.487,11028,11108,65770,58715,-80
223,11.538,11678,11126,63459,59159,552
224,11.59,10601,10950,65659,58491,-349
225,11.642,11527,11241,65278,58424,286
226,11.694,11757,11071,67306,58545,686
227,11.745,11164,10902,67885,58612,262
228,11.797,10894,11259,67588,57549,-365
229,11.849,11136,11174,69088,58722,-38
230,11.901,10837,11059,67569,58351,-222
231,11.952,11604,10968,67242,58776,636
232,12.004,12076,11265,65460,59104,811
233,12.056,11201,10968,70272,58381,233
234,12.108,11694,11186,66580,58302,508
235,12.159,10868,11114,67851,58728,-246
236,12.211,11395,11041,67034,58886,354
237,12.263,11251,11174,64722,58260,77
238,12.315,11680,11404,67255,58406,276
239,12.366,12428,11126,67053,58843,1302
240,12.418,11896,10902,66920,58691,994
241,12.47,11594,11017,64176,58709,577
242,12.522,11227,11428,66223,58922,-201
243,12.573,10931,11204,66248,57117,-273
244,12.625,10458,11114,68271,58460,-656
245,12.677,11955,10962,65984,58740,993
246,12.729,11725,11053,68701,58017,672
247,12.78,11354,10956,64260,57506,398
248,12.832,10785,11174,65159,59250,-389
249,12.884,11685,11077,64314,58047,608
250,12.935,10436,11144,69834,57543,-708
251,12.987,10842,11132,69224,57986,-290
252,13.039,11295,11156,68362,58515,139
253,13.091,11404,11132,66166,58345,272
254,13.142,10635,10987,65345,58284,-352
255,13.194,11792,11114,65113,58387,678
256,13.246,11511,11307,69608,58582,204
257,13.298,10910,10974,66528,58454,-64
258,13.349,11715,11186,69172,57379,529
259,13.401,11159,10999,67198,57853,160
260,13.453,11288,10944,66156,58242,344
261,13.505,11208,11144,67661,58029,64
262,13.556,11406,11053,66739,57816,353
263,13.608,11344,11023,67595,58393,321
264,13.66,11664,11198,67545,57476,466
265,13.712,10307,11150,69351,56929,-843
266,13.763,11774,11210,64485,57549,564
267,13.815,10859,10920,67016,58248,-61
268,13.867,11742,11350,66340,58071,392
269,13.919,10812,11089,68248,58242,-277
270,13.97,12569,11434,67767,57755,1135
271,14.022,11884,11277,68083,58132,607
272,14.074,12142,11295,67422,58005,847
273,14.126,12131,11507,68038,58813,624
274,14.177,11750,11204,69284,57755,546
275,14.229,12243,11331,66564,57306,912
276,14.281,13105,11204,67202,58606,1901
277,14.333,11659,11343,68083,58187,316
278,14.384,11769,11210,69146,57014,559
279,14.436,11384,11035,69121,57616,349
280,14.488,11627,11386,67766,58114,241
281,14.54,11784,11222,70852,58175,562
282,14.591,12208,10853,71110,58533,1355
283,14.643,11189,10926,65462,57701,263
284,14.695,11156,11077,67267,57895,79
285,14.746,11750,10980,67978,57992,770
286,14.798,11474,10878,67697,57172,596
287,14.85,11430,10920,65348,57834,510
288,14.902,12396,11174,65380,57658,1222
289,14.953,12390,10884,68673,57561,1506
290,15.005,12131,10993,67918,57470,1138
291,15.057,11885,11126,67238,57239,759
292,15.109,11168,11253,66723,58150,-85
293,15.16,11663,11150,66487,57518,513
294,15.212,12043,10926,67799,57810,1117
295,15.264,12080,11380,69235,58005,700
296,15.316,12338,10835,67423,58169,1503
297,15.367,11571,11047,66208,57342,524
298,15.419,10747,11041,67947,58369,-294
299,15.471,11564,10944,68500,57166,620
300,15.523,12126,10980,68146,57828,1146
301,15.574,12176,10938,68902,57828,1238
302,15.626,10477,11162,65845,58327,-685
303,15.678,10871,11023,65072,58223,-152
304,15.73,11174,11229,67340,58387,-55
305,15.781,11326,11162,67167,58649,164
306,15.833,11514,11186,71815,58831,328
307,15.885,12310,10866,69214,57713,1444
308,15.937,11281,11005,67123,58071,276
309,15.988,11502,10968,65299,58296,534
310,16.04,11600,10847,68312,58065,753
311,16.092,11381,11047,68003,57512,334
312,16.144,10072,10944,68120,58278,-872
313,16.195,11213,11005,65753,57883,208
314,16.247,11462,11120,65107,56601,342
315,16.299,11715,11047,65045,56959,668
316,16.35,11964,11253,68181,57184,711
317,16.402,11537,10993,68108,58594,544
318,16.454,11450,11083,66305,57822,367
319,16.506,10818,10878,67474,57433,-60
320,16.557,10738,11144,70129,58375,-406
321,16.609,11685,10987,65564,57762,698
322,16.661,11180,11017,67817,57494,163
323,16.713,11309,11192,68244,58466,117
324,16.764,11291,10878,65825,57640,413
325,16.816,11625,10799,68929,56595,826
326,16.868,10815,10835,67236,58053,-20
327,16.92,10891,10557,65364,56376,334
328,16.971,10914,10853,68877,56552,61
329,17.023,11003,10708,67162,57786,295
330,17.075,11748,10890,65101,57324,858
331,17.127,11539,10829,66799,56941,710
332,17.178,11211,10793,66857,57342,418
333,17.23,11205,11041,68789,58327,164
334,17.282,11518,10696,65614,57604,822
335,17.334,11375,10944,67751,57652,431
336,17.385,11792,10866,68284,57336,926
337,17.437,11490,10823,68700,57233,667
338,17.489,11106,10884,68679,58551,222
339,17.541,11202,10890,67486,57063,312
340,17.592,10701,10859,64970,57640,-158
341,17.644,11432,11047,68294,57269,385
342,17.696,11543,10944,66295,57360,599
343,17.748,10628,11059,66578,57470,-431
344,17.799,11988,10720,65823,56759,1268
345,17.851,11312,10920,66508,57956,392
346,17.903,11537,10974,67643,57221,563
347,17.954,11407,11180,64326,56771,227
348,18.006,12198,10648,67035,57458,1550
349,18.058,11489,11029,64734,57221,460
350,18.11,10774,10847,65583,56370,-73
351,18.161,11780,10938,67761,56911,842
352,18.213,10011,10926,65347,57051,-915
353,18.265,11672,10835,64060,57403,837
354,18.317,11248,10805,68008,57755,443
355,18.368,12014,11380,68437,57695,634
356,18.42,10395,11229,66087,58199,-834
357,18.472,11930,11337,68728,57518,593
358,18.524,11276,11356,66294,56972,-80
359,18.575,12031,10999,67868,56643,1032
360,18.627,10597,11144,65609,57652,-547
361,18.679,10560,10702,68978,57458,-142
362,18.731,11297,10926,67442,57488,371
363,18.782,11065,11059,66881,57063,6
364,18.834,11255,11168,69072,57081,87
365,18.886,11529,10884,64834,57622,645
366,18.938,11864,10872,66253,57585,992
367,18.989,11100,11065,63728,57403,35
368,19.041,11297,10787,64936,57804,510
369,19.093,10898,10769,67568,58223,129
370,19.145,10915,10902,70658,57093,13
371,19.196,11037,10678,66065,57494,359
372,19.248,11450,11023,66767,56419,427
373,19.3,11308,11156,64181,57069,152
374,19.352,11964,11440,65473,57123,524
375,19.403,11064,11144,67239,56917,-80
376,19.455,11111,11192,69973,56947,-81
377,19.507,11902,11416,67698,57555,486
378,19.558,12009,10859,63191,57433,1150
379,19.61,10768,11041,64896,57919,-273
380,19.662,10386,11071,67125,57130,-685
381,19.714,10615,10841,65189,57537,-226
382,19.765,11176,10859,65872,57379,317
383,19.817,11767,10823,67649,57020,944
384,19.869,11351,10696,64462,57069,655
385,19.921,11057,10884,67042,57014,173
386,19.972,11261,10781,66368,57853,480
387,20.024,11237,10569,64851,57506,668
388,20.076,11055,10720,66281,57057,335
389,20.128,11284,10708,67205,57385,576
390,20.179,11236,10896,65555,56771,340
391,20.231,10783,10847,65532,56741,-64
392,20.283,11002,10980,65411,57215,22
393,20.335,12255,10908,68115,57415,1347
394,20.386,11538,10787,65949,56540,751
395,20.438,11559,11023,64816,57245,536
396,20.49,11982,11132,65726,57209,850
397,20.542,11500,10799,66438,56832,701
398,20.593,10419,10872,66323,57330,-453
399,20.645,11314,11035,66726,57300,279
400,20.697,10917,10993,67596,57215,-76
401,20.749,11372,10890,65285,56735,482
402,20.8,10481,10757,66484,57306,-276
403,20.852,11183,10938,63794,57354,245
404,20.904,11294,10793,65333,56899,501
405,20.956,11402,10738,66230,56704,664
406,21.007,11300,11089,67982,57518,211
407,21.059,11330,10781,67310,57518,549
408,21.111,11511,11114,64693,56662,397
409,21.162,12485,10890,62897,57597,1595
410,21.214,11397,10793,64489,56844,604
411,21.266,11148,11035,67979,56947,113
412,21.318,11441,11047,66606,57130,394
413,21.369,11022,11229,67070,57239,-207
414,21.421,11050,11204,64143,57294,-154
415,21.473,11494,10859,64862,56607,635
416,21.525,11230,11005,66012,56218,225
417,21.576,10986,10745,66571,57421,241
418,21.628,10683,10859,64992,56953,-176
419,21.68,10817,10968,64784,57397,-151
420,21.732,11013,10902,65513,56504,111
421,21.783,10597,10763,64826,57202,-166
422,21.835,10283,10763,66792,56024,-480
423,21.887,10459,10817,62944,56297,-358
424,21.939,11108,11138,62856,57184,-30
425,21.99,11392,10738,67278,56510,654
426,22.042,10855,10817,65668,57464,38
427,22.094,11429,10968,62983,56814,461
428,22.146,11399,10775,66623,57318,624
429,22.197,11355,10847,65975,57798,508
430,22.249,10903,10678,66036,56643,225
431,22.301,11439,10702,65329,56929,737
432,22.353,10539,10817,64990,56777,-278
433,22.404,11400,10454,64210,56656,946
434,22.456,10858,10617,65200,56358,241
435,22.508,11024,10611,63114,56236,413
436,22.56,11095,10775,63557,56571,320
437,22.611,12801,10841,62143,56795,1960
438,22.663,11972,10738,67364,55702,1234
439,22.715,10797,10757,63544,56911,40
440,22.766,9937,10751,64045,56145,-814
441,22.818,9867,10466,63333,56844,-599
442,22.87,10672,10811,67871,56795,-139
443,22.922,10362,10902,64733,55513,-540
444,22.973,11129,10811,64525,56249,318
445,23.025,10124,10720,64858,56230,-596
446,23.077,10873,10702,62224,57275,171
447,23.129,10956,10509,63154,56358,447
448,23.18,10381,10418,61035,56303,-37
449,23.232,10392,10738,63541,55489,-346
450,23.284,10321,10648,62500,57026,-327
451,23.336,10545,10533,64838,56856,12
452,23.387,10152,10599,63193,56455,-447
453,23.439,10441,10799,66278,56492,-358
454,23.491,10746,10787,59595,56461,-41
455,23.543,10291,10666,62564,56528,-375
456,23.594,11962,10853,62245,56309,1109
457,23.646,10912,10932,64303,56759,-20
458,23.698,10325,10666,65633,56552,-341
459,23.75,10276,10793,61615,55963,-517
460,23.801,11667,10696,63964,56133,971
461,23.853,9959,10672,64903,56522,-713
462,23.905,9918,10539,63246,56321,-621
463,23.957,10246,10490,63761,56528,-244
464,24.008,10598,10448,63501,56449,150
465,24.06,10089,10557,63960,55884,-468
466,24.112,10791,10430,67345,55926,361
467,24.164,10703,10472,64950,55337,231
468,24.215,10346,10551,63464,56242,-205
469,24.267,9799,10624,64243,56613,-825
470,24.319,10158,10714,65102,55811,-556
471,24.37,11656,10569,66760,57105,1087
472,24.422,11035,10369,62591,56844,666
473,24.474,11063,10406,65402,56959,657
474,24.526,10639,10466,62412,56261,173
475,24.577,10642,10321,65932,55659,321
476,24.629,10325,10642,63549,56036,-317
477,24.681,11032,10127,63139,56692,905
478,24.733,10671,10503,63249,56188,168
479,24.784,10395,10315,64877,56188,80
480,24.836,10600,10297,63726,56643,303
481,24.888,10417,10521,60259,56692,-104
482,24.94,11530,10369,63241,56273,1161
483,24.991,10752,10509,64714,55933,243
484,25.043,11628,10218,62831,56406,1410
485,25.095,11108,10599,64422,56382,509
486,25.147,11019,10472,64068,55896,547
487,25.198,11231,10624,61643,56504,607
488,25.25,11274,10357,65260,56084,917
489,25.302,10506,10478,65792,56400,28
490,25.354,10975,10454,62907,56170,521
491,25.405,11124,10460,60703,56291,664
492,25.457,10734,10170,61850,55689,564
493,25.509,11975,10605,60118,56188,1370
494,25.561,10637,10503,63614,55574,134
495,25.612,11073,10333,62769,56036,740
496,25.664,11327,10539,62983,55999,788
497,25.716,10355,10654,63591,55999,-299
498,25.768,11334,10291,61345,56042,1043
499,25.819,10485,10297,63795,55568,188
500,25.871,10578,10430,63173,56078,148
501,25.923,10573,10442,64511,55367,131
502,25.974,10116,10418,63513,55957,-302
503,26.026,10671,10611,63892,55106,60
504,26.078,10966,10490,60062,55805,476
505,26.13,10135,10206,63593,55981,-71
506,26.181,10178,10382,64316,56607,-204
507,26.233,10744,10527,63700,56261,217
508,26.285,10503,10509,64791,56255,-6
509,26.337,10460,10103,61314,56230,357
510,26.388,10087,10490,64228,55896,-403
511,26.44,10711,10388,61647,55847,323
512,26.492,10761,10448,63878,55732,313
513,26.544,9929,10327,62400,55811,-398
514,26.595,9844,10418,64863,55993,-574
515,26.647,10092,10188,61839,55635,-96
516,26.699,9059,10194,62482,55647,-1135
517,26.751,10155,10339,61176,56619,-184
518,26.802,10446,10460,62479,55872,-14
519,26.854,10216,10424,63433,55021,-208
520,26.906,10793,10521,62193,56091,272
521,26.958,10041,10176,64346,55963,-135
522,27.009,10415,10454,63409,55811,-39
523,27.061,10118,10315,63889,55410,-197
524,27.113,10381,10599,61845,55598,-218
525,27.165,11078,10400,64008,55738,678
526,27.216,9695,10206,61481,55641,-511
527,27.268,10328,10309,62474,56127,19
528,27.32,9898,10291,62848,55866,-393
529,27.372,9076,10521,62555,55683,-1445
530,27.423,10807,10121,62652,56267,686
531,27.475,10119,10345,62150,55313,-226
532,27.527,11585,10267,63656,55805,1318
533,27.578,10560,10327,63135,56091,233
534,27.63,10880,10254,63286,55939,626
535,27.682,11039,10170,65629,55841,869
536,27.734,10728,10254,62844,55610,474
537,27.785,11203,10436,63688,55556,767
538,27.837,10260,10454,60885,55246,-194
539,27.889,10082,10339,62292,55155,-257
540,27.941,10523,10133,63063,55957,390
541,27.992,11482,10357,63662,55313,1125
542,28.044,10433,10200,61671,56303,233
543,28.096,10278,10248,64247,55939,30
544,28.148,10090,10430,62499,55489,-340
545,28.199,9816,10430,60979,55355,-614
546,28.251,10681,10273,63109,55854,408
547,28.303,10759,10176,64276,55665,583
548,28.355,9960,10363,67098,55580,-403
549,28.406,10794,10273,64494,55209,521
550,28.458,10441,10273,62404,55440,168
551,28.51,9357,10097,61570,56206,-740
552,28.562,10523,10127,64106,56103,396
553,28.613,9881,10678,63254,55714,-797
554,28.665,10216,10394,62232,56388,-178
555,28.717,10534,10563,62489,55866,-29
556,28.769,11537,10152,64257,55519,1385
557,28.82,10877,10339,63268,55045,538
558,28.872,10806,10273,62087,56510,533
559,28.924,10499,10666,62804,55799,-167
560,28.976,10648,10315,66523,55367,333
561,29.027,10724,10267,65131,55890,457
562,29.079,9990,10321,62982,55228,-331
563,29.131,10473,10212,63846,55775,261
564,29.182,10483,10176,62678,54814,307
565,29.234,9858,10164,62301,55100,-306
566,29.286,10390,10333,65849,55720,57
567,29.338,10053,10194,61289,55817,-141
568,29.389,10737,10382,62507,55519,355
569,29.441,9871,10285,61802,56473,-414
570,29.493,9452,10484,65521,55854,-1032
571,29.545,10223,10400,62996,55847,-177
572,29.596,10782,10382,65333,55483,400
573,29.648,10519,10158,63141,55750,361
574,29.7,10380,10242,61428,55246,138
575,29.752,10663,10327,62886,55367,336
576,29.803,10741,10261,63477,55331,480
577,29.855,10425,10218,63878,54979,207
578,29.907,10804,10000,62163,55544,804
579,29.959,10547,10388,62769,55374,159
580,30.01,10613,10224,61003,56012,389
581,30.062,9801,10236,63470,56552,-435
582,30.114,9982,10363,63931,55872,-381
583,30.166,10340,10212,61950,56072,128
584,30.217,9832,10297,64977,56206,-465
585,30.269,10215,10496,64703,55550,-281
586,30.321,10020,10285,64064,55957,-265
587,30.373,10210,10127,63773,55920,83
588,30.424,10065,10515,63751,55738,-450
589,30.476,10758,10357,64506,55629,401
590,30.528,10794,10424,63844,56242,370
591,30.58,11248,10442,63722,55222,806
592,30.631,9281,10333,63573,56121,-1052
593,30.683,10918,10261,64644,55465,657
594,30.735,10425,10436,62623,56145,-11
595,30.786,10166,10339,62677,55835,-173
596,30.838,10866,10388,63135,55574,478
597,30.89,10906,10248,64257,55617,658
598,30.942,10750,10442,62334,55775,308
599,30.993,9894,10333,64141,56625,-439
600,31.045,10136,10291,64256,55993,-155
601,31.097,10106,10248,64041,55617,-142
602,31.149,10174,10000,63932,55908,174
603,31.2,11119,10267,63432,55805,852
604,31.252,10939,10025,62139,56558,914
605,31.304,10214,10394,61057,55550,-180
606,31.356,10596,10351,62394,55756,245
607,31.407,9938,10430,60598,55750,-492
608,31.459,10791,10412,62136,54997,379
609,31.511,10582,10490,65679,55033,92
610,31.563,11063,10261,61745,55963,802
611,31.614,9940,10321,62554,55641,-381
612,31.666,11645,10103,63476,55453,1542
613,31.718,9946,10503,63461,56364,-557
614,31.77,9994,10345,63549,56419,-351
615,31.821,9896,10430,63258,56212,-534
616,31.873,11021,10315,63446,55143,706
617,31.925,10666,10291,63252,55459,375
618,31.977,10521,10436,62500,55629,85
619,32.028,10923,10261,61294,55513,662
620,32.08,10077,10472,62801,55191,-395
621,32.132,9550,10170,62929,55641,-620
622,32.184,10281,10521,62769,55222,-240
623,32.235,10162,10261,61362,55489,-99
624,32.287,10642,10146,61348,54881,496
625,32.339,9803,10182,62272,55307,-379
626,32.39,10023,10285,61211,54736,-262
627,32.442,10277,10248,63817,55647,29
628,32.494,10406,10097,63905,54948,309
629,32.546,10482,10121,62318,55045,361
630,32.597,9917,10261,62955,54942,-344
631,32.649,9332,10267,61552,55404,-935
632,32.701,10230,10291,60446,55610,-61
633,32.753,10689,10261,66567,54881,428
634,32.804,10596,10309,63702,55544,287
635,32.856,12700,10115,63224,54681,2585
636,32.908,11705,10218,62611,55610,1487
637,32.96,9892,10327,63795,55592,-435
638,33.011,9814,10345,64417,54906,-531
639,33.063,9480,10121,61533,54906,-641
640,33.115,11365,10109,62420,55677,1256
641,33.167,10128,10055,64976,55440,73
642,33.218,10286,10073,63581,55671,213
643,33.27,10009,10085,62601,55137,-76
644,33.322,10135,9934,61671,55738,201
645,33.374,10800,10285,63322,55082,515
646,33.425,10646,10037,62818,55349,609
647,33.477,10848,10200,63226,54869,648
648,33.529,10153,10037,63913,55039,116
649,33.581,10719,10025,62745,55635,694
650,33.632,9700,10146,59984,55216,-446
651,33.684,10628,10164,61706,54262,464
652,33.736,10318,10073,63873,54893,245
653,33.788,9617,10230,61062,55088,-613
654,33.839,9934,10049,62154,55070,-115
655,33.891,10715,10103,61855,54857,612
656,33.943,10746,10351,66292,55252,395
657,33.994,9941,10121,63877,55398,-180
658,34.046,10395,10140,61084,55021,255
659,34.098,10281,10188,63066,55422,93
660,34.15,9819,10345,61665,54760,-526
661,34.201,10891,10357,60698,55610,534
662,34.253,10023,9988,61392,54468,35
663,34.305,10672,10140,60253,55246,532
664,34.357,9620,10073,63310,55045,-453
665,34.408,10458,10085,64555,55051,373
666,34.46,10410,10242,62520,55155,168
667,34.512,10821,10394,62986,54705,427
668,34.564,9303,10133,60470,54492,-830
669,34.615,10529,10206,60243,54675,323
670,34.667,10520,10236,63736,55902,284
671,34.719,9785,9994,62215,54936,-209
672,34.771,9830,10049,62748,54231,-219
673,34.822,10381,10200,61460,54918,181
674,34.874,10709,10575,62316,55501,134
675,34.926,10503,10781,62035,55155,-278
676,34.978,11035,10248,60506,54778,787
677,35.029,10196,10442,62636,54535,-246
678,35.081,9582,10176,63646,55811,-594
679,35.133,11552,10248,62292,54176,1304
680,35.185,9848,10242,60915,54778,-394
681,35.236,10420,10049,60793,54559,371
682,35.288,9794,10261,62857,54091,-467
683,35.34,9603,10055,63071,54839,-452
684,35.392,9850,10079,61922,54578,-229
685,35.443,9070,10297,64761,54553,-1227
686,35.495,11058,10133,62019,54553,925
687,35.547,9635,10176,60323,55143,-541
688,35.598,10456,9879,60170,55775,577
689,35.65,10126,10267,64449,54067,-141
690,35.702,9596,10097,59862,55325,-501
691,35.754,9852,10073,63654,54997,-221
692,35.805,10643,10158,61665,54814,485
693,35.857,10261,10303,63292,54663,-42
694,35.909,9707,9970,60100,55422,-263
695,35.961,10265,9940,63711,55137,325
696,36.012,9803,10236,64736,55465,-433
697,36.064,10392,10049,63086,55544,343
698,36.116,10561,10079,62855,54863,482
699,36.168,10520,9813,61072,54377,707
700,36.219,10255,9958,61963,55124,297
701,36.271,10460,10109,63253,55428,351
702,36.323,10561,10000,62398,55137,561
703,36.375,10249,10224,62245,55197,25
704,36.426,9605,10019,62918,54559,-414
705,36.478,9440,9976,61287,55319,-536
706,36.53,9077,10043,65080,56218,-966
707,36.582,10186,10012,61418,55811,174
708,36.633,9743,9940,60450,55240,-197
709,36.685,10750,9994,65328,55252,756
710,36.737,9823,9988,60781,55495,-165
711,36.789,10467,9934,60794,55216,533
712,36.84,9909,9940,62872,54553,-31
713,36.892,9303,10188,61753,55641,-885
714,36.944,9531,10049,59957,54960,-518
715,36.996,9216,10073,63010,55720,-857
716,37.047,9628,9946,61746,54972,-318
717,37.099,9210,10285,61199,56133,-1075
718,37.151,11184,10067,63109,55173,1117
719,37.202,9497,10025,61150,55295,-528
720,37.254,10128,10085,62831,54985,43
721,37.306,10869,10043,59598,55957,826
722,37.358,10860,9916,60729,55957,944
723,37.409,10039,9885,59541,55264,154
724,37.461,10027,10103,61271,54511,-76
725,37.513,10068,10146,62439,55732,-78
726,37.565,10092,9855,62277,54517,237
727,37.616,9923,10031,61391,54705,-108
728,37.668,10846,10164,62589,54966,682
729,37.72,9686,10061,62045,55355,-375
730,37.772,10590,10224,63350,55179,366
731,37.823,10593,9891,65943,55872,702
732,37.875,9686,9964,63671,56030,-278
733,37.927,10011,9970,61729,55070,41
734,37.979,9987,10109,61333,55301,-122
735,38.03,9349,10369,59827,55629,-1020
736,38.082,10494,10055,62722,54693,439
737,38.134,9288,9946,62149,54906,-658
738,38.186,10299,10115,62608,55307,184
739,38.237,9804,10091,62374,55270,-287
740,38.289,9957,10000,62504,54663,-43
741,38.341,9942,9879,60156,54906,63
742,38.393,9883,10061,63374,55064,-178
743,38.444,10041,10067,60278,54869,-26
744,38.496,10184,10055,60361,55635,129
745,38.548,10239,10109,60688,54736,130
746,38.6,10695,9994,62792,54663,701
747,38.651,9518,10049,60504,54821,-531
748,38.703,9514,10091,60710,54590,-577
749,38.755,9869,10037,64858,55058,-168
750,38.806,9715,10085,61740,55307,-370
751,38.858,9353,10061,63843,54906,-708
752,38.91,9465,10019,60477,54778,-554
753,38.962,10768,10097,59012,55197,671
754,39.013,10561,10164,59942,55155,397
755,39.065,10437,9716,62159,55453,721
756,39.117,9964,10103,62404,54711,-139
757,39.169,9722,10061,61194,55331,-339
758,39.22,10207,9867,60858,55112,340
759,39.272,10789,9789,63690,54906,1000
760,39.324,10323,10085,62374,55325,238
761,39.376,10374,10127,60853,55258,247
762,39.427,10122,9783,61105,54529,339
763,39.479,10131,9722,63140,55386,409
764,39.531,10358,9843,60727,54620,515
765,39.583,9925,9964,61450,55185,-39
766,39.634,9146,10224,63951,55604,-1078
767,39.686,9949,9994,60923,55434,-45
768,39.738,10483,10115,61164,54432,368
769,39.79,10244,10339,62347,53666,-95
770,39.841,10480,10055,60759,54407,425
771,39.893,10550,9916,63425,55659,634
772,39.945,9691,10049,61684,55416,-358
773,39.997,10953,9813,60786,55592,1140
774,40.048,9770,10146,63999,55392,-376
775,40.1,9813,10121,63442,55179,-308
776,40.152,9457,10188,61346,55003,-731
777,40.204,9842,9964,60474,54699,-122
778,40.255,10316,9922,62009,55775,394
779,40.307,9994,9789,61851,53891,205
780,40.359,10259,10006,60941,55465,253
781,40.41,10394,9867,62838,55951,527
782,40.462,9669,9777,60761,55544,-108
783,40.514,9442,9789,62563,54717,-347
784,40.566,10359,9789,62786,54328,570
785,40.617,10546,9843,58719,54863,703
786,40.669,10703,9964,59820,54912,739
787,40.721,10263,10097,59053,55349,166
788,40.773,9118,9801,62914,54863,-683
789,40.824,10236,9958,60931,55064,278
790,40.876,9675,9795,60853,55094,-120
791,40.928,10344,9885,62856,54875,459
792,40.98,10146,10176,59699,54936,-30
793,41.031,9893,10019,62392,55282,-126
794,41.083,9937,9837,61415,55562,100
795,41.135,9427,10164,60440,55829,-737
796,41.187,9842,10025,61529,55926,-183
797,41.238,9685,10109,61291,54723,-424
798,41.29,10649,9801,60931,54632,848
799,41.342,9532,9891,61137,54310,-359
800,41.394,9891,10061,64019,54632,-170
801,41.445,10044,10140,60152,54596,-96
802,41.497,10206,9710,59011,55434,496
803,41.549,9321,9934,60126,55434,-613
804,41.601,10011,9970,61203,55088,41
805,41.652,9852,9928,61848,55064,-76
806,41.704,10324,9982,60725,54650,342
807,41.756,9971,9958,60201,55234,13
808,41.808,9450,9867,64015,54663,-417
809,41.859,9596,9764,62008,54365,-168
810,41.911,9920,9831,62899,55386,89
811,41.963,10263,9861,59859,55301,402
812,42.015,9183,9692,60283,55398,-509
813,42.066,9234,9752,59093,54480,-518
814,42.118,10647,10127,60228,55191,520
815,42.17,9610,9855,60603,54887,-245
816,42.221,9738,9879,62866,54997,-141
817,42.273,9987,10164,59100,54772,-177
818,42.325,9684,9873,61636,54286,-189
819,42.377,9797,10109,59887,54413,-312
820,42.428,9671,9861,60239,54778,-190
821,42.48,8989,10152,61697,54219,-1163
822,42.532,9599,10303,60212,54590,-704
823,42.584,10106,9928,59608,55185,178
824,42.635,9470,10164,61224,55179,-694
825,42.687,9861,10097,60220,54997,-236
826,42.739,10625,10006,60528,54474,619
827,42.791,9779,10000,59627,55130,-221
828,42.842,8866,9988,59354,55355,-1122
829,42.894,10559,9970,60022,55094,589
830,42.946,10025,10025,58819,54535,0
831,42.998,10447,9922,62953,55562,525
832,43.049,10026,9789,59754,55440,237
833,43.101,9239,10188,62210,55501,-949
834,43.153,10306,10006,61626,55367,300
835,43.205,9972,10152,59045,54669,-180
836,43.256,9725,10037,59703,54784,-312
837,43.308,10488,9777,62666,54736,711
838,43.36,9954,10043,61149,54316,-89
839,43.412,10109,9843,57659,55015,266
840,43.463,9992,9885,61716,55453,107
841,43.515,9624,9704,60353,54529,-80
842,43.567,9851,10031,59893,55677,-180
843,43.619,9834,9922,60813,54231,-88
844,43.67,9630,10031,63005,55130,-401
845,43.722,10484,9752,61254,54444,732
846,43.774,9678,9934,61328,55149,-256
847,43.825,10636,10006,58411,55957,630
848,43.877,9803,10115,61744,55100,-312
849,43.929,10525,10061,60688,54784,464
850,43.981,10264,9607,60461,54669,657
851,44.032,9765,9916,63053,54790,-151
852,44.084,9725,9994,60464,55009,-269
853,44.136,8915,9879,61585,54492,-964
854,44.188,9898,10006,60516,55319,-108
855,44.239,9882,9946,59887,55003,-64
856,44.291,10524,9922,60376,55374,602
857,44.343,10619,9904,60322,54249,715
858,44.395,9536,9958,60404,55106,-422
859,44.446,9830,9716,62066,54012,114
860,44.498,10137,9861,62166,54736,276
861,44.55,9956,10218,60156,55380,-262
862,44.602,9787,10037,62366,54377,-250
863,44.653,9764,9879,61175,55604,-115
864,44.705,10539,9843,63605,55039,696
865,44.757,9719,9849,63318,56206,-130
866,44.809,10556,9801,59797,54900,755
867,44.86,11234,10067,63236,55623,1167
868,44.912,9710,9807,60343,55841,-97
869,44.964,9821,9819,60804,54833,2
870,45.016,10835,9849,61384,54620,986
871,45.067,9251,10103,61677,55197,-852
872,45.119,10417,9843,64596,54851,574
873,45.171,10260,9849,58962,54979,411
874,45.223,9148,9940,62303,55775,-792
875,45.274,9303,10037,62732,55143,-734
876,45.326,10100,9946,62606,54480,154
877,45.378,9589,9922,60032,55179,-333
878,45.429,9064,9825,61005,55179,-761
879,45.481,10264,9764,62434,54821,500
880,45.533,10203,10073,61817,55137,130
881,45.585,10215,10073,59962,54784,142
882,45.636,10912,10327,60658,54863,585
883,45.688,9650,9764,60518,55507,-114
884,45.74,9929,9885,61287,55234,44
885,45.792,9552,10067,60366,55027,-515
886,45.843,10358,10019,59142,55307,339
887,45.895,9621,9843,60764,54802,-222
888,45.947,9870,10121,62135,55483,-251
889,45.999,9717,9825,59737,55155,-108
890,46.05,9680,10127,62078,54571,-447
891,46.102,9845,9734,61778,54802,111
892,46.154,9976,10091,61150,55635,-115
893,46.206,9512,10019,59224,54948,-507
894,46.257,9362,10012,59755,55775,-650
895,46.309,9839,9777,62537,55124,62
896,46.361,9012,9849,59574,54936,-837
897,46.413,9815,9789,59569,55708,26
898,46.464,9715,9740,59457,54663,-25
899,46.516,9411,10061,60446,54517,-650
900,46.568,9801,9988,60199,55689,-187
901,46.62,9640,9686,60704,54596,-46
902,46.671,9610,9807,62511,54839,-197
903,46.723,9629,9716,60754,54073,-87
904,46.775,9173,9758,61616,54529,-585
905,46.827,10118,9746,61168,54037,372
906,46.878,9415,9813,62495,54122,-398
907,46.93,10072,9801,58886,54505,271
908,46.982,10094,9831,61434,54936,263
909,47.033,10039,9813,61996,54328,226
910,47.085,9600,9625,59691,54450,-25
911,47.137,9526,9704,61837,55100,-178
912,47.189,10690,9680,60936,54972,1010
913,47.24,9939,9643,62553,54705,296
914,47.292,9806,9631,61426,54614,175
915,47.344,10321,9722,62360,54985,599
916,47.396,10309,9710,59870,54620,599
917,47.447,10375,9837,60705,54851,538
918,47.499,9377,9831,58583,54547,-454
919,47.551,9657,9777,61465,54413,-120
920,47.603,9163,9746,58401,54997,-583
921,47.654,9747,9680,58591,54675,67
922,47.706,10482,9801,60521,54784,681
923,47.758,9603,9898,61180,55173,-295
924,47.81,10646,9752,60117,54492,894
925,47.861,10902,9831,59909,55222,1071
926,47.913,10202,10079,57891,55319,123
927,47.965,10459,10019,59692,54966,440
928,48.017,9622,9952,60389,54170,-330
929,48.068,10185,10079,60788,54972,106
930,48.12,10585,10091,60799,54784,494
931,48.172,11311,9777,62339,54401,1534
932,48.224,10167,9734,61512,55890,433
933,48.275,9147,9867,62231,55635,-720
934,48.327,11178,9819,61484,54590,1359
935,48.379,11217,10006,60606,55884,1211
936,48.431,10382,10133,60839,54669,249
937,48.482,9349,9940,63042,54821,-591
938,48.534,10459,9970,58540,54638,489
939,48.586,10805,10091,60341,54881,714
940,48.637,10214,10152,64008,55209,62
941,48.689,11123,9970,62460,55045,1153
942,48.741,10505,9710,61828,55689,795
943,48.793,10523,9728,61917,54584,795
944,48.844,10068,9873,60316,54991,195
945,48.896,10043,9771,59338,54814,272
946,48.948,9780,9541,60197,55118,239
947,49.0,10529,9643,61180,55604,886
948,49.051,9519,9946,63777,54893,-427
949,49.103,9899,9686,59128,54638,213
950,49.155,9116,9795,60419,55064,-679
951,49.207,9415,9783,59734,55683,-368
952,49.258,9889,9958,61786,55483,-69
953,49.31,9484,9861,62234,54966,-377
954,49.362,9921,9698,61398,54590,223
955,49.414,8903,9740,59439,55252,-837
956,49.465,9909,10085,61951,54584,-176
957,49.517,9696,9825,60880,54851,-129
958,49.569,10819,9565,59784,55532,1254
959,49.621,10002,9565,61422,55550,437
960,49.672,9849,9643,61298,55301,206
961,49.724,10204,9752,59130,54626,452
962,49.776,10390,9976,61927,54596,414
963,49.828,9744,9637,61908,54760,107
964,49.879,9479,9728,62524,54699,-249
965,49.931,10209,9686,62290,54669,523
966,49.983,10122,9910,61997,55422,212
967,50.035,9277,9740,60103,55683,-463
968,50.086,10436,9625,60140,55434,811
969,50.138,8919,9631,62909,55003,-712
970,50.19,10032,9728,62197,54985,304
971,50.241,9702,9771,59982,54407,-69
972,50.293,9809,9752,61671,54237,57
973,50.345,9695,9656,60199,54480,39
974,50.397,10256,9843,58838,54705,413
975,50.448,10278,9976,59148,54231,302
976,50.5,9428,9680,61771,55045,-252
977,50.552,10650,9686,59354,55768,964
978,50.604,9845,9674,61507,54736,171
979,50.655,9261,9758,60428,55167,-497
980,50.707,10323,9686,58605,55270,637
981,50.759,9549,9783,63027,54590,-234
982,50.811,10247,9783,59653,54559,464
983,50.862,9487,9801,60936,55410,-314
984,50.914,10419,9680,60013,54413,739
985,50.966,9624,9680,60074,54748,-56
986,51.018,10267,9928,60373,54723,339
987,51.069,9661,9813,60694,55264,-152
988,51.121,9500,9650,62249,54608,-150
989,51.173,9642,9698,59458,54960,-56
990,51.225,10021,9680,59341,54571,341
991,51.276,10479,9613,59097,55708,866
992,51.328,10035,9668,62081,53526,367
993,51.38,9866,9607,58946,54608,259
994,51.432,9606,9777,60464,54869,-171
995,51.483,9794,9783,60410,53897,11
996,51.535,9703,9982,61076,53696,-279
997,51.587,9675,9722,62414,53812,-47
998,51.639,9952,9613,59571,54936,339
999,51.69,9424,9680,60606,54401,-256
