frame,Time [s],CH1,BGND1,CH2,BGND2,intensity
0,0.0,22624,14329,32918,31304,8295
1,0.052,20854,14797,31636,31401,6057
2,0.103,22545,14341,30374,31937,8204
3,0.155,22685,14304,32144,31712,8381
4,0.207,22896,13794,31818,31614,9102
5,0.259,20857,13873,32426,31626,6984
6,0.31,23240,14572,31867,32028,8668
7,0.362,22383,14669,31825,31699,7714
8,0.414,23407,13964,33681,31748,9443
9,0.466,16294,13775,33984,31377,2519
10,0.517,14886,13520,30785,31681,1366
11,0.569,14908,13410,32584,31785,1498
12,0.621,22257,13569,31916,31815,8688
13,0.673,22025,13848,31566,31371,8177
14,0.724,21206,13708,31498,32010,7498
15,0.776,22006,14469,30669,31839,7537
16,0.828,23179,14079,31348,31876,9100
17,0.88,19900,13380,30532,31955,6520
18,0.931,20966,13550,31527,31541,7416
19,0.983,18674,13216,31695,31943,5458
20,1.035,18901,13216,30096,31645,5685
21,1.087,17443,13757,33223,31218,3686
22,1.138,18937,13946,32523,31712,4991
23,1.19,11980,13228,32383,31389,-1248
24,1.242,20434,13398,32781,31444,7036
25,1.294,15761,13842,32758,31852,1919
26,1.345,15292,13812,32585,31779,1480
27,1.397,14177,13429,32284,32071,748
28,1.449,14083,13994,31711,31334,89
29,1.501,14734,13946,31562,31218,788
30,1.552,16292,14152,31401,31821,2140
31,1.604,15811,13781,32596,31486,2030
32,1.656,14243,13763,32396,31499,480
33,1.707,16679,14517,32515,31772,2162
34,1.759,15250,13860,30087,31961,1390
35,1.811,20189,14304,32137,31401,5885
36,1.863,18781,14426,31547,31511,4355
37,1.914,18189,13873,32383,31511,4316
38,1.966,12800,13903,30908,31529,-1103
39,2.018,13365,14086,31398,31432,-721
40,2.07,20727,13635,32727,31103,7092
41,2.121,19275,13660,32143,31590,5615
42,2.173,15701,13368,31293,31858,2333
43,2.225,23946,14025,31633,31961,9921
44,2.277,23196,14231,30948,31882,8965
45,2.328,24268,14523,32651,31407,9745
46,2.38,23410,13824,33390,31298,9586
47,2.432,16939,13666,32191,31639,3273
48,2.484,16736,13435,30640,32199,3301
49,2.535,19825,13331,31481,31779,6494
50,2.587,23985,13617,32075,31419,10368
51,2.639,26079,14043,31788,31474,12036
52,2.691,24653,14523,31581,31553,10130
53,2.742,21511,13642,32576,31626,7869
54,2.794,22261,14657,31597,31882,7604
55,2.846,21596,14529,31807,31681,7067
56,2.898,16974,13946,31889,31352,3028
57,2.949,15688,13672,32510,31657,2016
58,3.001,19507,14250,30798,31779,5257
59,3.053,19719,13453,32178,31322,6266
60,3.105,19886,13897,32623,31273,5989
61,3.156,22417,14134,33003,31322,8283
62,3.208,19748,13812,31301,31401,5936
63,3.26,16374,14092,33096,31450,2282
64,3.311,17652,13933,33687,31450,3719
65,3.363,20760,14213,33597,31912,6547
66,3.415,19343,14225,31984,31821,5118
67,3.467,21760,14536,33455,31614,7224
68,3.518,18373,13611,32003,31712,4762
69,3.57,11781,13368,31484,31803,-1587
70,3.622,13225,13398,32328,32235,-173
71,3.674,11926,13477,32996,31718,-1551
72,3.725,13256,14335,32162,31791,-1079
73,3.777,11904,13459,31677,31937,-1555
74,3.829,12324,12930,30639,31876,-606
75,3.881,12719,12796,31730,31523,-77
76,3.932,14629,13812,33427,31821,817
77,3.984,20831,13702,29957,31772,7129
78,4.036,19689,13204,31638,31815,6485
79,4.088,21263,14098,30032,31882,7165
80,4.139,20636,13623,34099,31937,7013
81,4.191,21823,13940,32289,32059,7883
82,4.243,21035,13946,32497,31365,7089
83,4.295,22972,13806,32966,31864,9166
84,4.346,25943,13429,30583,31815,12514
85,4.398,23482,13751,29019,31815,9731
86,4.45,20942,13727,32884,31912,7215
87,4.502,17073,13569,31791,31687,3504
88,4.553,16434,13319,32517,31876,3115
89,4.605,15696,12729,34032,32071,2967
90,4.657,22665,14402,30786,31785,8263
91,4.709,19288,13733,32257,31718,5555
92,4.76,18562,13690,31661,31772,4872
93,4.812,19614,14250,31728,31809,5364
94,4.864,14854,13654,32210,31547,1200
95,4.915,13371,13508,31246,31852,-137
96,4.967,13040,13532,32806,31310,-492
97,5.019,13462,13465,32668,31815,-3
98,5.071,12753,13660,30811,31791,-907
99,5.122,14409,14201,30894,31943,208
100,5.174,11669,14013,33140,31438,-2344
101,5.226,15163,14639,32996,31614,524
102,5.278,13407,14463,33592,31791,-1056
103,5.329,12749,14250,33315,31803,-1501
104,5.381,13981,13654,33474,31803,327
105,5.433,12812,13769,32104,31462,-957
106,5.485,12558,13447,31479,31839,-889
107,5.536,14228,13611,31731,31864,617
108,5.588,12764,14116,29912,31839,-1352
109,5.64,12765,14329,29876,31693,-1564
110,5.692,12532,13210,31029,31766,-678
111,5.743,13160,14006,31009,31772,-846
112,5.795,11678,13337,33340,31876,-1659
113,5.847,11956,14013,33965,31894,-2057
114,5.899,11709,14256,33830,31736,-2547
115,5.95,12448,14031,32243,31754,-1583
116,6.002,12600,13289,30777,31785,-689
117,6.054,12731,12954,32082,31334,-223
118,6.106,12492,13137,32682,31492,-645
119,6.157,13111,13690,33820,31541,-579
120,6.209,12388,13988,30755,31736,-1600
121,6.261,12689,14384,32787,31541,-1695
122,6.313,13324,14450,34100,31943,-1126
123,6.364,13881,14742,32385,31486,-861
124,6.416,15347,15527,31394,31651,-180
125,6.468,17368,14949,31838,31937,2419
126,6.519,15602,15515,32431,31748,87
127,6.571,15071,15253,32823,31967,-182
128,6.623,13132,14335,32494,31852,-1203
129,6.675,14380,13794,30957,31791,586
130,6.726,12878,13976,32255,31779,-1098
131,6.778,12333,14213,31389,31645,-1880
132,6.83,12417,13623,30641,31803,-1206
133,6.882,12034,13836,32498,31517,-1802
134,6.933,12218,14122,32857,31687,-1904
135,6.985,13597,13514,32126,32028,83
136,7.037,12137,13429,34170,32022,-1292
137,7.089,12177,13550,31349,31389,-1373
138,7.14,14420,14231,32144,31395,189
139,7.192,13099,13453,32624,31876,-354
140,7.244,11767,13532,31317,31407,-1765
141,7.296,12035,13453,32266,31352,-1418
142,7.347,12480,13240,31695,31949,-760
143,7.399,11690,12790,32282,31371,-1100
144,7.451,11353,13246,32670,31620,-1893
145,7.503,12147,13046,34665,31742,-899
146,7.554,12124,12966,30775,31979,-842
147,7.606,11653,13629,30233,31967,-1976
148,7.658,13290,13897,31582,31602,-607
149,7.71,12112,13514,32478,31779,-1402
150,7.761,12691,13885,32757,32053,-1194
151,7.813,12265,13398,32704,31742,-1133
152,7.865,12686,13350,33217,31919,-664
153,7.917,12431,13423,33890,31602,-992
154,7.968,12107,13940,32249,31925,-1833
155,8.02,12620,13684,32304,31803,-1064
156,8.072,11882,13569,31542,31687,-1687
157,8.123,13356,13167,32914,31931,189
158,8.175,11720,12827,30924,31517,-1107
159,8.227,12180,13173,32069,31992,-993
160,8.279,14048,13775,30942,31645,273
161,8.33,12152,13337,32148,31432,-1185
162,8.382,12580,13167,31229,31809,-587
163,8.434,11642,12942,32667,31852,-1300
164,8.486,11831,13191,31614,32272,-1360
165,8.537,11450,12662,32687,31955,-1212
166,8.589,12673,12559,32658,32412,114
167,8.641,12429,12930,32262,31760,-501
168,8.693,12175,13149,32626,31766,-974
169,8.744,12747,12723,33687,31973,24
170,8.796,11783,12589,31809,31663,-806
171,8.848,12300,12912,33244,31803,-612
172,8.9,14927,13526,31918,32010,1401
173,8.951,11950,13891,31505,31998,-1941
174,9.003,11968,13283,30656,32004,-1315
175,9.055,11270,13301,31100,31803,-2031
176,9.107,12792,13234,30269,31986,-442
177,9.158,11571,12522,31516,31316,-951
178,9.21,12106,12808,32092,31754,-702
179,9.262,12112,13264,31513,31596,-1152
180,9.314,12159,13003,33250,32059,-844
181,9.365,12433,12589,30952,32113,-156
182,9.417,12502,13459,32688,31590,-957
183,9.469,11722,13228,31682,31663,-1506
184,9.521,11971,12766,32915,31937,-795
185,9.572,12280,12924,32249,32113,-644
186,9.624,11632,12437,31754,31797,-805
187,9.676,12551,12845,31457,31602,-294
188,9.727,11764,13161,31252,32199,-1397
189,9.779,12895,13593,34458,31565,-698
190,9.831,14072,12960,30763,32028,1112
191,9.883,12671,13052,30608,32527,-381
192,9.934,12097,12985,31791,31827,-888
193,9.986,11319,12924,31129,31882,-1605
194,10.038,11153,12924,30491,31937,-1771
195,10.09,11415,13015,31250,31675,-1600
196,10.141,11912,13173,32095,32168,-1261
197,10.193,12987,13003,33499,31979,-16
198,10.245,12486,13106,32022,31748,-620
199,10.297,12542,12827,31755,31882,-285
200,10.348,11857,12833,32674,31791,-976
201,10.4,12304,13344,31653,31766,-1040
202,10.452,12757,13112,33417,31389,-355
203,10.504,10673,12778,32163,31474,-2105
204,10.555,12171,12796,31887,31833,-625
205,10.607,12660,13137,31333,31742,-477
206,10.659,11912,12851,35582,32046,-939
207,10.711,11715,12912,31840,31608,-1197
208,10.762,11995,12498,30331,31900,-503
209,10.814,12759,12377,30411,31827,382
210,10.866,11972,12060,30698,31718,-88
211,10.918,12123,12200,31899,31882,-77
212,10.969,13108,13325,32851,32113,-217
213,11.021,12144,13161,31257,32193,-1017
214,11.073,12142,13167,30827,32247,-1025
215,11.125,11617,12620,31592,31973,-1003
216,11.176,11903,13100,32729,31639,-1197
217,11.228,12849,13441,31947,31876,-592
218,11.28,12233,13125,30599,32466,-892
219,11.331,13304,12906,33032,31766,398
220,11.383,11176,12559,32216,31986,-1383
221,11.435,11693,12395,32367,31882,-702
222,11.487,11636,12766,31501,31687,-1130
223,11.538,11383,13112,31917,32119,-1729
224,11.59,12575,13106,33864,32040,-531
225,11.642,13803,13374,32103,31998,429
226,11.694,13878,13222,33166,31955,656
227,11.745,13217,13155,31681,31584,62
228,11.797,13763,13252,32893,31852,511
229,11.849,13088,13496,31220,31699,-408
230,11.901,12810,12620,33055,32119,190
231,11.952,13111,12212,30514,31925,899
232,12.004,12837,12802,31151,31760,35
233,12.056,15677,13526,33694,31736,2151
234,12.108,13053,12717,32085,31565,336
235,12.159,13385,12893,32487,31772,492
236,12.211,13652,13398,31705,31639,254
237,12.263,14216,12614,32180,32004,1602
238,12.315,14151,12735,32401,32010,1416
239,12.366,15899,13441,33562,31608,2458
240,12.418,13938,13283,30586,32077,655
241,12.47,14372,13526,33317,31785,846
242,12.522,14285,13380,31250,31663,905
243,12.573,14287,13721,31047,31864,566
244,12.625,13917,13562,31059,31639,355
245,12.677,13885,13380,30618,31687,505
246,12.729,14127,12547,31777,31462,1580
247,12.78,13305,12924,31000,31772,381
248,12.832,13250,13860,31736,32040,-610
249,12.884,12768,13544,31396,31986,-776
250,12.935,15005,12735,32032,31468,2270
251,12.987,12509,12620,32331,32223,-111
252,13.039,14139,13015,31745,31864,1124
253,13.091,12745,12820,31809,31572,-75
254,13.142,12850,12808,31466,31602,42
255,13.194,13625,12851,32387,31882,774
256,13.246,13082,13258,33108,31559,-176
257,13.298,13504,13483,32363,31870,21
258,13.349,12684,13112,31656,31858,-428
259,13.401,12939,12900,30746,32095,39
260,13.453,11915,12535,31857,31949,-620
261,13.505,11367,12456,32960,32278,-1089
262,13.556,12041,12766,33190,32138,-725
263,13.608,11719,12960,34452,32266,-1241
264,13.66,12871,13106,32678,32040,-235
265,13.712,13037,13204,32424,31602,-167
266,13.763,12128,12772,32551,31906,-644
267,13.815,13029,12906,30605,31779,123
268,13.867,11809,13033,31927,31553,-1224
269,13.919,11749,12808,33688,31894,-1059
270,13.97,12384,14019,31743,31699,-1635
271,14.022,11894,14110,32566,31821,-2216
272,14.074,13173,13222,32102,31590,-49
273,14.126,12724,12681,31640,31712,43
274,14.177,11718,13046,31691,31797,-1328
275,14.229,11432,12504,32479,31578,-1072
276,14.281,11237,12395,31152,32053,-1158
277,14.333,11838,12547,33701,32126,-709
278,14.384,11328,12529,31602,32107,-1201
279,14.436,13599,12973,31906,31937,626
280,14.488,11067,12948,31773,32034,-1881
281,14.54,10417,11890,30876,32229,-1473
282,14.591,12622,12480,32790,31852,142
283,14.643,10731,11860,33199,31657,-1129
284,14.695,10703,12383,33191,32132,-1680
285,14.746,11624,12206,32087,32059,-582
286,14.798,10844,11914,32409,31839,-1070
287,14.85,11793,13027,30134,31931,-1234
288,14.902,11836,11872,32084,32259,-36
289,14.953,11909,12206,31770,31949,-297
290,15.005,11445,12346,31625,31998,-901
291,15.057,9795,12091,33280,32400,-2296
292,15.109,12511,12492,31813,31620,19
293,15.16,11603,12383,30423,31809,-780
294,15.212,11095,12097,31794,32205,-1002
295,15.264,12008,12261,30951,32193,-253
296,15.316,12179,12389,31099,32247,-210
297,15.367,11420,11367,32295,32138,53
298,15.419,11863,11926,33091,32272,-63
299,15.471,11535,12139,31026,32266,-604
300,15.523,11497,12182,30700,32180,-685
301,15.574,11231,12231,33056,31876,-1000
302,15.626,12501,12133,33118,32278,368
303,15.678,11198,12267,32075,31584,-1069
304,15.73,11013,11689,33938,32229,-676
305,15.781,11958,11957,32780,31596,1
306,15.833,11020,11774,30573,32345,-754
307,15.885,10748,12085,32443,31852,-1337
308,15.937,10995,12127,32646,31876,-1132
309,15.988,11834,11841,32411,31590,-7
310,16.04,10683,11799,31545,31797,-1116
311,16.092,10998,12212,33168,31663,-1214
312,16.144,11119,12255,30305,31712,-1136
313,16.195,12322,12370,32818,32253,-48
314,16.247,11448,12395,31753,31827,-947
315,16.299,11568,12553,32709,32193,-985
316,16.35,11618,12474,32094,31693,-856
317,16.402,10734,11841,31884,31645,-1107
318,16.454,12327,11969,34048,31614,358
319,16.506,11283,11908,32058,31846,-625
320,16.557,12295,12644,31634,31979,-349
321,16.609,12040,12486,30169,31876,-446
322,16.661,11047,11659,31439,32107,-612
323,16.713,11968,12273,32354,32345,-305
324,16.764,11654,11963,32049,31547,-309
325,16.816,12060,11829,32543,32083,231
326,16.868,12950,12681,32009,32418,269
327,16.92,13200,12462,32057,31699,738
328,16.971,12000,11768,32404,31888,232
329,17.023,11278,11574,28801,31943,-296
330,17.075,11436,11513,31975,31748,-77
331,17.127,12281,11507,32403,31663,774
332,17.178,12848,12948,32257,31663,-100
333,17.23,12545,11969,32086,31882,576
334,17.282,12407,11939,31684,31858,468
335,17.334,13451,11914,33042,32119,1537
336,17.385,11706,11847,31884,32333,-141
337,17.437,12887,11738,33724,31742,1149
338,17.489,11348,11860,32951,31973,-512
339,17.541,11560,11191,30961,31986,369
340,17.592,10907,11720,31742,31639,-813
341,17.644,10325,11227,31844,31626,-902
342,17.696,11846,11136,31810,31833,710
343,17.748,11328,11434,33343,32077,-106
344,17.799,11172,11939,32381,32046,-767
345,17.851,11047,11720,31634,31925,-673
346,17.903,10732,11872,32121,31492,-1140
347,17.954,11482,12018,33667,31925,-536
348,18.006,11713,12893,32242,32040,-1180
349,18.058,12274,12164,33799,32004,110
350,18.11,12643,12662,31368,31480,-19
351,18.161,12737,12449,30429,32101,288
352,18.213,10883,12042,32462,31858,-1159
353,18.265,11755,11908,32466,31663,-153
354,18.317,11854,11428,32743,32101,426
355,18.368,11510,11549,32607,32138,-39
356,18.42,11192,11805,32697,32053,-613
357,18.472,11626,11799,32650,31785,-173
358,18.524,11865,11574,32204,31645,291
359,18.575,11861,11671,32019,31949,190
360,18.627,11716,11671,32334,31967,45
361,18.679,11158,11464,32128,32089,-306
362,18.731,12328,11811,32729,32229,517
363,18.782,12053,11732,30757,31669,321
364,18.834,12651,12304,33440,31815,347
365,18.886,11674,12583,31753,31730,-909
366,18.938,11660,11768,31898,31766,-108
367,18.989,11400,11391,32478,32229,9
368,19.041,10912,11093,32330,31626,-181
369,19.093,12105,11780,31748,32144,325
370,19.145,11674,11835,32360,31797,-161
371,19.196,13726,11799,33856,31413,1927
372,19.248,12036,11519,32176,31809,517
373,19.3,10491,11489,30183,31772,-998
374,19.352,10479,11251,33607,32454,-772
375,19.403,10103,11203,31869,32083,-1100
376,19.455,11989,11501,31358,31937,488
377,19.507,10213,11574,31520,31608,-1361
378,19.558,10828,11555,33257,31578,-727
379,19.61,11015,11495,31745,31718,-480
380,19.662,11464,11744,33079,31712,-280
381,19.714,10956,11993,32316,31858,-1037
382,19.765,11635,11817,31505,31797,-182
383,19.817,12686,12468,32109,31626,218
384,19.869,11485,12529,31322,31973,-1044
385,19.921,10973,12060,31723,31839,-1087
386,19.972,11683,12194,32464,31742,-511
387,20.024,11929,11981,32136,31590,-52
388,20.076,11443,11890,31275,31821,-447
389,20.128,11579,11817,32331,31846,-238
390,20.179,11554,12273,33163,31846,-719
391,20.231,11746,11853,32027,32016,-107
392,20.283,11255,11598,33014,31949,-343
393,20.335,11741,11410,32632,31943,331
394,20.386,11435,11835,31888,31779,-400
395,20.438,11062,11543,30783,31797,-481
396,20.49,10526,11349,31540,32253,-823
397,20.542,11965,12656,31731,31846,-691
398,20.593,13162,12620,33439,31973,542
399,20.645,12247,12474,31613,31553,-227
400,20.697,11024,12285,32087,31663,-1261
401,20.749,10868,11330,33312,31839,-462
402,20.8,11184,11276,32103,31462,-92
403,20.852,10915,11963,33957,31961,-1048
404,20.904,11715,11939,33332,31492,-224
405,20.956,12074,11689,31926,31760,385
406,21.007,11025,11470,31932,31833,-445
407,21.059,12302,11495,30986,31486,807
408,21.111,10710,11148,32860,31718,-438
409,21.162,10345,11379,32783,31949,-1034
410,21.214,10344,11416,30485,32540,-1072
411,21.266,10541,11136,30891,31955,-595
412,21.318,10254,11105,30718,31791,-851
413,21.369,10209,11191,32361,31687,-982
414,21.421,10514,11525,32203,31505,-1011
415,21.473,11106,11379,30387,32211,-273
416,21.525,11092,12103,33636,32059,-1011
417,21.576,11092,11768,31932,32132,-676
418,21.628,11657,11762,33381,32314,-105
419,21.68,10632,11410,32656,31687,-778
420,21.732,11375,12127,32087,31919,-752
421,21.783,12184,11969,31057,31821,215
422,21.835,10597,11750,31011,31912,-1153
423,21.887,10816,11458,32291,31821,-642
424,21.939,11236,11671,31541,32521,-435
425,21.99,10614,12036,31940,31742,-1422
426,22.042,11761,11993,30927,32065,-232
427,22.094,10658,12255,32769,32369,-1597
428,22.146,11287,11811,33156,32016,-524
429,22.197,10703,12024,32454,31846,-1321
430,22.249,11317,11780,31336,31748,-463
431,22.301,12566,12121,32538,31931,445
432,22.353,12348,12097,32983,32010,251
433,22.404,10544,11349,29671,32442,-805
434,22.456,12304,11689,32933,32059,615
435,22.508,10255,11458,32594,32010,-1203
436,22.56,11670,11543,32000,31906,127
437,22.611,14686,12401,32015,31925,2285
438,22.663,13676,12109,31990,31925,1567
439,22.715,10697,11525,32214,31967,-828
440,22.766,11458,11300,31557,32071,158
441,22.818,10819,11136,32410,32126,-317
442,22.87,10893,11343,32609,32162,-450
443,22.922,11081,11592,31948,32314,-511
444,22.973,10709,11525,32313,32071,-816
445,23.025,11535,12072,32692,31766,-537
446,23.077,10911,11872,32467,32053,-961
447,23.129,12134,11562,32115,32259,572
448,23.18,11764,11701,32674,32205,63
449,23.232,12048,12310,32317,32016,-262
450,23.284,11728,12042,31731,32448,-314
451,23.336,11647,11853,32185,31973,-206
452,23.387,10264,12377,31279,32272,-2113
453,23.439,11716,12705,33210,32479,-989
454,23.491,12807,11653,32833,32107,1154
455,23.543,11623,11780,31417,32174,-157
456,23.594,10863,11245,31875,31839,-382
457,23.646,11133,11860,32302,32314,-727
458,23.698,10467,11191,32210,31651,-724
459,23.75,10782,11616,30646,32199,-834
460,23.801,13297,12012,33113,32180,1285
461,23.853,12332,11945,30094,32387,387
462,23.905,11890,11884,31088,32333,6
463,23.957,11051,11732,30960,31925,-681
464,24.008,11333,11714,31434,32272,-381
465,24.06,12753,12036,30584,32259,717
466,24.112,10521,11099,31645,32059,-578
467,24.164,10450,11184,33172,32436,-734
468,24.215,10841,11817,33661,32132,-976
469,24.267,13102,11860,31994,32199,1242
470,24.319,12573,12279,31552,32320,294
471,24.37,12108,12504,32359,31894,-396
472,24.422,12743,12133,31631,32241,610
473,24.474,12090,12206,30366,32077,-116
474,24.526,12351,11762,32146,32369,589
475,24.577,10380,11397,32302,32253,-1017
476,24.629,11959,12024,33009,32059,-65
477,24.681,12505,11890,32193,31724,615
478,24.733,13128,12316,31156,32162,812
479,24.784,11825,12024,32432,31967,-199
480,24.836,11236,11987,33454,31925,-751
481,24.888,11209,11957,32115,32065,-748
482,24.94,11483,12364,33631,31699,-881
483,24.991,12268,11914,33621,31955,354
484,25.043,12507,11671,31499,32357,836
485,25.095,12232,11799,32818,31992,433
486,25.147,11835,11647,33524,31827,188
487,25.198,10930,11622,31815,31870,-692
488,25.25,11830,11896,30382,31931,-66
489,25.302,13394,12297,33452,31992,1097
490,25.354,11856,11440,33293,32199,416
491,25.405,12076,11622,33275,31876,454
492,25.457,12804,11720,32625,32162,1084
493,25.509,11571,11701,31101,31925,-130
494,25.561,11133,11470,32345,32302,-337
495,25.612,11509,11464,33078,32558,45
496,25.664,12363,11324,32279,32199,1039
497,25.716,11618,11416,32447,31492,202
498,25.768,12057,11981,32403,32186,76
499,25.819,11861,11835,31928,31639,26
500,25.871,11229,12121,30927,32004,-892
501,25.923,10676,12079,32917,32162,-1403
502,25.974,10461,11774,31826,31900,-1313
503,26.026,11753,11975,32045,32138,-222
504,26.078,11212,11829,31847,32211,-617
505,26.13,12057,10996,32712,32235,1061
506,26.181,10567,11738,32337,32126,-1171
507,26.233,10903,11817,31593,32022,-914
508,26.285,11114,11738,32698,31681,-624
509,26.337,10864,11641,32150,32132,-777
510,26.388,12212,11762,30814,31949,450
511,26.44,11831,12097,31537,32205,-266
512,26.492,11376,11762,32339,32186,-386
513,26.544,12203,11610,32577,32552,593
514,26.595,11232,11683,33334,32351,-451
515,26.647,11052,11507,32571,32351,-455
516,26.699,11519,11878,31737,31693,-359
517,26.751,11981,12413,31962,32168,-432
518,26.802,11758,11890,32929,32448,-132
519,26.854,11023,12054,32391,32479,-1031
520,26.906,11524,11482,30757,32193,42
521,26.958,10412,11677,33733,31937,-1265
522,27.009,11141,11683,32059,32004,-542
523,27.061,11771,11933,31997,32205,-162
524,27.113,11061,12176,31921,31955,-1115
525,27.165,10914,11708,31878,32034,-794
526,27.216,12937,11610,33099,32326,1327
527,27.268,12027,11774,31766,32272,253
528,27.32,11850,11628,33462,32649,222
529,27.372,12867,11793,31166,32509,1074
530,27.423,12289,12018,31624,32083,271
531,27.475,11610,11689,32401,32144,-79
532,27.527,11982,11616,29776,31535,366
533,27.578,10639,11489,30788,32339,-850
534,27.63,10159,11695,32272,32132,-1536
535,27.682,11295,11330,33371,32229,-35
536,27.734,11045,11835,32322,31858,-790
537,27.785,11443,11647,31786,31906,-204
538,27.837,12257,11361,30512,31973,896
539,27.889,10932,11501,33384,32418,-569
540,27.941,11128,11233,30319,31772,-105
541,27.992,11366,11282,30567,32022,84
542,28.044,12399,12006,32632,32199,393
543,28.096,11707,11555,32912,31967,152
544,28.148,10300,10990,31195,32259,-690
545,28.199,11392,11531,30397,31882,-139
546,28.251,10850,11853,31769,32028,-1003
547,28.303,11429,11580,31940,32253,-151
548,28.355,10854,11257,32787,32199,-403
549,28.406,10703,11294,31304,32022,-591
550,28.458,11220,11890,32264,31785,-670
551,28.51,10623,11476,32651,32284,-853
552,28.562,10253,11866,32755,32180,-1613
553,28.613,11495,11397,32222,31931,98
554,28.665,10098,11446,30566,32046,-1348
555,28.717,10479,11817,33261,32259,-1338
556,28.769,11148,11470,33149,31858,-322
557,28.82,11458,11592,34036,32156,-134
558,28.872,10913,11787,33672,31925,-874
559,28.924,11167,11562,31676,32515,-395
560,28.976,11132,11793,32984,31888,-661
561,29.027,10849,11555,32645,32101,-706
562,29.079,11576,11872,33390,31900,-296
563,29.131,11377,11708,32377,32217,-331
564,29.182,10901,11379,32955,32095,-478
565,29.234,11234,11756,33504,32479,-522
566,29.286,10718,11981,32895,32138,-1263
567,29.338,11456,11756,31354,32004,-300
568,29.389,12418,11379,32355,31943,1039
569,29.441,10994,11768,32601,31772,-774
570,29.493,12092,11549,32781,32156,543
571,29.545,10797,11349,31457,32247,-552
572,29.596,11308,11032,31621,32053,276
573,29.648,10888,11379,31753,32034,-491
574,29.7,10375,11677,32659,31839,-1302
575,29.752,11842,11543,32209,31523,299
576,29.803,11437,12176,32360,32193,-739
577,29.855,11344,12322,31241,32400,-978
578,29.907,11763,11750,31122,32326,13
579,29.959,10699,11549,33315,32004,-850
580,30.01,10477,12182,31667,31876,-1705
581,30.062,10660,11853,30965,32430,-1193
582,30.114,11633,12431,31435,32040,-798
583,30.166,10924,11647,31459,31809,-723
584,30.217,10056,11379,32947,31937,-1323
585,30.269,10544,11555,31903,32205,-1011
586,30.321,11285,11939,33409,31949,-654
587,30.373,11686,11738,32562,32040,-52
588,30.424,10054,11251,31987,32278,-1197
589,30.476,11086,12091,31800,32034,-1005
590,30.528,11917,12036,32276,31730,-119
591,30.58,10577,12340,33145,32284,-1763
592,30.631,11748,11750,31680,32053,-2
593,30.683,10759,11920,31880,32168,-1161
594,30.735,11100,11397,32251,31973,-297
595,30.786,10562,11616,33183,31760,-1054
596,30.838,11166,11422,32384,32406,-256
597,30.89,12054,11184,33012,31925,870
598,30.942,11767,11337,32926,32393,430
599,30.993,11496,11045,31179,31760,451
600,31.045,11489,11288,32332,32095,201
601,31.097,10872,11762,32391,32223,-890
602,31.149,11206,11726,31359,32266,-520
603,31.2,10759,11330,32346,31839,-571
604,31.252,11336,11385,33043,32028,-49
605,31.304,10662,11410,32377,31785,-748
606,31.356,11469,11604,32339,32345,-135
607,31.407,11673,12158,32696,32369,-485
608,31.459,12224,12103,33307,32138,121
609,31.511,12288,11628,32878,31602,660
610,31.563,11952,11872,32649,32132,80
611,31.614,12777,11513,31756,32022,1264
612,31.666,13463,11841,32334,32144,1622
613,31.718,10843,11531,31521,31559,-688
614,31.77,11607,11312,31038,32095,295
615,31.821,12584,11312,32762,31760,1272
616,31.873,10805,11318,33888,31687,-513
617,31.925,11582,11154,32397,32503,428
618,31.977,10202,11239,33509,32284,-1037
619,32.028,11457,11482,32069,31858,-25
620,32.08,11108,11604,32223,32424,-496
621,32.132,11768,12352,32079,32022,-584
622,32.184,11285,11793,32823,32046,-508
623,32.235,11010,11695,32847,32375,-685
624,32.287,10594,11616,32426,32424,-1022
625,32.339,11598,11458,32945,31578,140
626,32.39,10700,11732,31863,31821,-1032
627,32.442,11661,11793,32237,32107,-132
628,32.494,10756,11616,30758,31754,-860
629,32.546,10119,11738,31281,31687,-1619
630,32.597,10718,11531,32141,32728,-813
631,32.649,10589,11555,32344,32272,-966
632,32.701,10553,12048,34018,31748,-1495
633,32.753,12158,11671,33052,32107,487
634,32.804,10583,11884,31732,31967,-1301
635,32.856,10755,11568,33061,32485,-813
636,32.908,10689,11391,32613,31681,-702
637,32.96,10605,10953,31115,32144,-348
638,33.011,10074,11063,33818,32436,-989
639,33.063,11339,11647,32539,32223,-308
640,33.115,10692,11701,32199,32393,-1009
641,33.167,10592,11665,33897,32132,-1073
642,33.218,11777,11361,30732,31827,416
643,33.27,12063,11714,32220,32400,349
644,33.322,11059,11939,31693,32229,-880
645,33.374,10152,11689,32248,32661,-1537
646,33.425,11267,12267,31659,32010,-1000
647,33.477,11560,11993,32294,32186,-433
648,33.529,10731,11568,31427,31979,-837
649,33.581,10052,11373,32933,32077,-1321
650,33.632,10553,11458,33581,31900,-905
651,33.684,11783,12377,33194,31967,-594
652,33.736,12258,12072,31795,32186,186
653,33.788,11454,11641,31720,31346,-187
654,33.839,10407,11884,33314,31858,-1477
655,33.891,11273,12133,32669,32460,-860
656,33.943,11042,12304,32321,31931,-1262
657,33.994,10450,11896,32877,32369,-1446
658,34.046,10792,12370,32906,32241,-1578
659,34.098,10620,11847,32947,32132,-1227
660,34.15,11423,11750,33755,32314,-327
661,34.201,11038,11610,32857,32016,-572
662,34.253,10740,11276,33922,32223,-536
663,34.305,10183,11130,32120,32059,-947
664,34.357,11633,12085,32467,31827,-452
665,34.408,10770,12054,32905,32266,-1284
666,34.46,11171,11434,33327,32400,-263
667,34.512,11088,11714,34428,31949,-626
668,34.564,10319,11598,31192,31785,-1279
669,34.615,11928,11933,32257,31736,-5
670,34.667,10744,11641,30659,32211,-897
671,34.719,10748,11774,32276,31827,-1026
672,34.771,10895,10966,34072,32460,-71
673,34.822,10743,10917,32115,32156,-174
674,34.874,11426,11890,33683,32412,-464
675,34.926,10918,11531,32614,32132,-613
676,34.978,10175,11464,31579,31705,-1289
677,35.029,10142,10935,31630,31699,-793
678,35.081,10341,11416,31384,32217,-1075
679,35.133,11946,11416,33469,31949,530
680,35.185,10288,11276,32800,31565,-988
681,35.236,11977,11628,31237,32083,349
682,35.288,11459,11543,32003,32083,-84
683,35.34,12887,11452,31934,32448,1435
684,35.392,10253,11391,33358,32156,-1138
685,35.443,11181,11178,32370,32466,3
686,35.495,11501,11379,31794,32205,122
687,35.547,11205,11878,34055,31803,-673
688,35.598,11426,11957,32796,32387,-531
689,35.65,10881,11811,32583,32126,-930
690,35.702,12524,11914,31702,32235,610
691,35.754,11430,12151,29941,32107,-721
692,35.805,10388,11501,32161,31425,-1113
693,35.857,11575,11756,33321,31852,-181
694,35.909,10694,11823,33370,32448,-1129
695,35.961,11944,11568,32220,32253,376
696,36.012,11681,11987,32330,31815,-306
697,36.064,13193,11805,33505,31657,1388
698,36.116,12589,11951,31953,31979,638
699,36.168,10412,11744,31664,32558,-1332
700,36.219,10141,11391,32403,31675,-1250
701,36.271,11519,11531,34292,32266,-12
702,36.323,10497,11744,34740,32046,-1247
703,36.375,11302,11635,33919,31937,-333
704,36.426,12237,11720,33130,32071,517
705,36.478,12496,11762,32583,32162,734
706,36.53,10975,11312,32583,31596,-337
707,36.582,10603,10990,32729,32040,-387
708,36.633,9829,11543,32661,32046,-1714
709,36.685,12568,11586,33958,32040,982
710,36.737,10568,10947,33848,31949,-379
711,36.789,10244,11245,32659,31858,-1001
712,36.84,11512,11045,31960,32880,467
713,36.892,12069,11385,33878,32454,684
714,36.944,11817,10959,32496,32278,858
715,36.996,11026,11136,34103,32400,-110
716,37.047,12386,11367,32325,32235,1019
717,37.099,10742,11440,32468,32259,-698
718,37.151,10422,11209,34321,31925,-787
719,37.202,10644,11677,34630,32119,-1033
720,37.254,13554,11294,32656,32406,2260
721,37.306,11228,11039,32665,32266,189
722,37.358,11458,11215,32743,32083,243
723,37.409,11654,11531,33657,32229,123
724,37.461,11208,10838,33976,31931,370
725,37.513,10377,10619,33335,32065,-242
726,37.565,10913,10479,34154,32345,434
727,37.616,10982,11069,31936,32004,-87
728,37.668,11739,10966,32781,32144,773
729,37.72,11673,10716,33114,32588,957
730,37.772,10373,11142,33239,32101,-769
731,37.823,10339,10473,33671,32107,-134
732,37.875,10407,10266,31902,32643,141
733,37.927,10154,11215,32533,32314,-1061
734,37.979,10388,11233,32623,31979,-845
735,38.03,11352,11574,34280,32473,-222
736,38.082,11149,11099,33354,32193,50
737,38.134,11104,11343,33877,32065,-239
738,38.186,10920,11349,34304,31499,-429
739,38.237,10988,11525,34089,32156,-537
740,38.289,11760,11300,33162,32004,460
741,38.341,11303,11270,32077,32065,33
742,38.393,11600,11422,31954,32314,178
743,38.444,12289,11762,32501,32132,527
744,38.496,12368,12316,33206,31937,52
745,38.548,11166,12054,33255,31736,-888
746,38.6,10968,11446,32695,31973,-478
747,38.651,10802,11622,33018,32071,-820
748,38.703,10615,11732,33045,32290,-1117
749,38.755,10622,11513,31892,32296,-891
750,38.806,11423,11659,32904,32223,-236
751,38.858,10499,11397,31478,32150,-898
752,38.91,11038,11330,32481,32412,-292
753,38.962,10874,11178,31156,32028,-304
754,39.013,11620,11300,31470,32308,320
755,39.065,11095,11373,33618,33051,-278
756,39.117,12862,12024,32670,32247,838
757,39.169,11672,11543,32392,32357,129
758,39.22,14063,11671,31993,32284,2392
759,39.272,12006,11762,32261,32156,244
760,39.324,11368,11513,32772,32588,-145
761,39.376,10407,11726,31601,32406,-1319
762,39.427,10104,10856,33381,32004,-752
763,39.479,11242,11026,31335,32065,216
764,39.531,11689,11105,34288,32503,584
765,39.583,11464,11428,32312,32442,36
766,39.634,11501,11403,32428,32034,98
767,39.686,10954,11519,35050,31772,-565
768,39.738,10391,11233,31649,32144,-842
769,39.79,12099,11379,32349,32040,720
770,39.841,10979,10868,32442,32473,111
771,39.893,11572,10966,33493,32113,606
772,39.945,10886,11203,33313,32339,-317
773,39.997,11063,11197,32713,32205,-134
774,40.048,11217,10734,32455,32820,483
775,40.1,10367,10789,33801,32211,-422
776,40.152,11033,10765,34024,32217,268
777,40.204,11162,11300,33047,32284,-138
778,40.255,11299,11458,31411,31992,-159
779,40.307,13714,11191,34342,32034,2523
780,40.359,11496,11446,32892,32339,50
781,40.41,13548,12206,32975,32132,1342
782,40.462,12263,11920,31759,32150,343
783,40.514,11351,11397,31570,32436,-46
784,40.566,11822,11464,33022,32004,358
785,40.617,12945,11130,32313,32369,1815
786,40.669,12552,11391,32915,32162,1161
787,40.721,12924,11227,31914,32296,1697
788,40.773,10635,11057,32296,32406,-422
789,40.824,11209,11264,32833,31986,-55
790,40.876,10917,11744,33465,31882,-827
791,40.928,10722,11154,32835,32406,-432
792,40.98,12371,12066,33633,31967,305
793,41.031,10110,10880,32187,32034,-770
794,41.083,11125,11349,33097,31797,-224
795,41.135,10863,11337,32586,31864,-474
796,41.187,12170,11489,31008,32247,681
797,41.238,10847,11695,33291,32150,-848
798,41.29,11101,11531,31925,32113,-430
799,41.342,11133,11568,31279,31998,-435
800,41.394,11356,11257,32548,32351,99
801,41.445,11389,11677,31881,32162,-288
802,41.497,10447,11020,30440,32424,-573
803,41.549,10915,11367,32915,32619,-452
804,41.601,10418,11008,32192,32168,-590
805,41.652,10805,11032,32788,32059,-227
806,41.704,9989,10570,33180,31760,-581
807,41.756,10879,11641,32267,32558,-762
808,41.808,11362,11203,33100,32193,159
809,41.859,9402,11172,33272,32150,-1770
810,41.911,11431,11537,33374,32747,-106
811,41.963,12296,11410,33002,32442,886
812,42.015,12653,11987,34019,32692,666
813,42.066,11066,11531,32357,32606,-465
814,42.118,10062,10783,31846,32363,-721
815,42.17,9837,10789,30219,32777,-952
816,42.221,10954,11020,32476,32150,-66
817,42.273,11299,12206,30310,32552,-907
818,42.325,11125,11847,33071,32369,-722
819,42.377,10754,10783,32687,32424,-29
820,42.428,11558,11610,32240,32777,-52
821,42.48,10483,11245,32248,32424,-762
822,42.532,11243,11677,32289,31322,-434
823,42.584,11277,11081,31831,32296,196
824,42.635,10984,11087,32264,32284,-103
825,42.687,10681,11014,33709,32363,-333
826,42.739,11062,11148,32304,31791,-86
827,42.791,10927,12267,32431,32028,-1340
828,42.842,10884,11598,31123,32369,-714
829,42.894,12747,11513,33505,32546,1234
830,42.946,11761,12018,32707,32138,-257
831,42.998,11340,12042,33097,31821,-702
832,43.049,12712,11993,33206,32363,719
833,43.101,13622,11774,32832,32649,1848
834,43.153,11388,11604,31643,32351,-216
835,43.205,11404,11221,31595,32728,183
836,43.256,10139,11349,32741,32320,-1210
837,43.308,11455,11148,33220,32448,307
838,43.36,9752,11251,33990,31912,-1499
839,43.412,12539,11555,33308,32180,984
840,43.463,11437,11568,34654,32241,-131
841,43.515,10574,11045,32936,32259,-471
842,43.567,10804,11288,33392,32266,-484
843,43.619,11886,10582,32336,32302,1304
844,43.67,13123,11087,32968,32564,2036
845,43.722,11559,11264,34104,32138,295
846,43.774,10481,10923,34006,32369,-442
847,43.825,10055,11489,34383,32363,-1434
848,43.877,10696,10996,32569,32314,-300
849,43.929,11688,11197,32495,32186,491
850,43.981,10758,11446,34198,31821,-688
851,44.032,10947,12030,33261,32387,-1083
852,44.084,11004,11683,31474,32454,-679
853,44.136,12003,11926,32358,32491,77
854,44.188,10892,11197,33382,32022,-305
855,44.239,11840,11306,33291,32266,534
856,44.291,11753,11282,32421,32375,471
857,44.343,11125,11860,32845,32406,-735
858,44.395,11157,11750,32478,32004,-593
859,44.446,11841,11519,30931,32479,322
860,44.498,10158,11355,33440,32905,-1197
861,44.55,10465,11039,32003,32156,-574
862,44.602,14345,11476,32540,32259,2869
863,44.653,11327,11221,31389,32046,106
864,44.705,10831,11689,31727,32485,-858
865,44.757,10580,11999,31095,32418,-1419
866,44.809,11033,11574,31346,32381,-541
867,44.86,10518,11598,32741,32229,-1080
868,44.912,11014,11215,32440,31912,-201
869,44.964,11022,11087,32455,32728,-65
870,45.016,11018,11184,32865,32740,-166
871,45.067,11089,11410,33125,32558,-321
872,45.119,11102,10984,31563,32326,118
873,45.171,12569,11482,32500,32302,1087
874,45.223,12336,11391,31688,32375,945
875,45.274,11451,11714,33755,32174,-263
876,45.326,10349,11276,32639,32046,-927
877,45.378,10270,11057,33357,32034,-787
878,45.429,11611,11172,34166,32040,439
879,45.481,10939,11410,33701,32253,-471
880,45.533,11940,11373,32520,32954,567
881,45.585,11227,11300,33943,32034,-73
882,45.636,11162,11750,31688,32229,-588
883,45.688,10768,11598,31817,32241,-830
884,45.74,10527,11105,33415,32022,-578
885,45.792,11070,11209,33773,32053,-139
886,45.843,11724,11045,32003,32466,679
887,45.895,11449,11245,31580,32606,204
888,45.947,10654,11312,34017,32284,-658
889,45.999,11450,11884,32836,32259,-434
890,46.05,12226,11738,30897,32101,488
891,46.102,11385,11482,34233,32485,-97
892,46.154,13337,11817,32483,32533,1520
893,46.206,10728,11349,31669,32272,-621
894,46.257,10627,11160,32395,32186,-533
895,46.309,10353,11665,32676,32649,-1312
896,46.361,10921,11902,31955,32168,-981
897,46.413,10587,11537,31974,31663,-950
898,46.464,10472,11318,33061,32357,-846
899,46.516,11677,11343,33397,32558,334
900,46.568,11215,11343,32466,32667,-128
901,46.62,12312,11616,30042,31833,696
902,46.671,12733,11416,33455,32095,1317
903,46.723,11722,11622,30811,32473,100
904,46.775,11124,11373,32584,31785,-249
905,46.827,11836,11032,31861,32266,804
906,46.878,11239,11032,32886,31937,207
907,46.93,10458,11087,33290,32357,-629
908,46.982,10255,11111,32203,32241,-856
909,47.033,12519,11081,33493,32266,1438
910,47.085,10129,11203,32652,32406,-1074
911,47.137,11743,11489,30999,32290,254
912,47.189,11285,11191,31411,32783,94
913,47.24,10817,11178,31251,32101,-361
914,47.292,10927,11063,33571,32095,-136
915,47.344,10919,11525,33590,32095,-606
916,47.396,11326,12109,32156,32412,-783
917,47.447,11341,11787,31210,32339,-446
918,47.499,12038,11148,32378,32333,890
919,47.551,10861,11154,32436,32375,-293
920,47.603,10978,11294,34154,32126,-316
921,47.654,11212,11434,31398,32016,-222
922,47.706,11658,11513,32517,32363,145
923,47.758,12739,11081,33055,31748,1658
924,47.81,10253,10820,31205,31876,-567
925,47.861,10025,10783,31788,32010,-758
926,47.913,10144,10844,32319,32278,-700
927,47.965,10692,10899,33360,32132,-207
928,48.017,9940,11045,32361,32509,-1105
929,48.068,9584,10795,31555,31779,-1211
930,48.12,10026,10576,32509,32138,-550
931,48.172,10658,10674,32099,32333,-16
932,48.224,10109,11385,31923,31967,-1276
933,48.275,10550,10771,33263,32357,-221
934,48.327,10104,10820,31224,32600,-716
935,48.379,10796,10710,31426,32168,86
936,48.431,10780,10905,33512,32430,-125
937,48.482,10670,11276,32707,32168,-606
938,48.534,9593,10771,32234,32174,-1178
939,48.586,10379,10966,33209,32174,-587
940,48.637,10065,10716,31205,32241,-651
941,48.689,10652,11099,32278,32387,-447
942,48.741,10939,11130,31542,31864,-191
943,48.793,10469,10959,32029,31912,-490
944,48.844,10207,10327,32606,32290,-120
945,48.896,10069,11002,32272,32357,-933
946,48.948,10355,11136,31860,32594,-781
947,49.0,11081,11197,30674,31797,-116
948,49.051,10455,10418,32147,32424,37
949,49.103,9879,10722,32118,32515,-843
950,49.155,10818,10728,31512,32095,90
951,49.207,10552,10917,30650,32253,-365
952,49.258,11184,10844,31925,32813,340
953,49.31,10485,11111,32003,32430,-626
954,49.362,10409,10674,32873,32065,-265
955,49.414,10610,11039,32771,31797,-429
956,49.465,10370,10959,31904,31992,-589
957,49.517,10345,11130,31647,32004,-785
958,49.569,11524,10801,32981,32387,723
959,49.621,10601,10661,32666,32369,-60
960,49.672,9391,10741,33130,32424,-1350
961,49.724,11576,11160,34251,32418,416
962,49.776,11361,10637,31475,32740,724
963,49.828,10274,11239,32046,32680,-965
964,49.879,11263,11318,31638,32503,-55
965,49.931,10930,11191,33500,32339,-261
966,49.983,10601,11276,32153,32278,-675
967,50.035,10608,10856,32699,32400,-248
968,50.086,11659,11221,31659,32515,438
969,50.138,11488,11355,32727,32485,133
970,50.19,11304,11568,32891,32564,-264
971,50.241,10618,10929,32035,32333,-311
972,50.293,10964,11568,31824,32838,-604
973,50.345,10885,11458,32187,32442,-573
974,50.397,11026,11245,32131,32180,-219
975,50.448,10682,11209,33767,32168,-527
976,50.5,10056,11203,34299,32728,-1147
977,50.552,9894,11172,32338,32473,-1278
978,50.604,9922,11124,32522,32247,-1202
979,50.655,9903,10947,31717,31973,-1044
980,50.707,10944,11841,32741,32290,-897
981,50.759,10538,11452,32888,32576,-914
982,50.811,11934,11701,32237,32606,233
983,50.862,9358,11312,32523,32284,-1954
984,50.914,10295,10905,32105,32217,-610
985,50.966,10437,11111,33032,32734,-674
986,51.018,10245,11148,32320,32521,-903
987,51.069,12653,11446,34063,31870,1207
988,51.121,9962,11337,33004,32442,-1375
989,51.173,10056,11075,32751,32692,-1019
990,51.225,11699,11446,32192,32339,253
991,51.276,12508,11543,32488,32363,965
992,51.328,12355,11878,33709,32655,477
993,51.38,11222,11823,33884,32564,-601
994,51.432,11570,11403,32731,32229,167
995,51.483,11667,11215,32607,32040,452
996,51.535,12179,11452,33789,32132,727
997,51.587,10602,11476,33613,32473,-874
998,51.639,11874,11732,33666,32655,142
999,51.69,12494,11410,33258,32753,1084
