id,avg_x,avg_y,x,y,bg,Square_intensity,circular_intensity,Gaussian_intensity
1,176.370,69.230,175.97,69.63,1299.64,10189.0,2093.0,2093.0
2,176.370,69.230,175.97,69.63,1299.64,11160.0,2425.0,2425.0
3,176.370,69.230,175.97,69.63,1299.64,9907.0,2050.0,2050.0
4,176.370,69.230,175.97,69.63,1299.64,9340.0,1907.0,1907.0
5,176.370,69.230,175.97,69.63,1299.64,11562.0,2484.0,2484.0
6,176.370,69.230,175.97,69.63,1299.64,11821.0,2538.0,2538.0
7,176.370,69.230,175.97,69.63,1299.64,11024.0,2359.0,2359.0
8,176.370,69.230,175.97,69.63,1299.64,11226.0,2362.0,2362.0
9,176.370,69.230,175.97,69.63,1299.64,10477.0,2224.0,2224.0
10,176.370,69.230,175.97,69.63,1299.64,10947.0,2298.0,2298.0
11,176.370,69.230,175.97,69.63,1299.64,12857.0,2722.0,2722.0
12,176.370,69.230,175.97,69.63,1299.64,12677.0,2677.0,2677.0
13,176.370,69.230,175.97,69.63,1299.64,10362.0,2131.0,2131.0
14,176.370,69.230,175.97,69.63,1299.64,10912.0,2336.0,2336.0
15,176.370,69.230,175.97,69.63,1299.64,10097.0,1981.0,1981.0
16,176.370,69.230,175.97,69.63,1299.64,11588.0,2434.0,2434.0
17,176.370,69.230,175.97,69.63,1299.64,18420.0,7568.0,7568.0
18,176.370,69.230,175.97,69.63,1299.64,10571.0,2168.0,2168.0
19,176.370,69.230,175.97,69.63,1299.64,11457.0,2313.0,2313.0
20,176.370,69.230,175.97,69.63,1299.64,12119.0,2729.0,2729.0
21,176.370,69.230,175.97,69.63,1299.64,10527.0,2213.0,2213.0
22,176.370,69.230,175.97,69.63,1299.64,13414.0,3040.0,3040.0
23,176.370,69.230,175.97,69.63,1299.64,14817.0,3779.0,3779.0
24,176.370,69.230,175.97,69.63,1299.64,10723.0,2237.0,2237.0
25,176.370,69.230,175.97,69.63,1299.64,11929.0,2621.0,2621.0
26,176.370,69.230,175.97,69.63,1299.64,10060.0,1732.0,1732.0
27,176.370,69.230,175.97,69.63,1299.64,9852.0,1861.0,1861.0
28,176.370,69.230,175.97,69.63,1299.64,10624.0,2169.0,2169.0
29,176.370,69.230,175.97,69.63,1299.64,10472.0,2059.0,2059.0
30,176.370,69.230,175.97,69.63,1299.64,9944.0,1833.0,1833.0
31,176.370,69.230,175.97,69.63,1299.64,10231.0,1913.0,1913.0
32,176.370,69.230,175.97,69.63,1299.64,9310.0,2095.0,2095.0
33,176.370,69.230,175.97,69.63,1299.64,9799.0,1994.0,1994.0
34,176.370,69.230,175.97,69.63,1299.64,9423.0,2002.0,2002.0
35,176.370,69.230,175.97,69.63,1299.64,10798.0,2252.0,2252.0
36,176.370,69.230,175.97,69.63,1299.64,9650.0,2037.0,2037.0
37,176.370,69.230,175.97,69.63,1299.64,9888.0,2016.0,2016.0
38,176.370,69.230,175.97,69.63,1299.64,10018.0,1862.0,1862.0
39,176.370,69.230,175.97,69.63,1299.64,10766.0,2136.0,2136.0
40,176.370,69.230,175.97,69.63,1299.64,10195.0,2290.0,2290.0
41,176.370,69.230,175.97,69.63,1299.64,11102.0,2337.0,2337.0
42,176.370,69.230,175.97,69.63,1299.64,10025.0,2006.0,2006.0
43,176.370,69.230,175.97,69.63,1299.64,10180.0,2020.0,2020.0
44,176.370,69.230,175.97,69.63,1299.64,10068.0,2058.0,2058.0
45,176.370,69.230,175.97,69.63,1299.64,11729.0,2413.0,2413.0
46,176.370,69.230,175.97,69.63,1299.64,12156.0,2456.0,2456.0
47,176.370,69.230,175.97,69.63,1299.64,12009.0,2475.0,2475.0
48,176.370,69.230,175.97,69.63,1299.64,10441.0,2371.0,2371.0
49,176.370,69.230,175.97,69.63,1299.64,12410.0,2716.0,2716.0
50,176.370,69.230,175.97,69.63,1299.64,11659.0,2493.0,2493.0
51,176.370,69.230,175.97,69.63,1299.64,10340.0,2279.0,2279.0
52,176.370,69.230,175.97,69.63,1299.64,10622.0,2233.0,2233.0
53,176.370,69.230,175.97,69.63,1299.64,9970.0,2076.0,2076.0
54,176.370,69.230,175.97,69.63,1299.64,11068.0,2179.0,2179.0
55,176.370,69.230,176.52,69.51,1299.64,11941.0,1050.0,1050.0
56,176.370,69.230,176.32,69.56,1299.64,11055.0,2457.0,2457.0
57,176.370,69.230,176.51,69.59,1299.64,11235.0,1742.0,1742.0
58,176.370,69.230,176.37,70.21,1299.64,9638.0,1874.0,1874.0
59,176.370,69.230,177.63,69.52,1299.64,9677.0,794.0,794.0
60,176.370,69.230,176.46,69.13,1299.64,8836.0,1703.0,1703.0
61,176.370,69.230,174.95,67.3,1299.64,9776.0,1515.0,1515.0
62,176.370,69.230,177.77,67.73,1299.64,5996.0,802.0,802.0
63,176.370,69.230,176.94,68.74,1299.64,10126.0,1216.0,1216.0
64,176.370,69.230,177.46,67.7,1299.64,6905.0,1574.0,1574.0
65,176.370,69.230,176.42,69.52,1299.64,11085.0,1422.0,1422.0
66,176.370,69.230,175.62,69.52,1299.64,10549.0,1470.0,1470.0
67,176.370,69.230,175.56,68.12,1299.64,9508.0,1472.0,1472.0
68,176.370,69.230,177.43,67.71,1299.64,6922.0,1608.0,1608.0
69,176.370,69.230,177.48,68.25,1299.64,9727.0,304.0,304.0
70,176.370,69.230,175.59,68.04,1299.64,9832.0,1560.0,1560.0
71,176.370,69.230,175.57,68.54,1299.64,10403.0,1136.0,1136.0
72,176.370,69.230,176.45,67.54,1299.64,8487.0,127.0,127.0
73,176.370,69.230,176.11,68.98,1299.64,9765.0,1887.0,1887.0
74,176.370,69.230,175.45,68.16,1299.64,9964.0,1738.0,1738.0
75,176.370,69.230,175.65,68.09,1299.64,10044.0,1431.0,1431.0
76,176.370,69.230,175.59,67.99,1299.64,11195.0,1641.0,1641.0
77,176.370,69.230,175.7,68.19,1299.64,10562.0,1595.0,1595.0
79,176.370,69.230,176.94,69.25,1299.64,9609.0,1783.0,1783.0
80,176.370,69.230,178.03,68.88,1299.64,6881.0,750.0,750.0
82,176.370,69.230,175.84,68.43,1299.64,9221.0,1020.0,1020.0
83,176.370,69.230,175.86,68.88,1299.64,9144.0,1674.0,1674.0
84,176.370,69.230,176.43,68.47,1299.64,9209.0,557.0,557.0
85,176.370,69.230,177.63,68.56,1299.64,9680.0,683.0,683.0
86,176.370,69.230,176.5,68.57,1299.64,10909.0,743.0,743.0
87,176.370,69.230,175.43,68.58,1299.64,10656.0,1713.0,1713.0
89,176.370,69.230,175.95,69.98,1299.64,9922.0,2200.0,2200.0
90,176.370,69.230,177.73,68.49,1299.64,9119.0,487.0,487.0
92,176.370,69.230,177.94,68.14,1299.64,6805.0,713.0,713.0
95,176.370,69.230,177.1,69.1,1299.64,10116.0,1938.0,1938.0
97,176.370,69.230,176.49,68.55,1299.64,10768.0,723.0,723.0
99,176.370,69.230,176.96,68.94,1299.64,10356.0,2117.0,2117.0
100,176.370,69.230,177.25,69.03,1299.64,11045.0,1380.0,1380.0
102,176.370,69.230,177.63,68.46,1299.64,9177.0,568.0,568.0
103,176.370,69.230,176.03,68.8,1299.64,9978.0,1797.0,1797.0
104,176.370,69.230,177.31,69.52,1299.64,9523.0,1544.0,1544.0
105,176.370,69.230,177.67,70.18,1299.64,9698.0,1576.0,1576.0
108,176.370,69.230,178.01,70,1299.64,8647.0,1827.0,1827.0
109,176.370,69.230,177.35,68.68,1299.64,10556.0,1949.0,1949.0
111,176.370,69.230,176.37,69.23,1299.64,11631.0,1655.0,1655.0
112,176.370,69.230,176.37,69.23,1299.64,10349.0,1535.0,1535.0
113,176.370,69.230,176.37,69.23,1299.64,11116.0,1876.0,1876.0
114,176.370,69.230,176.37,69.23,1299.64,10981.0,1867.0,1867.0
115,176.370,69.230,176.37,69.23,1299.64,10254.0,1523.0,1523.0
116,176.370,69.230,176.37,69.23,1299.64,10910.0,1596.0,1596.0
117,176.370,69.230,176.37,69.23,1299.64,11342.0,1814.0,1814.0
118,176.370,69.230,176.37,69.23,1299.64,10428.0,1722.0,1722.0
119,176.370,69.230,176.37,69.23,1299.64,12634.0,1995.0,1995.0
120,176.370,69.230,176.37,69.23,1299.64,10645.0,1518.0,1518.0
121,176.370,69.230,176.37,69.23,1299.64,10677.0,1577.0,1577.0
122,176.370,69.230,176.37,69.23,1299.64,12184.0,2073.0,2073.0
123,176.370,69.230,176.37,69.23,1299.64,12564.0,2249.0,2249.0
124,176.370,69.230,176.37,69.23,1299.64,12011.0,2087.0,2087.0
125,176.370,69.230,176.37,69.23,1299.64,10137.0,1874.0,1874.0
126,176.370,69.230,176.37,69.23,1299.64,11884.0,2198.0,2198.0
127,176.370,69.230,176.37,69.23,1299.64,11462.0,2091.0,2091.0
128,176.370,69.230,176.37,69.23,1299.64,11166.0,1872.0,1872.0
129,176.370,69.230,176.37,69.23,1299.64,9813.0,1378.0,1378.0
130,176.370,69.230,176.37,69.23,1299.64,10642.0,1548.0,1548.0
131,176.370,69.230,176.37,69.23,1299.64,11878.0,2144.0,2144.0
132,176.370,69.230,176.37,69.23,1299.64,11903.0,1866.0,1866.0
133,176.370,69.230,176.37,69.23,1299.64,11637.0,1932.0,1932.0
134,176.370,69.230,176.37,69.23,1299.64,11806.0,1916.0,1916.0
135,176.370,69.230,176.37,69.23,1299.64,10363.0,1729.0,1729.0
136,176.370,69.230,176.37,69.23,1299.64,9349.0,1264.0,1264.0
137,176.370,69.230,176.37,69.23,1299.64,11238.0,1624.0,1624.0
138,176.370,69.230,176.37,69.23,1299.64,9749.0,1280.0,1280.0
139,176.370,69.230,176.37,69.23,1299.64,9763.0,1400.0,1400.0
140,176.370,69.230,176.37,69.23,1299.64,10555.0,1380.0,1380.0
141,176.370,69.230,176.37,69.23,1299.64,11069.0,1649.0,1649.0
142,176.370,69.230,176.37,69.23,1299.64,10337.0,1396.0,1396.0
143,176.370,69.230,176.37,69.23,1299.64,10681.0,1164.0,1164.0
144,176.370,69.230,176.37,69.23,1299.64,10094.0,1111.0,1111.0
145,176.370,69.230,176.37,69.23,1299.64,8154.0,1086.0,1086.0
146,176.370,69.230,176.37,69.23,1299.64,10134.0,1265.0,1265.0
147,176.370,69.230,176.37,69.23,1299.64,9820.0,1386.0,1386.0
148,176.370,69.230,176.37,69.23,1299.64,9119.0,1194.0,1194.0
149,176.370,69.230,176.37,69.23,1299.64,8890.0,1084.0,1084.0
150,176.370,69.230,176.37,69.23,1299.64,9741.0,1269.0,1269.0
151,176.370,69.230,176.37,69.23,1299.64,9452.0,1081.0,1081.0
152,176.370,69.230,176.37,69.23,1299.64,9997.0,1471.0,1471.0
153,176.370,69.230,176.37,69.23,1299.64,9504.0,1040.0,1040.0
154,176.370,69.230,176.37,69.23,1299.64,9439.0,1220.0,1220.0
155,176.370,69.230,176.37,69.23,1299.64,9619.0,1326.0,1326.0
156,176.370,69.230,176.37,69.23,1299.64,11216.0,1594.0,1594.0
157,176.370,69.230,176.37,69.23,1299.64,10679.0,1624.0,1624.0
158,176.370,69.230,176.37,69.23,1299.64,9298.0,1404.0,1404.0
159,176.370,69.230,176.37,69.23,1299.64,8598.0,1341.0,1341.0
160,176.370,69.230,176.37,69.23,1299.64,8743.0,1169.0,1169.0
161,176.370,69.230,176.37,69.23,1299.64,9154.0,1261.0,1261.0
162,176.370,69.230,176.37,69.23,1299.64,9457.0,1105.0,1105.0
163,176.370,69.230,176.37,69.23,1299.64,8790.0,1064.0,1064.0
164,176.370,69.230,176.37,69.23,1299.64,9045.0,1005.0,1005.0
165,176.370,69.230,176.37,69.23,1299.64,8143.0,797.0,797.0
166,176.370,69.230,176.37,69.23,1299.64,8850.0,724.0,724.0
167,176.370,69.230,176.37,69.23,1299.64,8728.0,911.0,911.0
168,176.370,69.230,176.37,69.23,1299.64,9650.0,822.0,822.0
169,176.370,69.230,176.37,69.23,1299.64,10753.0,891.0,891.0
170,176.370,69.230,176.37,69.23,1299.64,8936.0,998.0,998.0
171,176.370,69.230,176.37,69.23,1299.64,8709.0,753.0,753.0
172,176.370,69.230,176.37,69.23,1299.64,9341.0,856.0,856.0
173,176.370,69.230,176.37,69.23,1299.64,8751.0,1049.0,1049.0
174,176.370,69.230,176.37,69.23,1299.64,10331.0,1057.0,1057.0
175,176.370,69.230,176.37,69.23,1299.64,9585.0,1188.0,1188.0
176,176.370,69.230,176.37,69.23,1299.64,7916.0,763.0,763.0
177,176.370,69.230,176.37,69.23,1299.64,7540.0,893.0,893.0
178,176.370,69.230,176.37,69.23,1299.64,8308.0,826.0,826.0
179,176.370,69.230,176.37,69.23,1299.64,7510.0,701.0,701.0
180,176.370,69.230,176.37,69.23,1299.64,7264.0,839.0,839.0
181,176.370,69.230,176.37,69.23,1299.64,8430.0,1000.0,1000.0
182,176.370,69.230,176.37,69.23,1299.64,8014.0,947.0,947.0
183,176.370,69.230,176.37,69.23,1299.64,8277.0,1119.0,1119.0
184,176.370,69.230,176.37,69.23,1299.64,7941.0,918.0,918.0
185,176.370,69.230,176.37,69.23,1299.64,8070.0,1070.0,1070.0
186,176.370,69.230,176.37,69.23,1299.64,8133.0,1049.0,1049.0
187,176.370,69.230,176.37,69.23,1299.64,8228.0,1072.0,1072.0
188,176.370,69.230,176.37,69.23,1299.64,7255.0,959.0,959.0
189,176.370,69.230,176.37,69.23,1299.64,7248.0,708.0,708.0
190,176.370,69.230,176.37,69.23,1299.64,7828.0,556.0,556.0
191,176.370,69.230,176.37,69.23,1299.64,6357.0,430.0,430.0
192,176.370,69.230,176.37,69.23,1299.64,6857.0,551.0,551.0
193,176.370,69.230,176.37,69.23,1299.64,6138.0,356.0,356.0
194,176.370,69.230,176.37,69.23,1299.64,7450.0,574.0,574.0
195,176.370,69.230,176.37,69.23,1299.64,6582.0,467.0,467.0
196,176.370,69.230,176.37,69.23,1299.64,6667.0,446.0,446.0
197,176.370,69.230,176.37,69.23,1299.64,6893.0,772.0,772.0
198,176.370,69.230,176.37,69.23,1299.64,6817.0,818.0,818.0
199,176.370,69.230,176.37,69.23,1299.64,6072.0,689.0,689.0
200,176.370,69.230,176.37,69.23,1299.64,6108.0,558.0,558.0
201,176.370,69.230,176.37,69.23,1299.64,5758.0,543.0,543.0
202,176.370,69.230,176.37,69.23,1299.64,7599.0,1170.0,1170.0
203,176.370,69.230,176.37,69.23,1299.64,9885.0,1967.0,1967.0
204,176.370,69.230,176.37,69.23,1299.64,9952.0,1571.0,1571.0
205,176.370,69.230,176.37,69.23,1299.64,8656.0,1328.0,1328.0
206,176.370,69.230,176.37,69.23,1299.64,7091.0,936.0,936.0
207,176.370,69.230,176.37,69.23,1299.64,5764.0,506.0,506.0
208,176.370,69.230,176.37,69.23,1299.64,6740.0,960.0,960.0
209,176.370,69.230,176.37,69.23,1299.64,7427.0,826.0,826.0
210,176.370,69.230,176.37,69.23,1299.64,7648.0,1160.0,1160.0
211,176.370,69.230,176.37,69.23,1299.64,6459.0,456.0,456.0
212,176.370,69.230,176.37,69.23,1299.64,5957.0,576.0,576.0
213,176.370,69.230,176.37,69.23,1299.64,7107.0,744.0,744.0
214,176.370,69.230,176.37,69.23,1299.64,5675.0,454.0,454.0
215,176.370,69.230,176.37,69.23,1299.64,5776.0,478.0,478.0
216,176.370,69.230,176.37,69.23,1299.64,6224.0,667.0,667.0
217,176.370,69.230,176.37,69.23,1299.64,5793.0,510.0,510.0
218,176.370,69.230,176.37,69.23,1299.64,6253.0,664.0,664.0
219,176.370,69.230,176.37,69.23,1299.64,6173.0,714.0,714.0
220,176.370,69.230,176.37,69.23,1299.64,8560.0,1388.0,1388.0
221,176.370,69.230,176.37,69.23,1299.64,6406.0,687.0,687.0
222,176.370,69.230,176.37,69.23,1299.64,6919.0,857.0,857.0
223,176.370,69.230,176.37,69.23,1299.64,6999.0,951.0,951.0
224,176.370,69.230,176.37,69.23,1299.64,6304.0,572.0,572.0
225,176.370,69.230,176.37,69.23,1299.64,5882.0,544.0,544.0
226,176.370,69.230,176.37,69.23,1299.64,5702.0,457.0,457.0
227,176.370,69.230,176.37,69.23,1299.64,6122.0,497.0,497.0
228,176.370,69.230,176.37,69.23,1299.64,5790.0,482.0,482.0
229,176.370,69.230,176.37,69.23,1299.64,5364.0,351.0,351.0
230,176.370,69.230,176.37,69.23,1299.64,5771.0,462.0,462.0
231,176.370,69.230,176.37,69.23,1299.64,6399.0,566.0,566.0
232,176.370,69.230,176.37,69.23,1299.64,5921.0,438.0,438.0
233,176.370,69.230,176.37,69.23,1299.64,6011.0,449.0,449.0
234,176.370,69.230,176.37,69.23,1299.64,5273.0,463.0,463.0
235,176.370,69.230,176.37,69.23,1299.64,5889.0,504.0,504.0
236,176.370,69.230,176.37,69.23,1299.64,5906.0,501.0,501.0
237,176.370,69.230,176.37,69.23,1299.64,6895.0,703.0,703.0
238,176.370,69.230,176.37,69.23,1299.64,6454.0,495.0,495.0
239,176.370,69.230,176.37,69.23,1299.64,5379.0,553.0,553.0
240,176.370,69.230,176.37,69.23,1299.64,6155.0,537.0,537.0
241,176.370,69.230,176.37,69.23,1299.64,5669.0,442.0,442.0
242,176.370,69.230,176.37,69.23,1299.64,5373.0,353.0,353.0
243,176.370,69.230,176.37,69.23,1299.64,5704.0,529.0,529.0
244,176.370,69.230,176.37,69.23,1299.64,5480.0,360.0,360.0
245,176.370,69.230,176.37,69.23,1299.64,5988.0,330.0,330.0
246,176.370,69.230,176.37,69.23,1299.64,5042.0,312.0,312.0
247,176.370,69.230,176.37,69.23,1299.64,5722.0,549.0,549.0
248,176.370,69.230,176.37,69.23,1299.64,6014.0,423.0,423.0
249,176.370,69.230,176.37,69.23,1299.64,5267.0,425.0,425.0
250,176.370,69.230,176.37,69.23,1299.64,6155.0,562.0,562.0
251,176.370,69.230,176.37,69.23,1299.64,4911.0,150.0,150.0
252,176.370,69.230,176.37,69.23,1299.64,5929.0,565.0,565.0
253,176.370,69.230,176.37,69.23,1299.64,5097.0,471.0,471.0
254,176.370,69.230,176.37,69.23,1299.64,5976.0,537.0,537.0
255,176.370,69.230,176.37,69.23,1299.64,6033.0,287.0,287.0
256,176.370,69.230,176.37,69.23,1299.64,6427.0,355.0,355.0
257,176.370,69.230,176.37,69.23,1299.64,5421.0,304.0,304.0
258,176.370,69.230,176.37,69.23,1299.64,6129.0,387.0,387.0
259,176.370,69.230,176.37,69.23,1299.64,4641.0,166.0,166.0
260,176.370,69.230,176.37,69.23,1299.64,6350.0,425.0,425.0
261,176.370,69.230,176.37,69.23,1299.64,5713.0,184.0,184.0
262,176.370,69.230,176.37,69.23,1299.64,6008.0,395.0,395.0
263,176.370,69.230,176.37,69.23,1299.64,5924.0,298.0,298.0
264,176.370,69.230,176.37,69.23,1299.64,6576.0,413.0,413.0
265,176.370,69.230,176.37,69.23,1299.64,5634.0,236.0,236.0
266,176.370,69.230,176.37,69.23,1299.64,5767.0,186.0,186.0
267,176.370,69.230,176.37,69.23,1299.64,5648.0,105.0,105.0
268,176.370,69.230,176.37,69.23,1299.64,5694.0,207.0,207.0
269,176.370,69.230,176.37,69.23,1299.64,6304.0,503.0,503.0
270,176.370,69.230,176.37,69.23,1299.64,6478.0,544.0,544.0
271,176.370,69.230,176.37,69.23,1299.64,6081.0,292.0,292.0
272,176.370,69.230,176.37,69.23,1299.64,5808.0,336.0,336.0
273,176.370,69.230,176.37,69.23,1299.64,5345.0,120.0,120.0
274,176.370,69.230,176.37,69.23,1299.64,5691.0,76.0,76.0
275,176.370,69.230,176.37,69.23,1299.64,5802.0,416.0,416.0
276,176.370,69.230,176.37,69.23,1299.64,5679.0,420.0,420.0
277,176.370,69.230,176.37,69.23,1299.64,5786.0,427.0,427.0
278,176.370,69.230,176.37,69.23,1299.64,6520.0,552.0,552.0
279,176.370,69.230,176.37,69.23,1299.64,6456.0,383.0,383.0
280,176.370,69.230,176.37,69.23,1299.64,5725.0,424.0,424.0
281,176.370,69.230,176.37,69.23,1299.64,5658.0,323.0,323.0
282,176.370,69.230,176.37,69.23,1299.64,5769.0,401.0,401.0
283,176.370,69.230,176.37,69.23,1299.64,5654.0,242.0,242.0
284,176.370,69.230,176.37,69.23,1299.64,6624.0,391.0,391.0
285,176.370,69.230,176.37,69.23,1299.64,8345.0,736.0,736.0
286,176.370,69.230,176.37,69.23,1299.64,8537.0,883.0,883.0
287,176.370,69.230,176.37,69.23,1299.64,8757.0,724.0,724.0
288,176.370,69.230,176.37,69.23,1299.64,8967.0,636.0,636.0
289,176.370,69.230,176.37,69.23,1299.64,7402.0,573.0,573.0
290,176.370,69.230,176.37,69.23,1299.64,8138.0,541.0,541.0
291,176.370,69.230,176.37,69.23,1299.64,8109.0,687.0,687.0
292,176.370,69.230,176.37,69.23,1299.64,8401.0,862.0,862.0
293,176.370,69.230,176.37,69.23,1299.64,9061.0,934.0,934.0
294,176.370,69.230,176.37,69.23,1299.64,7979.0,701.0,701.0
295,176.370,69.230,176.37,69.23,1299.64,10737.0,1122.0,1122.0
296,176.370,69.230,176.37,69.23,1299.64,7685.0,472.0,472.0
297,176.370,69.230,176.37,69.23,1299.64,10004.0,1176.0,1176.0
298,176.370,69.230,176.37,69.23,1299.64,6228.0,361.0,361.0
299,176.370,69.230,176.37,69.23,1299.64,5883.0,312.0,312.0
300,176.370,69.230,176.37,69.23,1299.64,6091.0,409.0,409.0
301,176.370,69.230,176.37,69.23,1299.64,6325.0,264.0,264.0
302,176.370,69.230,176.37,69.23,1299.64,5843.0,292.0,292.0
303,176.370,69.230,176.37,69.23,1299.64,5678.0,313.0,313.0
304,176.370,69.230,176.37,69.23,1299.64,5511.0,320.0,320.0
305,176.370,69.230,176.37,69.23,1299.64,6107.0,499.0,499.0
306,176.370,69.230,176.37,69.23,1299.64,6533.0,364.0,364.0
307,176.370,69.230,176.37,69.23,1299.64,6720.0,435.0,435.0
308,176.370,69.230,176.37,69.23,1299.64,5182.0,183.0,183.0
309,176.370,69.230,176.37,69.23,1299.64,5423.0,414.0,414.0
310,176.370,69.230,176.37,69.23,1299.64,6045.0,478.0,478.0
311,176.370,69.230,176.37,69.23,1299.64,6050.0,658.0,658.0
312,176.370,69.230,176.37,69.23,1299.64,5679.0,344.0,344.0
313,176.370,69.230,176.37,69.23,1299.64,5867.0,473.0,473.0
314,176.370,69.230,176.37,69.23,1299.64,5921.0,526.0,526.0
315,176.370,69.230,176.37,69.23,1299.64,5716.0,534.0,534.0
316,176.370,69.230,176.37,69.23,1299.64,5878.0,767.0,767.0
317,176.370,69.230,176.37,69.23,1299.64,6714.0,1033.0,1033.0
318,176.370,69.230,176.37,69.23,1299.64,8063.0,1202.0,1202.0
319,176.370,69.230,176.37,69.23,1299.64,6732.0,857.0,857.0
320,176.370,69.230,176.37,69.23,1299.64,6753.0,802.0,802.0
321,176.370,69.230,176.37,69.23,1299.64,6377.0,683.0,683.0
322,176.370,69.230,176.37,69.23,1299.64,6506.0,821.0,821.0
323,176.370,69.230,176.37,69.23,1299.64,6505.0,939.0,939.0
324,176.370,69.230,176.37,69.23,1299.64,5958.0,1016.0,1016.0
325,176.370,69.230,176.37,69.23,1299.64,6765.0,1022.0,1022.0
326,176.370,69.230,176.37,69.23,1299.64,5035.0,713.0,713.0
327,176.370,69.230,176.37,69.23,1299.64,7464.0,957.0,957.0
328,176.370,69.230,176.37,69.23,1299.64,7044.0,747.0,747.0
329,176.370,69.230,176.37,69.23,1299.64,6317.0,845.0,845.0
330,176.370,69.230,176.37,69.23,1299.64,6822.0,991.0,991.0
331,176.370,69.230,176.37,69.23,1299.64,6223.0,917.0,917.0
332,176.370,69.230,176.37,69.23,1299.64,6531.0,928.0,928.0
333,176.370,69.230,176.37,69.23,1299.64,6443.0,988.0,988.0
334,176.370,69.230,176.37,69.23,1299.64,7505.0,1148.0,1148.0
335,176.370,69.230,176.37,69.23,1299.64,5296.0,736.0,736.0
336,176.370,69.230,176.37,69.23,1299.64,6865.0,931.0,931.0
337,176.370,69.230,176.37,69.23,1299.64,6382.0,926.0,926.0
338,176.370,69.230,176.37,69.23,1299.64,6475.0,916.0,916.0
339,176.370,69.230,176.37,69.23,1299.64,7645.0,1224.0,1224.0
340,176.370,69.230,176.37,69.23,1299.64,7610.0,1220.0,1220.0
341,176.370,69.230,176.37,69.23,1299.64,7253.0,1151.0,1151.0
342,176.370,69.230,176.37,69.23,1299.64,8047.0,1255.0,1255.0
343,176.370,69.230,176.37,69.23,1299.64,6837.0,1157.0,1157.0
344,176.370,69.230,176.37,69.23,1299.64,7711.0,1183.0,1183.0
345,176.370,69.230,176.37,69.23,1299.64,8526.0,1330.0,1330.0
346,176.370,69.230,176.37,69.23,1299.64,7359.0,1061.0,1061.0
347,176.370,69.230,176.37,69.23,1299.64,6951.0,919.0,919.0
348,176.370,69.230,176.37,69.23,1299.64,6825.0,758.0,758.0
349,176.370,69.230,176.37,69.23,1299.64,5942.0,682.0,682.0
350,176.370,69.230,176.37,69.23,1299.64,6510.0,835.0,835.0
351,176.370,69.230,176.37,69.23,1299.64,7269.0,1054.0,1054.0
352,176.370,69.230,176.37,69.23,1299.64,6143.0,812.0,812.0
353,176.370,69.230,176.37,69.23,1299.64,7016.0,750.0,750.0
354,176.370,69.230,176.37,69.23,1299.64,5996.0,551.0,551.0
355,176.370,69.230,176.37,69.23,1299.64,6085.0,692.0,692.0
356,176.370,69.230,176.37,69.23,1299.64,7216.0,991.0,991.0
