id,avg_x,avg_y,x,y,bg,Square_intensity,circular_intensity,Gaussian_intensity
198,118.510,182.390,118.51,181.75,619.58,2880.0,238.0,238.0
199,118.510,182.390,118.51,181.75,619.58,2765.0,46.0,46.0
200,118.510,182.390,118.51,181.75,619.58,2325.0,9.0,9.0
201,118.510,182.390,118.51,181.75,619.58,2407.0,0.0,0.0
202,118.510,182.390,118.51,181.75,619.58,3369.0,347.0,347.0
203,118.510,182.390,118.51,181.75,619.58,3973.0,619.0,619.0
204,118.510,182.390,118.51,181.75,619.58,3163.0,0.0,0.0
205,118.510,182.390,118.51,181.75,619.58,2451.0,0.0,0.0
206,118.510,182.390,118.51,181.75,619.58,2675.0,0.0,0.0
207,118.510,182.390,118.51,181.75,619.58,2161.0,0.0,0.0
208,118.510,182.390,118.51,181.75,619.58,2754.0,58.0,58.0
209,118.510,182.390,118.51,181.75,619.58,2723.0,0.0,0.0
210,118.510,182.390,118.51,181.75,619.58,2539.0,14.0,14.0
211,118.510,182.390,118.51,181.75,619.58,2351.0,0.0,0.0
212,118.510,182.390,118.51,181.75,619.58,2424.0,0.0,0.0
213,118.510,182.390,118.51,181.75,619.58,2032.0,0.0,0.0
214,118.510,182.390,118.51,181.75,619.58,2402.0,21.0,21.0
215,118.510,182.390,118.51,181.75,619.58,2710.0,45.0,45.0
216,118.510,182.390,118.51,181.75,619.58,2190.0,0.0,0.0
217,118.510,182.390,118.51,181.75,619.58,2634.0,65.0,65.0
218,118.510,182.390,118.51,181.75,619.58,2630.0,0.0,0.0
219,118.510,182.390,118.51,181.75,619.58,2724.0,0.0,0.0
220,118.510,182.390,118.51,181.75,619.58,2523.0,39.0,39.0
221,118.510,182.390,118.51,181.75,619.58,2225.0,0.0,0.0
222,118.510,182.390,118.51,181.75,619.58,2000.0,0.0,0.0
223,118.510,182.390,118.51,181.75,619.58,2503.0,49.0,49.0
224,118.510,182.390,118.51,181.75,619.58,2152.0,0.0,0.0
225,118.510,182.390,118.51,181.75,619.58,2293.0,0.0,0.0
226,118.510,182.390,118.51,181.75,619.58,2487.0,21.0,21.0
227,118.510,182.390,118.51,181.75,619.58,2015.0,0.0,0.0
228,118.510,182.390,118.51,181.75,619.58,2710.0,45.0,45.0
229,118.510,182.390,118.51,181.75,619.58,2762.0,94.0,94.0
230,118.510,182.390,118.51,181.75,619.58,2635.0,0.0,0.0
231,118.510,182.390,118.51,181.75,619.58,2849.0,44.0,44.0
232,118.510,182.390,118.51,181.75,619.58,2373.0,55.0,55.0
233,118.510,182.390,118.51,181.75,619.58,2246.0,0.0,0.0
234,118.510,182.390,118.51,181.75,619.58,2673.0,13.0,13.0
235,118.510,182.390,118.51,181.75,619.58,2825.0,5.0,5.0
236,118.510,182.390,118.51,181.75,619.58,2619.0,38.0,38.0
237,118.510,182.390,118.51,181.75,619.58,2325.0,0.0,0.0
238,118.510,182.390,118.51,181.75,619.58,2486.0,0.0,0.0
239,118.510,182.390,118.51,181.75,619.58,3033.0,95.0,95.0
240,118.510,182.390,118.51,181.75,619.58,2845.0,14.0,14.0
241,118.510,182.390,118.51,181.75,619.58,2765.0,16.0,16.0
242,118.510,182.390,118.51,181.75,619.58,2400.0,0.0,0.0
243,118.510,182.390,118.51,181.75,619.58,2125.0,0.0,0.0
244,118.510,182.390,118.51,181.75,619.58,2337.0,0.0,0.0
245,118.510,182.390,118.51,181.75,619.58,2552.0,26.0,26.0
246,118.510,182.390,118.51,181.75,619.58,2371.0,0.0,0.0
247,118.510,182.390,118.51,181.75,619.58,3317.0,120.0,120.0
248,118.510,182.390,118.51,181.75,619.58,4179.0,218.0,218.0
249,118.510,182.390,118.51,181.75,619.58,4302.0,285.0,285.0
250,118.510,182.390,118.51,181.75,619.58,4659.0,334.0,334.0
251,118.510,182.390,118.51,181.75,619.58,3719.0,182.0,182.0
252,118.510,182.390,118.51,181.75,619.58,4144.0,296.0,296.0
253,118.510,182.390,118.51,181.75,619.58,4667.0,287.0,287.0
254,118.510,182.390,118.51,181.75,619.58,4681.0,298.0,298.0
255,118.510,182.390,118.51,181.75,619.58,3922.0,234.0,234.0
256,118.510,182.390,118.51,181.75,619.58,4106.0,253.0,253.0
257,118.510,182.390,118.51,181.75,619.58,4640.0,382.0,382.0
258,118.510,182.390,118.51,181.75,619.58,3342.0,118.0,118.0
259,118.510,182.390,118.51,181.75,619.58,3521.0,99.0,99.0
260,118.510,182.390,118.51,181.75,619.58,4095.0,181.0,181.0
261,118.510,182.390,118.51,181.75,619.58,4313.0,313.0,313.0
262,118.510,182.390,118.51,181.75,619.58,3407.0,181.0,181.0
263,118.510,182.390,118.51,181.75,619.58,3618.0,175.0,175.0
264,118.510,182.390,118.51,181.75,619.58,4428.0,246.0,246.0
265,118.510,182.390,118.51,181.75,619.58,3547.0,169.0,169.0
266,118.510,182.390,118.51,181.75,619.58,2917.0,117.0,117.0
267,118.510,182.390,118.51,181.75,619.58,3490.0,139.0,139.0
268,118.510,182.390,118.51,181.75,619.58,3444.0,15.0,15.0
269,118.510,182.390,118.51,181.75,619.58,2300.0,0.0,0.0
270,118.510,182.390,118.51,181.75,619.58,2622.0,0.0,0.0
271,118.510,182.390,118.51,181.75,619.58,2093.0,0.0,0.0
272,118.510,182.390,118.51,181.75,619.58,2503.0,15.0,15.0
273,118.510,182.390,118.51,181.75,619.58,2894.0,40.0,40.0
274,118.510,182.390,118.51,181.75,619.58,2708.0,0.0,0.0
275,118.510,182.390,118.51,181.75,619.58,2515.0,0.0,0.0
276,118.510,182.390,118.51,181.75,619.58,3142.0,61.0,61.0
277,118.510,182.390,118.51,181.75,619.58,2550.0,14.0,14.0
278,118.510,182.390,118.51,181.75,619.58,2645.0,9.0,9.0
279,118.510,182.390,118.51,181.75,619.58,2459.0,0.0,0.0
280,118.510,182.390,118.51,181.75,619.58,2483.0,0.0,0.0
281,118.510,182.390,118.51,181.75,619.58,2235.0,0.0,0.0
282,118.510,182.390,118.51,181.75,619.58,2686.0,45.0,45.0
283,118.510,182.390,118.51,181.75,619.58,2772.0,55.0,55.0
284,118.510,182.390,118.51,181.75,619.58,2800.0,0.0,0.0
285,118.510,182.390,118.51,181.75,619.58,2375.0,0.0,0.0
286,118.510,182.390,118.51,181.75,619.58,2501.0,0.0,0.0
287,118.510,182.390,118.51,181.75,619.58,2101.0,0.0,0.0
288,118.510,182.390,118.51,181.75,619.58,2526.0,0.0,0.0
289,118.510,182.390,118.51,181.75,619.58,2378.0,0.0,0.0
290,118.510,182.390,118.51,181.75,619.58,2653.0,0.0,0.0
291,118.510,182.390,118.51,181.75,619.58,2432.0,85.0,85.0
292,118.510,182.390,118.51,181.75,619.58,2578.0,0.0,0.0
293,118.510,182.390,118.51,181.75,619.58,2472.0,0.0,0.0
294,118.510,182.390,118.51,181.75,619.58,2645.0,0.0,0.0
295,118.510,182.390,118.51,181.75,619.58,2220.0,0.0,0.0
296,118.510,182.390,118.51,181.75,619.58,2478.0,0.0,0.0
297,118.510,182.390,118.51,181.75,619.58,2715.0,0.0,0.0
298,118.510,182.390,118.51,181.75,619.58,2415.0,0.0,0.0
299,118.510,182.390,118.51,181.75,619.58,2170.0,0.0,0.0
300,118.510,182.390,118.51,181.75,619.58,2505.0,12.0,12.0
301,118.510,182.390,118.51,181.75,619.58,2618.0,7.0,7.0
302,118.510,182.390,118.51,181.75,619.58,2452.0,0.0,0.0
303,118.510,182.390,118.51,181.75,619.58,2056.0,0.0,0.0
304,118.510,182.390,118.51,181.75,619.58,2648.0,54.0,54.0
305,118.510,182.390,118.51,181.75,619.58,2460.0,0.0,0.0
306,118.510,182.390,118.51,181.75,619.58,2278.0,0.0,0.0
307,118.510,182.390,118.51,181.75,619.58,2799.0,46.0,46.0
308,118.510,182.390,118.51,181.75,619.58,2271.0,0.0,0.0
309,118.510,182.390,118.51,181.75,619.58,2527.0,0.0,0.0
310,118.510,182.390,118.51,181.75,619.58,2590.0,0.0,0.0
311,118.510,182.390,118.51,181.75,619.58,2358.0,0.0,0.0
312,118.510,182.390,118.51,181.75,619.58,2570.0,0.0,0.0
313,118.510,182.390,118.51,181.75,619.58,2582.0,0.0,0.0
314,118.510,182.390,118.51,181.75,619.58,2512.0,0.0,0.0
315,118.510,182.390,118.51,181.75,619.58,2687.0,0.0,0.0
316,118.510,182.390,118.51,181.75,619.58,2275.0,0.0,0.0
317,118.510,182.390,118.51,181.75,619.58,2614.0,0.0,0.0
318,118.510,182.390,118.51,181.75,619.58,3056.0,14.0,14.0
319,118.510,182.390,118.51,181.75,619.58,2277.0,0.0,0.0
320,118.510,182.390,118.51,181.75,619.58,2648.0,0.0,0.0
321,118.510,182.390,118.51,181.75,619.58,2826.0,0.0,0.0
322,118.510,182.390,118.51,181.75,619.58,2715.0,0.0,0.0
323,118.510,182.390,118.51,181.75,619.58,2481.0,0.0,0.0
324,118.510,182.390,118.51,181.75,619.58,2844.0,24.0,24.0
325,118.510,182.390,118.51,181.75,619.58,2684.0,0.0,0.0
326,118.510,182.390,118.51,181.75,619.58,2762.0,30.0,30.0
327,118.510,182.390,118.51,181.75,619.58,2273.0,0.0,0.0
328,118.510,182.390,118.51,181.75,619.58,2461.0,0.0,0.0
329,118.510,182.390,118.51,181.75,619.58,3020.0,0.0,0.0
330,118.510,182.390,118.51,181.75,619.58,2300.0,0.0,0.0
331,118.510,182.390,118.51,181.75,619.58,2819.0,23.0,23.0
332,118.510,182.390,118.51,181.75,619.58,2336.0,0.0,0.0
333,118.510,182.390,118.51,181.75,619.58,2348.0,0.0,0.0
334,118.510,182.390,118.51,181.75,619.58,2556.0,0.0,0.0
335,118.510,182.390,118.51,181.75,619.58,2617.0,0.0,0.0
336,118.510,182.390,118.51,181.75,619.58,2598.0,0.0,0.0
337,118.510,182.390,118.51,181.75,619.58,2601.0,0.0,0.0
338,118.510,182.390,118.51,181.75,619.58,2824.0,14.0,14.0
339,118.510,182.390,118.51,181.75,619.58,2501.0,0.0,0.0
340,118.510,182.390,118.51,181.75,619.58,2316.0,0.0,0.0
341,118.510,182.390,118.51,181.75,619.58,2456.0,0.0,0.0
342,118.510,182.390,118.51,181.75,619.58,1965.0,0.0,0.0
343,118.510,182.390,118.51,181.75,619.58,2855.0,0.0,0.0
344,118.510,182.390,118.51,181.75,619.58,2815.0,28.0,28.0
345,118.510,182.390,118.51,181.75,619.58,2815.0,0.0,0.0
346,118.510,182.390,118.51,181.75,619.58,2213.0,0.0,0.0
347,118.510,182.390,118.51,181.75,619.58,2372.0,0.0,0.0
348,118.510,182.390,118.51,181.75,619.58,2269.0,0.0,0.0
349,118.510,182.390,118.51,181.75,619.58,2301.0,0.0,0.0
350,118.510,182.390,118.51,181.75,619.58,2898.0,37.0,37.0
351,118.510,182.390,118.51,181.75,619.58,3212.0,19.0,19.0
352,118.510,182.390,118.51,181.75,619.58,2860.0,0.0,0.0
353,118.510,182.390,118.51,181.75,619.58,2988.0,88.0,88.0
354,118.510,182.390,118.51,181.75,619.58,2467.0,0.0,0.0
355,118.510,182.390,118.51,181.75,619.58,2668.0,0.0,0.0
356,118.510,182.390,118.51,181.75,619.58,2340.0,0.0,0.0
357,118.510,182.390,118.51,181.75,619.58,2495.0,0.0,0.0
358,118.510,182.390,118.51,181.75,619.58,3015.0,75.0,75.0
359,118.510,182.390,118.51,181.75,619.58,2692.0,0.0,0.0
360,118.510,182.390,118.51,181.75,619.58,2253.0,0.0,0.0
361,118.510,182.390,118.51,181.75,619.58,2128.0,0.0,0.0
362,118.510,182.390,118.51,181.75,619.58,2565.0,52.0,52.0
363,118.510,182.390,118.51,181.75,619.58,2382.0,0.0,0.0
364,118.510,182.390,118.51,181.75,619.58,2540.0,0.0,0.0
365,118.510,182.390,118.51,181.75,619.58,1948.0,0.0,0.0
366,118.510,182.390,118.51,181.75,619.58,3200.0,4.0,4.0
367,118.510,182.390,118.51,181.75,619.58,2780.0,29.0,29.0
368,118.510,182.390,118.51,181.75,619.58,2198.0,0.0,0.0
369,118.510,182.390,118.51,181.75,619.58,2588.0,0.0,0.0
370,118.510,182.390,118.51,181.75,619.58,2207.0,0.0,0.0
371,118.510,182.390,118.51,181.75,619.58,2610.0,0.0,0.0
372,118.510,182.390,118.51,181.75,619.58,2667.0,0.0,0.0
373,118.510,182.390,118.51,181.75,619.58,2459.0,0.0,0.0
374,118.510,182.390,118.51,181.75,619.58,3183.0,36.0,36.0
375,118.510,182.390,118.51,181.75,619.58,2244.0,0.0,0.0
376,118.510,182.390,118.51,181.75,619.58,2314.0,0.0,0.0
377,118.510,182.390,118.51,181.75,619.58,2719.0,1.0,1.0
378,118.510,182.390,118.51,181.75,619.58,2057.0,0.0,0.0
379,118.510,182.390,118.51,181.75,619.58,2559.0,0.0,0.0
380,118.510,182.390,118.51,181.75,619.58,2533.0,0.0,0.0
381,118.510,182.390,118.51,181.75,619.58,1976.0,0.0,0.0
382,118.510,182.390,118.51,181.75,619.58,2512.0,0.0,0.0
383,118.510,182.390,118.51,181.75,619.58,2132.0,0.0,0.0
384,118.510,182.390,118.51,181.75,619.58,2444.0,0.0,0.0
385,118.510,182.390,118.51,181.75,619.58,2344.0,0.0,0.0
386,118.510,182.390,118.51,181.75,619.58,2447.0,0.0,0.0
387,118.510,182.390,118.51,181.75,619.58,2139.0,0.0,0.0
388,118.510,182.390,118.51,181.75,619.58,2582.0,0.0,0.0
389,118.510,182.390,118.51,181.75,619.58,2418.0,0.0,0.0
390,118.510,182.390,118.51,181.75,619.58,2465.0,0.0,0.0
391,118.510,182.390,118.51,181.75,619.58,2256.0,0.0,0.0
392,118.510,182.390,118.51,181.75,619.58,2550.0,0.0,0.0
393,118.510,182.390,118.51,181.75,619.58,1911.0,0.0,0.0
394,118.510,182.390,118.51,181.75,619.58,2694.0,0.0,0.0
395,118.510,182.390,118.51,181.75,619.58,2557.0,0.0,0.0
396,118.510,182.390,118.51,181.75,619.58,2170.0,0.0,0.0
397,118.510,182.390,118.51,181.75,619.58,2206.0,0.0,0.0
398,118.510,182.390,118.51,181.75,619.58,2384.0,0.0,0.0
399,118.510,182.390,118.51,181.75,619.58,2347.0,0.0,0.0
400,118.510,182.390,118.51,181.75,619.58,2345.0,0.0,0.0
401,118.510,182.390,118.51,181.75,619.58,4064.0,252.0,252.0
402,118.510,182.390,118.51,181.75,619.58,4433.0,392.0,392.0
403,118.510,182.390,118.51,181.75,619.58,4070.0,293.0,293.0
404,118.510,182.390,118.51,181.75,619.58,4136.0,272.0,272.0
405,118.510,182.390,118.51,181.75,619.58,4000.0,292.0,292.0
406,118.510,182.390,118.51,181.75,619.58,4339.0,322.0,322.0
407,118.510,182.390,118.51,181.75,619.58,3968.0,296.0,296.0
408,118.510,182.390,118.51,181.75,619.58,4062.0,327.0,327.0
409,118.510,182.390,118.51,181.75,619.58,5522.0,417.0,417.0
410,118.510,182.390,118.51,181.75,619.58,4759.0,361.0,361.0
411,118.510,182.390,118.51,181.75,619.58,3689.0,327.0,327.0
412,118.510,182.390,118.51,181.75,619.58,4137.0,324.0,324.0
413,118.510,182.390,118.51,181.75,619.58,4190.0,288.0,288.0
414,118.510,182.390,118.51,181.75,619.58,4052.0,282.0,282.0
415,118.510,182.390,118.51,181.75,619.58,3827.0,290.0,290.0
416,118.510,182.390,118.51,181.75,619.58,4059.0,334.0,334.0
417,118.510,182.390,118.51,181.75,619.58,3845.0,252.0,252.0
418,118.510,182.390,118.51,181.75,619.58,3949.0,234.0,234.0
419,118.510,182.390,118.51,181.75,619.58,5158.0,359.0,359.0
420,118.510,182.390,118.51,181.75,619.58,3969.0,247.0,247.0
421,118.510,182.390,118.51,181.75,619.58,4707.0,351.0,351.0
422,118.510,182.390,118.51,181.75,619.58,4632.0,308.0,308.0
423,118.510,182.390,118.51,181.75,619.58,4256.0,286.0,286.0
424,118.510,182.390,118.51,181.75,619.58,4806.0,373.0,373.0
425,118.510,182.390,118.51,181.75,619.58,4160.0,275.0,275.0
426,118.510,182.390,118.51,181.75,619.58,5694.0,468.0,468.0
427,118.510,182.390,118.51,181.75,619.58,5267.0,461.0,461.0
428,118.510,182.390,118.51,181.75,619.58,5741.0,529.0,529.0
429,118.510,182.390,118.51,181.75,619.58,5253.0,393.0,393.0
430,118.510,182.390,118.51,181.75,619.58,4595.0,283.0,283.0
431,118.510,182.390,118.51,181.75,619.58,4491.0,323.0,323.0
432,118.510,182.390,118.51,181.75,619.58,2170.0,0.0,0.0
433,118.510,182.390,118.51,181.75,619.58,2350.0,0.0,0.0
434,118.510,182.390,118.51,181.75,619.58,2231.0,0.0,0.0
435,118.510,182.390,118.51,181.75,619.58,1992.0,0.0,0.0
436,118.510,182.390,118.51,181.75,619.58,2057.0,0.0,0.0
437,118.510,182.390,118.51,181.75,619.58,2681.0,73.0,73.0
438,118.510,182.390,118.51,181.75,619.58,2351.0,0.0,0.0
439,118.510,182.390,118.51,181.75,619.58,2156.0,0.0,0.0
440,118.510,182.390,118.51,181.75,619.58,2408.0,0.0,0.0
441,118.510,182.390,118.51,181.75,619.58,2257.0,12.0,12.0
442,118.510,182.390,118.51,181.75,619.58,2670.0,12.0,12.0
443,118.510,182.390,118.51,181.75,619.58,2586.0,86.0,86.0
444,118.510,182.390,118.51,181.75,619.58,2750.0,25.0,25.0
445,118.510,182.390,118.51,181.75,619.58,2313.0,0.0,0.0
446,118.510,182.390,118.51,181.75,619.58,2650.0,9.0,9.0
447,118.510,182.390,118.51,181.75,619.58,2808.0,34.0,34.0
448,118.510,182.390,118.51,181.75,619.58,3791.0,160.0,160.0
449,118.510,182.390,118.65,181.87,619.58,3913.0,256.0,256.0
450,118.510,182.390,118.54,181.99,619.58,4514.0,350.0,350.0
451,118.510,182.390,118.6,181.62,619.58,4277.0,184.0,184.0
452,118.510,182.390,118.43,182.43,619.58,5273.0,417.0,417.0
453,118.510,182.390,119.18,182.36,619.58,4511.0,382.0,382.0
454,118.510,182.390,117.97,181.86,619.58,4414.0,403.0,403.0
456,118.510,182.390,118.6,182.15,619.58,4300.0,438.0,438.0
457,118.510,182.390,118.63,182.1,619.58,4923.0,387.0,387.0
458,118.510,182.390,118.56,182.61,619.58,4097.0,190.0,190.0
459,118.510,182.390,118.71,182.71,619.58,5234.0,528.0,528.0
460,118.510,182.390,118.66,182.5,619.58,4201.0,187.0,187.0
462,118.510,182.390,118.7,183.68,619.58,3907.0,199.0,199.0
463,118.510,182.390,118.44,182.34,619.58,7092.0,723.0,723.0
464,118.510,182.390,118.63,182.27,619.58,6668.0,740.0,740.0
465,118.510,182.390,118.67,182.32,619.58,6456.0,712.0,712.0
466,118.510,182.390,118.38,182.53,619.58,6410.0,583.0,583.0
467,118.510,182.390,118.33,182.26,619.58,6604.0,748.0,748.0
468,118.510,182.390,118.52,182.41,619.58,7005.0,514.0,514.0
469,118.510,182.390,118.31,182.48,619.58,4923.0,402.0,402.0
470,118.510,182.390,118.87,181.97,619.58,5203.0,605.0,605.0
471,118.510,182.390,118.27,182.09,619.58,5106.0,468.0,468.0
472,118.510,182.390,118.52,182.47,619.58,7182.0,398.0,398.0
473,118.510,182.390,118.78,182.19,619.58,5963.0,743.0,743.0
474,118.510,182.390,118.37,182.2,619.58,5985.0,656.0,656.0
475,118.510,182.390,118.67,182.33,619.58,6876.0,937.0,937.0
476,118.510,182.390,118.26,181.99,619.58,6106.0,788.0,788.0
477,118.510,182.390,118.3,182.46,619.58,5432.0,569.0,569.0
478,118.510,182.390,118.5,182.44,619.58,6732.0,391.0,391.0
479,118.510,182.390,118.56,182.52,619.58,6528.0,356.0,356.0
480,118.510,182.390,118.8,182.28,619.58,5332.0,533.0,533.0
481,118.510,182.390,118.08,182.05,619.58,4217.0,379.0,379.0
482,118.510,182.390,118.58,182.1,619.58,4283.0,239.0,239.0
483,118.510,182.390,118.72,182.3,619.58,6860.0,813.0,813.0
484,118.510,182.390,118.51,182.34,619.58,7635.0,705.0,705.0
485,118.510,182.390,118.64,182.18,619.58,6377.0,747.0,747.0
486,118.510,182.390,118.67,182.59,619.58,4430.0,284.0,284.0
487,118.510,182.390,118.42,182.45,619.58,5247.0,391.0,391.0
488,118.510,182.390,118.55,182.3,619.58,4279.0,222.0,222.0
489,118.510,182.390,118.7,181.33,619.58,3667.0,209.0,209.0
490,118.510,182.390,117.94,182.44,619.58,4206.0,230.0,230.0
491,118.510,182.390,118.84,182.36,619.58,4213.0,269.0,269.0
492,118.510,182.390,118.42,182.86,619.58,4941.0,442.0,442.0
493,118.510,182.390,118.7,182.24,619.58,6233.0,653.0,653.0
494,118.510,182.390,118.73,182.17,619.58,5727.0,561.0,561.0
495,118.510,182.390,118.51,181.79,619.58,4848.0,351.0,351.0
496,118.510,182.390,118.82,182.51,619.58,6870.0,666.0,666.0
497,118.510,182.390,118.83,182.78,619.58,5891.0,670.0,670.0
498,118.510,182.390,118.61,182.4,619.58,8126.0,798.0,798.0
499,118.510,182.390,118.79,182.45,619.58,8131.0,905.0,905.0
500,118.510,182.390,118.51,182.39,619.58,7246.0,648.0,648.0
