id,avg_x,avg_y,x,y,bg,Square_intensity,circular_intensity,Gaussian_intensity
1,110.110,124.990,110.74,125.1,551.77,7389.0,868.0,868.0
2,110.110,124.990,110.74,125.1,551.77,4501.0,267.0,267.0
3,110.110,124.990,110.74,125.1,551.77,3445.0,0.0,0.0
4,110.110,124.990,110.74,125.1,551.77,6445.0,715.0,715.0
5,110.110,124.990,110.74,125.1,551.77,6194.0,601.0,601.0
6,110.110,124.990,110.74,125.1,551.77,8770.0,1156.0,1156.0
7,110.110,124.990,110.74,125.1,551.77,7034.0,887.0,887.0
8,110.110,124.990,110.74,125.1,551.77,6816.0,849.0,849.0
9,110.110,124.990,110.74,125.1,551.77,5271.0,460.0,460.0
10,110.110,124.990,110.74,125.1,551.77,4484.0,262.0,262.0
11,110.110,124.990,110.74,125.1,551.77,4144.0,226.0,226.0
12,110.110,124.990,110.74,125.1,551.77,4598.0,278.0,278.0
13,110.110,124.990,110.74,125.1,551.77,6807.0,795.0,795.0
14,110.110,124.990,110.74,125.1,551.77,4969.0,85.0,85.0
15,110.110,124.990,110.74,125.1,551.77,4941.0,110.0,110.0
16,110.110,124.990,110.74,125.1,551.77,4203.0,0.0,0.0
17,110.110,124.990,110.74,125.1,551.77,5871.0,365.0,365.0
18,110.110,124.990,110.74,125.1,551.77,5443.0,199.0,199.0
19,110.110,124.990,110.74,125.1,551.77,5441.0,302.0,302.0
20,110.110,124.990,110.74,125.1,551.77,6304.0,413.0,413.0
21,110.110,124.990,110.74,125.1,551.77,6628.0,179.0,179.0
22,110.110,124.990,110.74,125.1,551.77,4831.0,179.0,179.0
23,110.110,124.990,110.74,125.1,551.77,4382.0,133.0,133.0
24,110.110,124.990,110.74,125.1,551.77,4282.0,128.0,128.0
25,110.110,124.990,110.74,125.1,551.77,3873.0,106.0,106.0
26,110.110,124.990,110.74,125.1,551.77,3569.0,0.0,0.0
27,110.110,124.990,110.74,125.1,551.77,3926.0,23.0,23.0
28,110.110,124.990,110.74,125.1,551.77,3783.0,100.0,100.0
29,110.110,124.990,110.74,125.1,551.77,3018.0,0.0,0.0
30,110.110,124.990,110.74,125.1,551.77,3381.0,137.0,137.0
31,110.110,124.990,110.74,125.1,551.77,2927.0,0.0,0.0
32,110.110,124.990,110.74,125.1,551.77,3382.0,0.0,0.0
33,110.110,124.990,110.74,125.1,551.77,3723.0,0.0,0.0
34,110.110,124.990,110.74,125.1,551.77,3438.0,17.0,17.0
35,110.110,124.990,110.74,125.1,551.77,3033.0,0.0,0.0
36,110.110,124.990,110.74,125.1,551.77,3474.0,28.0,28.0
37,110.110,124.990,110.74,125.1,551.77,3266.0,0.0,0.0
38,110.110,124.990,110.74,125.1,551.77,3066.0,0.0,0.0
39,110.110,124.990,110.74,125.1,551.77,3550.0,0.0,0.0
40,110.110,124.990,110.74,125.1,551.77,3572.0,0.0,0.0
41,110.110,124.990,110.74,125.1,551.77,4114.0,0.0,0.0
42,110.110,124.990,110.74,125.1,551.77,4157.0,27.0,27.0
43,110.110,124.990,110.74,125.1,551.77,3853.0,0.0,0.0
44,110.110,124.990,110.74,125.1,551.77,3862.0,0.0,0.0
45,110.110,124.990,110.74,125.1,551.77,3660.0,0.0,0.0
46,110.110,124.990,110.74,125.1,551.77,3246.0,0.0,0.0
47,110.110,124.990,110.74,125.1,551.77,2840.0,126.0,126.0
48,110.110,124.990,110.74,125.1,551.77,3402.0,176.0,176.0
49,110.110,124.990,110.74,125.1,551.77,3825.0,154.0,154.0
50,110.110,124.990,110.74,125.1,551.77,4194.0,188.0,188.0
51,110.110,124.990,111,124.16,551.77,4705.0,260.0,260.0
52,110.110,124.990,110.48,124.59,551.77,4966.0,286.0,286.0
53,110.110,124.990,110.61,124.47,551.77,5666.0,351.0,351.0
54,110.110,124.990,110.57,124.34,551.77,4503.0,266.0,266.0
55,110.110,124.990,110.38,124.48,551.77,4468.0,118.0,118.0
56,110.110,124.990,109.82,124.73,551.77,4503.0,280.0,280.0
57,110.110,124.990,110.19,124.35,551.77,4369.0,239.0,239.0
58,110.110,124.990,110.43,124.55,551.77,4701.0,175.0,175.0
59,110.110,124.990,110.43,124.7,551.77,4804.0,272.0,272.0
61,110.110,124.990,110.7,124.35,551.77,5035.0,270.0,270.0
62,110.110,124.990,111.01,124.69,551.77,4139.0,232.0,232.0
63,110.110,124.990,110.22,124.52,551.77,4809.0,394.0,394.0
64,110.110,124.990,110.47,123.97,551.77,4513.0,282.0,282.0
67,110.110,124.990,110.46,124.41,551.77,6148.0,382.0,382.0
68,110.110,124.990,110.31,124.65,551.77,5660.0,194.0,194.0
70,110.110,124.990,110.44,124.76,551.77,4383.0,283.0,283.0
71,110.110,124.990,110.24,124.57,551.77,4819.0,281.0,281.0
72,110.110,124.990,110.5,124.35,551.77,4599.0,207.0,207.0
73,110.110,124.990,110.65,124.42,551.77,4719.0,294.0,294.0
74,110.110,124.990,110.41,124.44,551.77,4562.0,224.0,224.0
75,110.110,124.990,110.52,124.54,551.77,5443.0,177.0,177.0
76,110.110,124.990,110.37,124.46,551.77,5323.0,418.0,418.0
77,110.110,124.990,110.84,124.02,551.77,3568.0,180.0,180.0
78,110.110,124.990,110.35,124.04,551.77,4955.0,307.0,307.0
79,110.110,124.990,109.51,125.78,551.77,3894.0,142.0,142.0
80,110.110,124.990,110.63,124.33,551.77,4360.0,208.0,208.0
82,110.110,124.990,110.79,124.95,551.77,4605.0,224.0,224.0
84,110.110,124.990,110.79,124.37,551.77,4981.0,201.0,201.0
86,110.110,124.990,109.68,124.66,551.77,3838.0,98.0,98.0
88,110.110,124.990,110.05,124.8,551.77,4240.0,306.0,306.0
89,110.110,124.990,110.47,124.95,551.77,4506.0,338.0,338.0
90,110.110,124.990,110.47,124.39,551.77,4395.0,226.0,226.0
91,110.110,124.990,110.27,124.13,551.77,4523.0,356.0,356.0
92,110.110,124.990,110.29,124.93,551.77,5508.0,526.0,526.0
93,110.110,124.990,110.48,124.48,551.77,4424.0,175.0,175.0
94,110.110,124.990,110.36,124.37,551.77,4970.0,359.0,359.0
95,110.110,124.990,110.68,124.43,551.77,4092.0,215.0,215.0
96,110.110,124.990,110.23,124.84,551.77,4820.0,518.0,518.0
97,110.110,124.990,110.28,124.56,551.77,5754.0,637.0,637.0
98,110.110,124.990,110.23,124.57,551.77,5542.0,435.0,435.0
99,110.110,124.990,110.88,124.42,551.77,5077.0,456.0,456.0
100,110.110,124.990,110.37,124.35,551.77,5689.0,522.0,522.0
101,110.110,124.990,110.72,124.74,551.77,4752.0,444.0,444.0
104,110.110,124.990,109.46,123.91,551.77,3574.0,225.0,225.0
105,110.110,124.990,110.11,124.99,551.77,4104.0,360.0,360.0
106,110.110,124.990,110.11,124.99,551.77,3541.0,244.0,244.0
107,110.110,124.990,110.11,124.99,551.77,3244.0,202.0,202.0
108,110.110,124.990,110.11,124.99,551.77,3112.0,223.0,223.0
109,110.110,124.990,110.11,124.99,551.77,4104.0,291.0,291.0
110,110.110,124.990,110.11,124.99,551.77,3365.0,195.0,195.0
111,110.110,124.990,110.11,124.99,551.77,4757.0,542.0,542.0
112,110.110,124.990,110.11,124.99,551.77,4019.0,277.0,277.0
113,110.110,124.990,110.11,124.99,551.77,4383.0,433.0,433.0
114,110.110,124.990,110.11,124.99,551.77,4807.0,601.0,601.0
115,110.110,124.990,110.11,124.99,551.77,5310.0,591.0,591.0
116,110.110,124.990,110.11,124.99,551.77,4011.0,430.0,430.0
117,110.110,124.990,110.11,124.99,551.77,3736.0,240.0,240.0
118,110.110,124.990,110.11,124.99,551.77,3510.0,181.0,181.0
119,110.110,124.990,110.11,124.99,551.77,2973.0,105.0,105.0
120,110.110,124.990,110.11,124.99,551.77,2733.0,0.0,0.0
121,110.110,124.990,110.11,124.99,551.77,3522.0,238.0,238.0
122,110.110,124.990,110.11,124.99,551.77,3801.0,286.0,286.0
123,110.110,124.990,110.11,124.99,551.77,3407.0,253.0,253.0
124,110.110,124.990,110.11,124.99,551.77,4261.0,414.0,414.0
125,110.110,124.990,110.11,124.99,551.77,5494.0,819.0,819.0
126,110.110,124.990,110.11,124.99,551.77,4377.0,427.0,427.0
127,110.110,124.990,110.11,124.99,551.77,4217.0,561.0,561.0
128,110.110,124.990,110.11,124.99,551.77,4587.0,572.0,572.0
129,110.110,124.990,110.11,124.99,551.77,3580.0,334.0,334.0
130,110.110,124.990,110.11,124.99,551.77,3306.0,205.0,205.0
131,110.110,124.990,110.11,124.99,551.77,4079.0,397.0,397.0
132,110.110,124.990,110.11,124.99,551.77,4041.0,415.0,415.0
133,110.110,124.990,110.11,124.99,551.77,4320.0,429.0,429.0
134,110.110,124.990,110.11,124.99,551.77,4970.0,606.0,606.0
135,110.110,124.990,110.11,124.99,551.77,5342.0,703.0,703.0
136,110.110,124.990,110.11,124.99,551.77,4851.0,548.0,548.0
137,110.110,124.990,110.11,124.99,551.77,3394.0,155.0,155.0
138,110.110,124.990,110.11,124.99,551.77,2952.0,46.0,46.0
139,110.110,124.990,110.11,124.99,551.77,3014.0,79.0,79.0
140,110.110,124.990,110.11,124.99,551.77,3435.0,319.0,319.0
141,110.110,124.990,110.11,124.99,551.77,3602.0,217.0,217.0
142,110.110,124.990,110.11,124.99,551.77,3571.0,227.0,227.0
143,110.110,124.990,110.11,124.99,551.77,3846.0,239.0,239.0
144,110.110,124.990,110.11,124.99,551.77,3371.0,188.0,188.0
145,110.110,124.990,110.11,124.99,551.77,3609.0,259.0,259.0
146,110.110,124.990,110.11,124.99,551.77,3889.0,297.0,297.0
147,110.110,124.990,110.11,124.99,551.77,3880.0,292.0,292.0
148,110.110,124.990,110.11,124.99,551.77,3916.0,338.0,338.0
149,110.110,124.990,110.11,124.99,551.77,3484.0,307.0,307.0
150,110.110,124.990,110.11,124.99,551.77,3412.0,160.0,160.0
151,110.110,124.990,110.11,124.99,551.77,3858.0,311.0,311.0
152,110.110,124.990,110.11,124.99,551.77,4336.0,363.0,363.0
153,110.110,124.990,110.11,124.99,551.77,3454.0,209.0,209.0
154,110.110,124.990,110.11,124.99,551.77,3808.0,243.0,243.0
155,110.110,124.990,110.11,124.99,551.77,3056.0,191.0,191.0
156,110.110,124.990,110.11,124.99,551.77,3266.0,220.0,220.0
157,110.110,124.990,110.11,124.99,551.77,3685.0,253.0,253.0
158,110.110,124.990,110.11,124.99,551.77,3680.0,255.0,255.0
159,110.110,124.990,110.11,124.99,551.77,3836.0,310.0,310.0
160,110.110,124.990,110.11,124.99,551.77,3570.0,226.0,226.0
161,110.110,124.990,110.11,124.99,551.77,3535.0,289.0,289.0
162,110.110,124.990,110.11,124.99,551.77,3826.0,377.0,377.0
163,110.110,124.990,110.11,124.99,551.77,3939.0,287.0,287.0
164,110.110,124.990,110.11,124.99,551.77,3684.0,281.0,281.0
165,110.110,124.990,110.11,124.99,551.77,3204.0,245.0,245.0
166,110.110,124.990,110.11,124.99,551.77,2776.0,103.0,103.0
167,110.110,124.990,110.11,124.99,551.77,3886.0,344.0,344.0
168,110.110,124.990,110.11,124.99,551.77,4137.0,431.0,431.0
169,110.110,124.990,110.11,124.99,551.77,4131.0,304.0,304.0
170,110.110,124.990,110.11,124.99,551.77,3278.0,46.0,46.0
171,110.110,124.990,110.11,124.99,551.77,3436.0,254.0,254.0
172,110.110,124.990,110.11,124.99,551.77,3546.0,224.0,224.0
173,110.110,124.990,110.11,124.99,551.77,3217.0,218.0,218.0
174,110.110,124.990,110.11,124.99,551.77,3793.0,320.0,320.0
175,110.110,124.990,110.11,124.99,551.77,3175.0,148.0,148.0
176,110.110,124.990,110.11,124.99,551.77,4210.0,407.0,407.0
177,110.110,124.990,110.11,124.99,551.77,3752.0,371.0,371.0
178,110.110,124.990,110.11,124.99,551.77,3792.0,282.0,282.0
179,110.110,124.990,110.11,124.99,551.77,4060.0,379.0,379.0
180,110.110,124.990,110.11,124.99,551.77,4342.0,492.0,492.0
181,110.110,124.990,110.11,124.99,551.77,4774.0,534.0,534.0
182,110.110,124.990,110.11,124.99,551.77,3853.0,392.0,392.0
183,110.110,124.990,110.11,124.99,551.77,3991.0,332.0,332.0
184,110.110,124.990,110.11,124.99,551.77,4081.0,443.0,443.0
185,110.110,124.990,110.11,124.99,551.77,4637.0,475.0,475.0
186,110.110,124.990,110.11,124.99,551.77,3497.0,279.0,279.0
187,110.110,124.990,110.11,124.99,551.77,3913.0,403.0,403.0
188,110.110,124.990,110.11,124.99,551.77,3536.0,210.0,210.0
189,110.110,124.990,110.11,124.99,551.77,4047.0,355.0,355.0
190,110.110,124.990,110.11,124.99,551.77,3325.0,160.0,160.0
191,110.110,124.990,110.11,124.99,551.77,4249.0,434.0,434.0
192,110.110,124.990,110.11,124.99,551.77,3823.0,431.0,431.0
193,110.110,124.990,110.11,124.99,551.77,3532.0,244.0,244.0
194,110.110,124.990,110.11,124.99,551.77,3743.0,245.0,245.0
195,110.110,124.990,110.11,124.99,551.77,3791.0,327.0,327.0
196,110.110,124.990,110.11,124.99,551.77,3102.0,24.0,24.0
197,110.110,124.990,110.11,124.99,551.77,3691.0,266.0,266.0
198,110.110,124.990,110.11,124.99,551.77,4154.0,402.0,402.0
199,110.110,124.990,110.11,124.99,551.77,3480.0,208.0,208.0
200,110.110,124.990,110.11,124.99,551.77,3335.0,138.0,138.0
201,110.110,124.990,110.11,124.99,551.77,4009.0,425.0,425.0
202,110.110,124.990,110.11,124.99,551.77,3708.0,323.0,323.0
203,110.110,124.990,110.11,124.99,551.77,3799.0,355.0,355.0
204,110.110,124.990,110.11,124.99,551.77,3817.0,379.0,379.0
205,110.110,124.990,110.11,124.99,551.77,3560.0,232.0,232.0
206,110.110,124.990,110.11,124.99,551.77,3543.0,189.0,189.0
207,110.110,124.990,110.11,124.99,551.77,3433.0,236.0,236.0
208,110.110,124.990,110.11,124.99,551.77,4148.0,419.0,419.0
209,110.110,124.990,110.11,124.99,551.77,4062.0,419.0,419.0
210,110.110,124.990,110.11,124.99,551.77,3643.0,396.0,396.0
211,110.110,124.990,110.11,124.99,551.77,3790.0,197.0,197.0
212,110.110,124.990,110.11,124.99,551.77,3797.0,330.0,330.0
213,110.110,124.990,110.11,124.99,551.77,4229.0,403.0,403.0
214,110.110,124.990,110.11,124.99,551.77,3689.0,410.0,410.0
215,110.110,124.990,110.11,124.99,551.77,4190.0,314.0,314.0
216,110.110,124.990,110.11,124.99,551.77,3610.0,171.0,171.0
217,110.110,124.990,110.11,124.99,551.77,4131.0,297.0,297.0
218,110.110,124.990,110.11,124.99,551.77,3904.0,433.0,433.0
219,110.110,124.990,110.11,124.99,551.77,3992.0,338.0,338.0
220,110.110,124.990,110.11,124.99,551.77,3611.0,282.0,282.0
221,110.110,124.990,110.11,124.99,551.77,3428.0,289.0,289.0
222,110.110,124.990,110.11,124.99,551.77,3311.0,169.0,169.0
223,110.110,124.990,110.11,124.99,551.77,3748.0,278.0,278.0
224,110.110,124.990,110.11,124.99,551.77,3413.0,232.0,232.0
225,110.110,124.990,110.11,124.99,551.77,3455.0,224.0,224.0
226,110.110,124.990,110.11,124.99,551.77,4028.0,313.0,313.0
227,110.110,124.990,110.11,124.99,551.77,3710.0,203.0,203.0
228,110.110,124.990,110.11,124.99,551.77,3127.0,167.0,167.0
229,110.110,124.990,110.11,124.99,551.77,3338.0,242.0,242.0
230,110.110,124.990,110.11,124.99,551.77,3384.0,199.0,199.0
231,110.110,124.990,110.11,124.99,551.77,3256.0,172.0,172.0
232,110.110,124.990,110.11,124.99,551.77,3643.0,229.0,229.0
233,110.110,124.990,110.11,124.99,551.77,3562.0,339.0,339.0
234,110.110,124.990,110.11,124.99,551.77,5070.0,588.0,588.0
235,110.110,124.990,110.11,124.99,551.77,4220.0,412.0,412.0
236,110.110,124.990,110.11,124.99,551.77,4427.0,520.0,520.0
237,110.110,124.990,110.11,124.99,551.77,4001.0,385.0,385.0
238,110.110,124.990,110.11,124.99,551.77,2966.0,82.0,82.0
239,110.110,124.990,110.11,124.99,551.77,2999.0,71.0,71.0
240,110.110,124.990,110.11,124.99,551.77,2985.0,57.0,57.0
241,110.110,124.990,110.11,124.99,551.77,3360.0,161.0,161.0
242,110.110,124.990,110.11,124.99,551.77,3212.0,131.0,131.0
243,110.110,124.990,110.11,124.99,551.77,3615.0,178.0,178.0
244,110.110,124.990,110.11,124.99,551.77,2821.0,45.0,45.0
245,110.110,124.990,110.11,124.99,551.77,3227.0,150.0,150.0
246,110.110,124.990,110.11,124.99,551.77,2018.0,0.0,0.0
247,110.110,124.990,110.11,124.99,551.77,2856.0,103.0,103.0
248,110.110,124.990,110.11,124.99,551.77,3061.0,110.0,110.0
249,110.110,124.990,110.11,124.99,551.77,2570.0,0.0,0.0
250,110.110,124.990,110.11,124.99,551.77,2630.0,20.0,20.0
251,110.110,124.990,110.11,124.99,551.77,2819.0,26.0,26.0
252,110.110,124.990,110.11,124.99,551.77,2800.0,115.0,115.0
253,110.110,124.990,110.11,124.99,551.77,2394.0,0.0,0.0
254,110.110,124.990,110.11,124.99,551.77,2267.0,0.0,0.0
255,110.110,124.990,110.11,124.99,551.77,2654.0,131.0,131.0
256,110.110,124.990,110.11,124.99,551.77,2892.0,130.0,130.0
257,110.110,124.990,110.11,124.99,551.77,2915.0,85.0,85.0
258,110.110,124.990,110.11,124.99,551.77,2551.0,14.0,14.0
259,110.110,124.990,110.11,124.99,551.77,2564.0,2.0,2.0
260,110.110,124.990,110.11,124.99,551.77,2770.0,31.0,31.0
261,110.110,124.990,110.11,124.99,551.77,2843.0,48.0,48.0
262,110.110,124.990,110.11,124.99,551.77,2549.0,0.0,0.0
263,110.110,124.990,110.11,124.99,551.77,2919.0,78.0,78.0
264,110.110,124.990,110.11,124.99,551.77,2502.0,0.0,0.0
265,110.110,124.990,110.11,124.99,551.77,2753.0,8.0,8.0
266,110.110,124.990,110.11,124.99,551.77,2757.0,91.0,91.0
267,110.110,124.990,110.11,124.99,551.77,2738.0,0.0,0.0
268,110.110,124.990,110.11,124.99,551.77,2556.0,0.0,0.0
269,110.110,124.990,110.11,124.99,551.77,2451.0,0.0,0.0
270,110.110,124.990,110.11,124.99,551.77,2452.0,0.0,0.0
271,110.110,124.990,110.11,124.99,551.77,2352.0,0.0,0.0
272,110.110,124.990,110.11,124.99,551.77,2472.0,0.0,0.0
273,110.110,124.990,110.11,124.99,551.77,2499.0,27.0,27.0
274,110.110,124.990,110.11,124.99,551.77,2325.0,40.0,40.0
275,110.110,124.990,110.11,124.99,551.77,2672.0,140.0,140.0
276,110.110,124.990,110.11,124.99,551.77,2950.0,98.0,98.0
277,110.110,124.990,110.11,124.99,551.77,2222.0,0.0,0.0
278,110.110,124.990,110.11,124.99,551.77,2952.0,171.0,171.0
279,110.110,124.990,110.11,124.99,551.77,3307.0,151.0,151.0
280,110.110,124.990,110.11,124.99,551.77,3358.0,281.0,281.0
281,110.110,124.990,110.11,124.99,551.77,3041.0,89.0,89.0
282,110.110,124.990,110.11,124.99,551.77,2587.0,5.0,5.0
283,110.110,124.990,110.11,124.99,551.77,2161.0,0.0,0.0
284,110.110,124.990,110.11,124.99,551.77,2569.0,49.0,49.0
285,110.110,124.990,110.11,124.99,551.77,2479.0,0.0,0.0
286,110.110,124.990,110.11,124.99,551.77,2488.0,53.0,53.0
287,110.110,124.990,110.11,124.99,551.77,2412.0,0.0,0.0
288,110.110,124.990,110.11,124.99,551.77,2728.0,15.0,15.0
289,110.110,124.990,110.11,124.99,551.77,2978.0,57.0,57.0
290,110.110,124.990,110.11,124.99,551.77,2823.0,143.0,143.0
291,110.110,124.990,110.11,124.99,551.77,2525.0,0.0,0.0
292,110.110,124.990,110.11,124.99,551.77,2654.0,28.0,28.0
293,110.110,124.990,110.11,124.99,551.77,2590.0,3.0,3.0
294,110.110,124.990,110.11,124.99,551.77,2920.0,47.0,47.0
295,110.110,124.990,110.11,124.99,551.77,3097.0,85.0,85.0
296,110.110,124.990,110.11,124.99,551.77,2790.0,76.0,76.0
297,110.110,124.990,110.11,124.99,551.77,2458.0,0.0,0.0
298,110.110,124.990,110.11,124.99,551.77,2481.0,0.0,0.0
299,110.110,124.990,110.11,124.99,551.77,2825.0,0.0,0.0
300,110.110,124.990,110.11,124.99,551.77,2584.0,0.0,0.0
301,110.110,124.990,110.11,124.99,551.77,2720.0,0.0,0.0
302,110.110,124.990,110.11,124.99,551.77,2725.0,0.0,0.0
303,110.110,124.990,110.11,124.99,551.77,2434.0,0.0,0.0
304,110.110,124.990,110.11,124.99,551.77,2445.0,13.0,13.0
305,110.110,124.990,110.11,124.99,551.77,2491.0,75.0,75.0
306,110.110,124.990,110.11,124.99,551.77,2919.0,0.0,0.0
307,110.110,124.990,110.11,124.99,551.77,2406.0,0.0,0.0
308,110.110,124.990,110.11,124.99,551.77,2349.0,0.0,0.0
309,110.110,124.990,110.11,124.99,551.77,2754.0,83.0,83.0
310,110.110,124.990,110.11,124.99,551.77,2808.0,58.0,58.0
311,110.110,124.990,110.11,124.99,551.77,2810.0,69.0,69.0
312,110.110,124.990,110.11,124.99,551.77,2496.0,0.0,0.0
313,110.110,124.990,110.11,124.99,551.77,2489.0,0.0,0.0
314,110.110,124.990,110.11,124.99,551.77,2859.0,160.0,160.0
315,110.110,124.990,110.11,124.99,551.77,3009.0,83.0,83.0
316,110.110,124.990,110.11,124.99,551.77,2927.0,76.0,76.0
317,110.110,124.990,110.11,124.99,551.77,2041.0,0.0,0.0
318,110.110,124.990,110.11,124.99,551.77,3070.0,46.0,46.0
319,110.110,124.990,110.11,124.99,551.77,2452.0,0.0,0.0
320,110.110,124.990,110.11,124.99,551.77,2974.0,141.0,141.0
321,110.110,124.990,110.11,124.99,551.77,2598.0,0.0,0.0
322,110.110,124.990,110.11,124.99,551.77,2798.0,49.0,49.0
323,110.110,124.990,110.11,124.99,551.77,2666.0,25.0,25.0
324,110.110,124.990,110.11,124.99,551.77,2658.0,43.0,43.0
325,110.110,124.990,110.11,124.99,551.77,2532.0,0.0,0.0
326,110.110,124.990,110.11,124.99,551.77,2940.0,88.0,88.0
327,110.110,124.990,110.11,124.99,551.77,2772.0,44.0,44.0
328,110.110,124.990,110.11,124.99,551.77,2833.0,112.0,112.0
329,110.110,124.990,110.11,124.99,551.77,2238.0,0.0,0.0
330,110.110,124.990,110.11,124.99,551.77,2082.0,0.0,0.0
331,110.110,124.990,110.11,124.99,551.77,2401.0,0.0,0.0
332,110.110,124.990,110.11,124.99,551.77,2951.0,77.0,77.0
333,110.110,124.990,110.11,124.99,551.77,1997.0,0.0,0.0
334,110.110,124.990,110.11,124.99,551.77,2448.0,0.0,0.0
335,110.110,124.990,110.11,124.99,551.77,2535.0,0.0,0.0
336,110.110,124.990,110.11,124.99,551.77,2295.0,0.0,0.0
337,110.110,124.990,110.11,124.99,551.77,2383.0,0.0,0.0
338,110.110,124.990,110.11,124.99,551.77,3064.0,80.0,80.0
339,110.110,124.990,110.11,124.99,551.77,2500.0,0.0,0.0
340,110.110,124.990,110.11,124.99,551.77,2558.0,79.0,79.0
341,110.110,124.990,110.11,124.99,551.77,2156.0,0.0,0.0
342,110.110,124.990,110.11,124.99,551.77,2549.0,0.0,0.0
343,110.110,124.990,110.11,124.99,551.77,2549.0,0.0,0.0
344,110.110,124.990,110.11,124.99,551.77,2462.0,0.0,0.0
345,110.110,124.990,110.11,124.99,551.77,2475.0,0.0,0.0
346,110.110,124.990,110.11,124.99,551.77,2582.0,66.0,66.0
347,110.110,124.990,110.11,124.99,551.77,3111.0,202.0,202.0
348,110.110,124.990,110.11,124.99,551.77,2228.0,0.0,0.0
349,110.110,124.990,110.11,124.99,551.77,2830.0,33.0,33.0
350,110.110,124.990,110.11,124.99,551.77,2235.0,0.0,0.0
