id,avg_x,avg_y,x,y,bg,Square_intensity,circular_intensity,Gaussian_intensity
70,94.240,232.570,93.68,231.71,822.15,19099.0,5555.0,5555.0
71,94.240,232.570,93.68,231.71,822.15,17195.0,4717.0,4717.0
72,94.240,232.570,93.68,231.71,822.15,19782.0,5759.0,5759.0
73,94.240,232.570,93.68,231.71,822.15,12192.0,3119.0,3119.0
74,94.240,232.570,93.68,231.71,822.15,7354.0,1763.0,1763.0
75,94.240,232.570,93.68,231.71,822.15,12096.0,3486.0,3486.0
76,94.240,232.570,93.68,231.71,822.15,5237.0,1034.0,1034.0
77,94.240,232.570,93.68,231.71,822.15,6555.0,1327.0,1327.0
78,94.240,232.570,93.68,231.71,822.15,8494.0,2097.0,2097.0
79,94.240,232.570,93.68,231.71,822.15,10230.0,2725.0,2725.0
80,94.240,232.570,93.68,231.71,822.15,12398.0,3585.0,3585.0
81,94.240,232.570,93.68,231.71,822.15,27426.0,8573.0,8573.0
82,94.240,232.570,93.68,231.71,822.15,10164.0,2814.0,2814.0
83,94.240,232.570,93.68,231.71,822.15,9288.0,2190.0,2190.0
84,94.240,232.570,93.68,231.71,822.15,20342.0,5833.0,5833.0
85,94.240,232.570,93.68,231.71,822.15,20057.0,5764.0,5764.0
86,94.240,232.570,93.68,231.71,822.15,25880.0,7371.0,7371.0
87,94.240,232.570,93.68,231.71,822.15,24304.0,7066.0,7066.0
88,94.240,232.570,93.68,231.71,822.15,15559.0,4123.0,4123.0
89,94.240,232.570,93.68,231.71,822.15,18840.0,5442.0,5442.0
90,94.240,232.570,93.68,231.71,822.15,17310.0,5100.0,5100.0
91,94.240,232.570,93.68,231.71,822.15,16573.0,4243.0,4243.0
92,94.240,232.570,93.68,231.71,822.15,13663.0,3632.0,3632.0
93,94.240,232.570,93.68,231.71,822.15,17006.0,5030.0,5030.0
94,94.240,232.570,93.68,231.71,822.15,12851.0,3274.0,3274.0
95,94.240,232.570,93.68,231.71,822.15,6919.0,1575.0,1575.0
96,94.240,232.570,93.68,231.71,822.15,7698.0,1701.0,1701.0
97,94.240,232.570,93.68,231.71,822.15,8763.0,2076.0,2076.0
98,94.240,232.570,93.68,231.71,822.15,9314.0,2423.0,2423.0
99,94.240,232.570,93.68,231.71,822.15,19134.0,5150.0,5150.0
100,94.240,232.570,93.68,231.71,822.15,22407.0,6434.0,6434.0
101,94.240,232.570,93.68,231.71,822.15,8474.0,1550.0,1550.0
102,94.240,232.570,93.68,231.71,822.15,22220.0,6143.0,6143.0
103,94.240,232.570,93.68,231.71,822.15,18833.0,5008.0,5008.0
104,94.240,232.570,93.68,231.71,822.15,13075.0,3258.0,3258.0
105,94.240,232.570,93.68,231.71,822.15,13679.0,3504.0,3504.0
106,94.240,232.570,93.68,231.71,822.15,20894.0,6131.0,6131.0
107,94.240,232.570,93.68,231.71,822.15,9896.0,2248.0,2248.0
108,94.240,232.570,93.68,231.71,822.15,8302.0,1711.0,1711.0
109,94.240,232.570,93.68,231.71,822.15,7852.0,1479.0,1479.0
110,94.240,232.570,93.68,231.71,822.15,9152.0,1869.0,1869.0
111,94.240,232.570,93.68,231.71,822.15,10065.0,2086.0,2086.0
112,94.240,232.570,93.68,231.71,822.15,10698.0,2602.0,2602.0
113,94.240,232.570,93.68,231.71,822.15,8224.0,1817.0,1817.0
114,94.240,232.570,93.68,231.71,822.15,12995.0,2675.0,2675.0
115,94.240,232.570,93.68,231.71,822.15,14112.0,3292.0,3292.0
116,94.240,232.570,93.68,231.71,822.15,9861.0,1936.0,1936.0
117,94.240,232.570,93.68,231.71,822.15,10611.0,2063.0,2063.0
118,94.240,232.570,93.68,231.71,822.15,12554.0,2385.0,2385.0
119,94.240,232.570,93.68,231.71,822.15,12153.0,2361.0,2361.0
120,94.240,232.570,93.68,231.71,822.15,14181.0,3037.0,3037.0
121,94.240,232.570,93.68,231.71,822.15,15120.0,4269.0,4269.0
122,94.240,232.570,93.68,231.71,822.15,31356.0,10842.0,10842.0
123,94.240,232.570,93.68,231.71,822.15,10238.0,2422.0,2422.0
124,94.240,232.570,93.68,231.71,822.15,8857.0,1878.0,1878.0
125,94.240,232.570,93.68,231.71,822.15,8103.0,2041.0,2041.0
126,94.240,232.570,93.68,231.71,822.15,9119.0,1892.0,1892.0
127,94.240,232.570,93.68,231.71,822.15,9777.0,1964.0,1964.0
128,94.240,232.570,93.68,231.71,822.15,8477.0,1673.0,1673.0
129,94.240,232.570,93.68,231.71,822.15,8129.0,1675.0,1675.0
130,94.240,232.570,93.68,231.71,822.15,9508.0,2226.0,2226.0
131,94.240,232.570,93.68,231.71,822.15,8278.0,1663.0,1663.0
132,94.240,232.570,93.68,231.71,822.15,7177.0,1300.0,1300.0
133,94.240,232.570,93.68,231.71,822.15,8654.0,1739.0,1739.0
134,94.240,232.570,93.68,231.71,822.15,8403.0,1636.0,1636.0
135,94.240,232.570,93.68,231.71,822.15,8600.0,1785.0,1785.0
136,94.240,232.570,93.68,231.71,822.15,9799.0,2025.0,2025.0
137,94.240,232.570,93.68,231.71,822.15,7820.0,1659.0,1659.0
138,94.240,232.570,93.68,231.71,822.15,9360.0,1958.0,1958.0
139,94.240,232.570,93.68,231.71,822.15,8167.0,1828.0,1828.0
140,94.240,232.570,93.68,231.71,822.15,8184.0,1776.0,1776.0
141,94.240,232.570,93.68,231.71,822.15,8817.0,1981.0,1981.0
142,94.240,232.570,93.68,231.71,822.15,8157.0,1737.0,1737.0
143,94.240,232.570,93.68,231.71,822.15,9102.0,1702.0,1702.0
144,94.240,232.570,93.68,231.71,822.15,11840.0,2963.0,2963.0
145,94.240,232.570,93.68,231.71,822.15,22062.0,6262.0,6262.0
146,94.240,232.570,93.68,231.71,822.15,14264.0,3722.0,3722.0
147,94.240,232.570,93.68,231.71,822.15,10370.0,2328.0,2328.0
148,94.240,232.570,93.68,231.71,822.15,10897.0,2234.0,2234.0
149,94.240,232.570,93.68,231.71,822.15,8569.0,1834.0,1834.0
150,94.240,232.570,93.68,231.71,822.15,9318.0,2091.0,2091.0
151,94.240,232.570,93.68,231.71,822.15,9391.0,2188.0,2188.0
152,94.240,232.570,93.68,231.71,822.15,7923.0,1473.0,1473.0
153,94.240,232.570,93.68,231.71,822.15,8516.0,1726.0,1726.0
154,94.240,232.570,93.68,231.71,822.15,11369.0,2540.0,2540.0
155,94.240,232.570,93.68,231.71,822.15,18776.0,5020.0,5020.0
156,94.240,232.570,93.68,231.71,822.15,16689.0,4816.0,4816.0
157,94.240,232.570,93.68,231.71,822.15,10251.0,2346.0,2346.0
158,94.240,232.570,93.68,231.71,822.15,9920.0,2273.0,2273.0
159,94.240,232.570,93.68,231.71,822.15,7594.0,1507.0,1507.0
160,94.240,232.570,93.68,231.71,822.15,8072.0,1597.0,1597.0
161,94.240,232.570,93.68,231.71,822.15,10665.0,2603.0,2603.0
162,94.240,232.570,93.68,231.71,822.15,5990.0,1144.0,1144.0
163,94.240,232.570,93.68,231.71,822.15,6419.0,1374.0,1374.0
164,94.240,232.570,93.68,231.71,822.15,5664.0,1054.0,1054.0
165,94.240,232.570,93.68,231.71,822.15,5938.0,1168.0,1168.0
166,94.240,232.570,93.68,231.71,822.15,6261.0,1392.0,1392.0
167,94.240,232.570,93.68,231.71,822.15,5185.0,1117.0,1117.0
168,94.240,232.570,93.68,231.71,822.15,6019.0,1267.0,1267.0
169,94.240,232.570,93.68,231.71,822.15,5892.0,1180.0,1180.0
170,94.240,232.570,93.68,231.71,822.15,5562.0,1253.0,1253.0
171,94.240,232.570,93.68,231.71,822.15,6791.0,1676.0,1676.0
172,94.240,232.570,93.68,231.71,822.15,5891.0,1245.0,1245.0
173,94.240,232.570,93.68,231.71,822.15,7904.0,1958.0,1958.0
174,94.240,232.570,93.68,231.71,822.15,8201.0,2129.0,2129.0
175,94.240,232.570,93.68,231.71,822.15,6452.0,1806.0,1806.0
176,94.240,232.570,93.68,231.71,822.15,5390.0,1409.0,1409.0
177,94.240,232.570,93.68,231.71,822.15,6236.0,1558.0,1558.0
178,94.240,232.570,93.68,231.71,822.15,6641.0,1437.0,1437.0
179,94.240,232.570,93.68,231.71,822.15,7208.0,1633.0,1633.0
180,94.240,232.570,93.68,231.71,822.15,6634.0,1611.0,1611.0
181,94.240,232.570,93.68,231.71,822.15,8436.0,1696.0,1696.0
182,94.240,232.570,93.68,231.71,822.15,5891.0,1218.0,1218.0
183,94.240,232.570,93.68,231.71,822.15,6148.0,1186.0,1186.0
184,94.240,232.570,93.68,231.71,822.15,5909.0,1274.0,1274.0
185,94.240,232.570,93.68,231.71,822.15,5234.0,994.0,994.0
186,94.240,232.570,93.68,231.71,822.15,6741.0,1509.0,1509.0
187,94.240,232.570,93.68,231.71,822.15,5666.0,1335.0,1335.0
188,94.240,232.570,93.68,231.71,822.15,5416.0,1022.0,1022.0
189,94.240,232.570,93.68,231.71,822.15,5558.0,989.0,989.0
190,94.240,232.570,93.68,231.71,822.15,5883.0,1062.0,1062.0
191,94.240,232.570,93.68,231.71,822.15,5736.0,1090.0,1090.0
192,94.240,232.570,93.68,231.71,822.15,4722.0,854.0,854.0
193,94.240,232.570,93.68,231.71,822.15,4659.0,834.0,834.0
194,94.240,232.570,93.68,231.71,822.15,5013.0,854.0,854.0
195,94.240,232.570,93.68,231.71,822.15,5158.0,1000.0,1000.0
196,94.240,232.570,93.68,231.71,822.15,4891.0,815.0,815.0
197,94.240,232.570,93.68,231.71,822.15,4821.0,1080.0,1080.0
198,94.240,232.570,93.68,231.71,822.15,6775.0,1451.0,1451.0
199,94.240,232.570,93.68,231.71,822.15,7752.0,1931.0,1931.0
200,94.240,232.570,93.68,231.71,822.15,6763.0,1147.0,1147.0
201,94.240,232.570,93.68,231.71,822.15,6238.0,1114.0,1114.0
202,94.240,232.570,93.68,231.71,822.15,4986.0,1120.0,1120.0
203,94.240,232.570,93.68,231.71,822.15,6419.0,1218.0,1218.0
204,94.240,232.570,93.68,231.71,822.15,4768.0,919.0,919.0
205,94.240,232.570,93.68,231.71,822.15,5867.0,1447.0,1447.0
206,94.240,232.570,93.68,231.71,822.15,5999.0,1166.0,1166.0
207,94.240,232.570,93.68,231.71,822.15,4921.0,894.0,894.0
208,94.240,232.570,93.68,231.71,822.15,4942.0,931.0,931.0
209,94.240,232.570,93.68,231.71,822.15,5124.0,969.0,969.0
210,94.240,232.570,93.68,231.71,822.15,7419.0,1602.0,1602.0
211,94.240,232.570,93.68,231.71,822.15,5857.0,1337.0,1337.0
212,94.240,232.570,93.68,231.71,822.15,5666.0,1281.0,1281.0
213,94.240,232.570,93.68,231.71,822.15,5020.0,1045.0,1045.0
214,94.240,232.570,93.68,231.71,822.15,5433.0,1107.0,1107.0
215,94.240,232.570,93.68,231.71,822.15,5299.0,1230.0,1230.0
216,94.240,232.570,93.68,231.71,822.15,5709.0,1379.0,1379.0
217,94.240,232.570,93.68,231.71,822.15,5562.0,1294.0,1294.0
218,94.240,232.570,93.68,231.71,822.15,5574.0,1200.0,1200.0
219,94.240,232.570,93.68,231.71,822.15,4466.0,956.0,956.0
220,94.240,232.570,93.68,231.71,822.15,5391.0,1172.0,1172.0
221,94.240,232.570,93.68,231.71,822.15,5974.0,1327.0,1327.0
222,94.240,232.570,93.68,231.71,822.15,4969.0,962.0,962.0
223,94.240,232.570,93.68,231.71,822.15,4761.0,1084.0,1084.0
224,94.240,232.570,93.68,231.71,822.15,5403.0,1195.0,1195.0
225,94.240,232.570,93.68,231.71,822.15,6571.0,1588.0,1588.0
226,94.240,232.570,93.68,231.71,822.15,5707.0,1511.0,1511.0
227,94.240,232.570,93.68,231.71,822.15,5709.0,1481.0,1481.0
228,94.240,232.570,93.68,231.71,822.15,5769.0,1260.0,1260.0
229,94.240,232.570,93.68,231.71,822.15,5280.0,1219.0,1219.0
230,94.240,232.570,93.68,231.71,822.15,5114.0,895.0,895.0
231,94.240,232.570,93.68,231.71,822.15,5201.0,999.0,999.0
232,94.240,232.570,93.68,231.71,822.15,5559.0,1302.0,1302.0
233,94.240,232.570,93.68,231.71,822.15,4946.0,987.0,987.0
234,94.240,232.570,93.68,231.71,822.15,5735.0,1309.0,1309.0
235,94.240,232.570,93.68,231.71,822.15,6159.0,1331.0,1331.0
236,94.240,232.570,93.68,231.71,822.15,6296.0,1237.0,1237.0
237,94.240,232.570,93.68,231.71,822.15,5003.0,1160.0,1160.0
238,94.240,232.570,93.68,231.71,822.15,7100.0,1487.0,1487.0
239,94.240,232.570,93.68,231.71,822.15,6616.0,1530.0,1530.0
240,94.240,232.570,93.68,231.71,822.15,6962.0,1914.0,1914.0
241,94.240,232.570,93.68,231.71,822.15,7511.0,1911.0,1911.0
242,94.240,232.570,93.68,231.71,822.15,6142.0,1477.0,1477.0
243,94.240,232.570,93.68,231.71,822.15,6257.0,1263.0,1263.0
244,94.240,232.570,93.68,231.71,822.15,5411.0,1117.0,1117.0
245,94.240,232.570,93.68,231.71,822.15,5110.0,1106.0,1106.0
246,94.240,232.570,93.68,231.71,822.15,5975.0,1426.0,1426.0
247,94.240,232.570,93.68,231.71,822.15,4944.0,1104.0,1104.0
248,94.240,232.570,93.68,231.71,822.15,5370.0,1205.0,1205.0
249,94.240,232.570,93.68,231.71,822.15,5659.0,1359.0,1359.0
250,94.240,232.570,93.68,231.71,822.15,9296.0,2329.0,2329.0
251,94.240,232.570,93.68,231.71,822.15,6577.0,1661.0,1661.0
252,94.240,232.570,93.68,231.71,822.15,5837.0,1495.0,1495.0
253,94.240,232.570,93.68,231.71,822.15,6494.0,1773.0,1773.0
254,94.240,232.570,93.68,231.71,822.15,5879.0,1488.0,1488.0
255,94.240,232.570,93.68,231.71,822.15,8171.0,2116.0,2116.0
256,94.240,232.570,93.68,231.71,822.15,6379.0,1377.0,1377.0
257,94.240,232.570,93.68,231.71,822.15,5583.0,1087.0,1087.0
258,94.240,232.570,93.68,231.71,822.15,4135.0,762.0,762.0
259,94.240,232.570,93.68,231.71,822.15,5485.0,1231.0,1231.0
260,94.240,232.570,93.68,231.71,822.15,4775.0,1073.0,1073.0
261,94.240,232.570,93.68,231.71,822.15,4608.0,960.0,960.0
262,94.240,232.570,93.68,231.71,822.15,4871.0,1236.0,1236.0
263,94.240,232.570,93.68,231.71,822.15,5622.0,1520.0,1520.0
264,94.240,232.570,93.68,231.71,822.15,6740.0,1611.0,1611.0
265,94.240,232.570,93.68,231.71,822.15,5878.0,1359.0,1359.0
266,94.240,232.570,93.68,231.71,822.15,7834.0,1967.0,1967.0
267,94.240,232.570,93.68,231.71,822.15,5604.0,1313.0,1313.0
268,94.240,232.570,93.68,231.71,822.15,5757.0,1190.0,1190.0
269,94.240,232.570,93.68,231.71,822.15,5258.0,966.0,966.0
270,94.240,232.570,93.68,231.71,822.15,5926.0,1025.0,1025.0
271,94.240,232.570,93.54,230.43,822.15,6650.0,678.0,678.0
272,94.240,232.570,94.68,232.58,822.15,5728.0,815.0,815.0
274,94.240,232.570,94.23,232.87,822.15,5003.0,641.0,641.0
275,94.240,232.570,93.71,233.21,822.15,2833.0,410.0,410.0
276,94.240,232.570,93.96,232.53,822.15,6567.0,763.0,763.0
277,94.240,232.570,94.33,232.84,822.15,5418.0,643.0,643.0
278,94.240,232.570,93.56,231.59,822.15,5251.0,689.0,689.0
279,94.240,232.570,92.94,232.71,822.15,3965.0,702.0,702.0
282,94.240,232.570,94.46,232.45,822.15,7523.0,526.0,526.0
284,94.240,232.570,93.33,230.99,822.15,6002.0,1077.0,1077.0
285,94.240,232.570,93.46,230.5,822.15,5854.0,482.0,482.0
287,94.240,232.570,93.19,230.98,822.15,6460.0,1239.0,1239.0
288,94.240,232.570,93.52,232.34,822.15,6199.0,942.0,942.0
289,94.240,232.570,93.53,231.85,822.15,7491.0,1422.0,1422.0
290,94.240,232.570,93.94,232.27,822.15,6599.0,984.0,984.0
291,94.240,232.570,93.19,231.75,822.15,6863.0,1328.0,1328.0
292,94.240,232.570,93.8,232.26,822.15,7279.0,1502.0,1502.0
293,94.240,232.570,93.17,231.99,822.15,7178.0,1207.0,1207.0
294,94.240,232.570,93.56,231.16,822.15,7006.0,1361.0,1361.0
295,94.240,232.570,93.45,231.55,822.15,10354.0,1242.0,1242.0
296,94.240,232.570,94.01,232.59,822.15,11288.0,1562.0,1562.0
297,94.240,232.570,93.84,232.19,822.15,8149.0,1728.0,1728.0
298,94.240,232.570,94.34,232.74,822.15,6485.0,703.0,703.0
299,94.240,232.570,94.51,232.44,822.15,5962.0,393.0,393.0
300,94.240,232.570,94.23,232.74,822.15,5778.0,949.0,949.0
301,94.240,232.570,94.47,233.09,822.15,4884.0,724.0,724.0
302,94.240,232.570,94.54,232.61,822.15,7196.0,546.0,546.0
303,94.240,232.570,94.85,232.72,822.15,6390.0,1145.0,1145.0
305,94.240,232.570,94.24,233.17,822.15,4168.0,731.0,731.0
306,94.240,232.570,94.47,232.54,822.15,6196.0,687.0,687.0
307,94.240,232.570,94.27,232.69,822.15,6548.0,906.0,906.0
308,94.240,232.570,94.03,232.15,822.15,5646.0,695.0,695.0
309,94.240,232.570,92.74,232.82,822.15,3766.0,436.0,436.0
310,94.240,232.570,94.22,232.27,822.15,6956.0,1229.0,1229.0
311,94.240,232.570,94.4,232.96,822.15,7381.0,1083.0,1083.0
312,94.240,232.570,94.39,232.98,822.15,5248.0,757.0,757.0
313,94.240,232.570,94.18,233.21,822.15,4617.0,735.0,735.0
314,94.240,232.570,93.6,232.49,822.15,7218.0,846.0,846.0
315,94.240,232.570,93.78,232.94,822.15,5066.0,484.0,484.0
317,94.240,232.570,94.37,232.82,822.15,6750.0,828.0,828.0
318,94.240,232.570,93.94,232.82,822.15,7136.0,1178.0,1178.0
319,94.240,232.570,94.39,232.55,822.15,6403.0,807.0,807.0
320,94.240,232.570,93.5,233.02,822.15,5218.0,730.0,730.0
321,94.240,232.570,93.44,232.14,822.15,18742.0,3393.0,3393.0
322,94.240,232.570,93.38,232.05,822.15,23635.0,4307.0,4307.0
323,94.240,232.570,94.5,232.56,822.15,5737.0,650.0,650.0
324,94.240,232.570,93.44,230.43,822.15,5191.0,484.0,484.0
325,94.240,232.570,94.32,230.58,822.15,5018.0,822.0,822.0
326,94.240,232.570,94.56,232.64,822.15,8498.0,1093.0,1093.0
327,94.240,232.570,94.89,232.81,822.15,5540.0,780.0,780.0
328,94.240,232.570,94.56,232.63,822.15,8054.0,878.0,878.0
329,94.240,232.570,94.09,232.83,822.15,5537.0,994.0,994.0
330,94.240,232.570,94.75,232.62,822.15,5317.0,760.0,760.0
331,94.240,232.570,94.33,232.99,822.15,6974.0,1188.0,1188.0
333,94.240,232.570,94.45,232.71,822.15,5924.0,504.0,504.0
334,94.240,232.570,94.12,232.32,822.15,6168.0,924.0,924.0
335,94.240,232.570,93.68,231.44,822.15,5584.0,1082.0,1082.0
338,94.240,232.570,94.24,232.57,822.15,6081.0,571.0,571.0
339,94.240,232.570,94.24,232.57,822.15,3061.0,151.0,151.0
340,94.240,232.570,94.24,232.57,822.15,3300.0,129.0,129.0
341,94.240,232.570,94.24,232.57,822.15,4353.0,260.0,260.0
342,94.240,232.570,94.24,232.57,822.15,7435.0,800.0,800.0
343,94.240,232.570,94.24,232.57,822.15,6608.0,661.0,661.0
344,94.240,232.570,94.24,232.57,822.15,8168.0,939.0,939.0
345,94.240,232.570,94.24,232.57,822.15,9858.0,1420.0,1420.0
346,94.240,232.570,94.24,232.57,822.15,9060.0,1217.0,1217.0
347,94.240,232.570,94.24,232.57,822.15,9346.0,1349.0,1349.0
348,94.240,232.570,94.24,232.57,822.15,10394.0,1390.0,1390.0
349,94.240,232.570,94.24,232.57,822.15,11742.0,1726.0,1726.0
350,94.240,232.570,94.24,232.57,822.15,9436.0,1415.0,1415.0
351,94.240,232.570,94.24,232.57,822.15,11027.0,1624.0,1624.0
352,94.240,232.570,94.24,232.57,822.15,10548.0,1536.0,1536.0
353,94.240,232.570,94.24,232.57,822.15,11488.0,1564.0,1564.0
354,94.240,232.570,94.24,232.57,822.15,8343.0,975.0,975.0
355,94.240,232.570,94.24,232.57,822.15,8767.0,1096.0,1096.0
356,94.240,232.570,94.24,232.57,822.15,7894.0,1048.0,1048.0
357,94.240,232.570,94.24,232.57,822.15,7772.0,1009.0,1009.0
358,94.240,232.570,94.24,232.57,822.15,12572.0,1706.0,1706.0
359,94.240,232.570,94.24,232.57,822.15,11578.0,1514.0,1514.0
360,94.240,232.570,94.24,232.57,822.15,10611.0,1471.0,1471.0
361,94.240,232.570,94.24,232.57,822.15,9863.0,1332.0,1332.0
362,94.240,232.570,94.24,232.57,822.15,9683.0,1280.0,1280.0
363,94.240,232.570,94.24,232.57,822.15,11487.0,1648.0,1648.0
364,94.240,232.570,94.24,232.57,822.15,10305.0,1279.0,1279.0
365,94.240,232.570,94.24,232.57,822.15,10605.0,1468.0,1468.0
366,94.240,232.570,94.24,232.57,822.15,10685.0,1472.0,1472.0
367,94.240,232.570,94.24,232.57,822.15,12460.0,1832.0,1832.0
368,94.240,232.570,94.24,232.57,822.15,12379.0,1824.0,1824.0
369,94.240,232.570,94.24,232.57,822.15,10329.0,1345.0,1345.0
370,94.240,232.570,94.24,232.57,822.15,9400.0,1231.0,1231.0
371,94.240,232.570,94.24,232.57,822.15,9038.0,1234.0,1234.0
372,94.240,232.570,94.24,232.57,822.15,7992.0,1057.0,1057.0
373,94.240,232.570,94.24,232.57,822.15,7991.0,963.0,963.0
374,94.240,232.570,94.24,232.57,822.15,5689.0,624.0,624.0
375,94.240,232.570,94.24,232.57,822.15,9958.0,1368.0,1368.0
376,94.240,232.570,94.24,232.57,822.15,8797.0,1304.0,1304.0
377,94.240,232.570,94.24,232.57,822.15,10218.0,1419.0,1419.0
378,94.240,232.570,94.24,232.57,822.15,10700.0,1574.0,1574.0
379,94.240,232.570,94.24,232.57,822.15,12545.0,1779.0,1779.0
380,94.240,232.570,94.24,232.57,822.15,10667.0,1529.0,1529.0
381,94.240,232.570,94.24,232.57,822.15,12495.0,1719.0,1719.0
382,94.240,232.570,94.24,232.57,822.15,9666.0,1106.0,1106.0
383,94.240,232.570,94.24,232.57,822.15,11545.0,1652.0,1652.0
384,94.240,232.570,94.24,232.57,822.15,8278.0,1166.0,1166.0
385,94.240,232.570,94.24,232.57,822.15,6400.0,841.0,841.0
386,94.240,232.570,94.24,232.57,822.15,7240.0,908.0,908.0
387,94.240,232.570,94.24,232.57,822.15,6089.0,577.0,577.0
388,94.240,232.570,94.24,232.57,822.15,6351.0,652.0,652.0
389,94.240,232.570,94.24,232.57,822.15,8516.0,837.0,837.0
390,94.240,232.570,94.24,232.57,822.15,8031.0,811.0,811.0
391,94.240,232.570,94.24,232.57,822.15,8964.0,1101.0,1101.0
392,94.240,232.570,94.24,232.57,822.15,6547.0,762.0,762.0
393,94.240,232.570,94.24,232.57,822.15,6109.0,633.0,633.0
394,94.240,232.570,94.24,232.57,822.15,6673.0,732.0,732.0
395,94.240,232.570,94.24,232.57,822.15,8176.0,1012.0,1012.0
396,94.240,232.570,94.24,232.57,822.15,8590.0,1226.0,1226.0
397,94.240,232.570,94.24,232.57,822.15,11702.0,1775.0,1775.0
398,94.240,232.570,94.24,232.57,822.15,15264.0,2132.0,2132.0
399,94.240,232.570,94.24,232.57,822.15,13396.0,1892.0,1892.0
400,94.240,232.570,94.24,232.57,822.15,6188.0,675.0,675.0
401,94.240,232.570,94.24,232.57,822.15,4445.0,529.0,529.0
402,94.240,232.570,94.24,232.57,822.15,7930.0,992.0,992.0
403,94.240,232.570,94.24,232.57,822.15,9202.0,1291.0,1291.0
404,94.240,232.570,94.24,232.57,822.15,10110.0,1461.0,1461.0
405,94.240,232.570,94.24,232.57,822.15,11610.0,1738.0,1738.0
406,94.240,232.570,94.24,232.57,822.15,10917.0,1498.0,1498.0
407,94.240,232.570,94.24,232.57,822.15,8297.0,1084.0,1084.0
408,94.240,232.570,94.24,232.57,822.15,9866.0,1346.0,1346.0
409,94.240,232.570,94.24,232.57,822.15,13058.0,1722.0,1722.0
410,94.240,232.570,94.24,232.57,822.15,11300.0,1621.0,1621.0
411,94.240,232.570,94.24,232.57,822.15,8812.0,1148.0,1148.0
412,94.240,232.570,94.24,232.57,822.15,8722.0,1052.0,1052.0
413,94.240,232.570,94.24,232.57,822.15,8764.0,915.0,915.0
414,94.240,232.570,94.24,232.57,822.15,7989.0,820.0,820.0
415,94.240,232.570,94.24,232.57,822.15,7573.0,983.0,983.0
416,94.240,232.570,94.24,232.57,822.15,10267.0,1319.0,1319.0
417,94.240,232.570,94.24,232.57,822.15,9751.0,1186.0,1186.0
418,94.240,232.570,94.24,232.57,822.15,10836.0,1345.0,1345.0
419,94.240,232.570,94.24,232.57,822.15,9471.0,1169.0,1169.0
420,94.240,232.570,94.24,232.57,822.15,7597.0,906.0,906.0
421,94.240,232.570,94.24,232.57,822.15,7289.0,788.0,788.0
422,94.240,232.570,94.24,232.57,822.15,7389.0,770.0,770.0
423,94.240,232.570,94.24,232.57,822.15,6992.0,709.0,709.0
424,94.240,232.570,94.24,232.57,822.15,9893.0,1220.0,1220.0
425,94.240,232.570,94.24,232.57,822.15,8701.0,1013.0,1013.0
426,94.240,232.570,94.24,232.57,822.15,7854.0,815.0,815.0
427,94.240,232.570,94.24,232.57,822.15,8551.0,867.0,867.0
428,94.240,232.570,94.24,232.57,822.15,9000.0,1104.0,1104.0
429,94.240,232.570,94.24,232.57,822.15,6644.0,600.0,600.0
430,94.240,232.570,94.24,232.57,822.15,7628.0,740.0,740.0
431,94.240,232.570,94.24,232.57,822.15,7800.0,868.0,868.0
432,94.240,232.570,94.24,232.57,822.15,7597.0,821.0,821.0
433,94.240,232.570,94.24,232.57,822.15,5560.0,464.0,464.0
434,94.240,232.570,94.24,232.57,822.15,7414.0,812.0,812.0
435,94.240,232.570,94.24,232.57,822.15,8217.0,869.0,869.0
436,94.240,232.570,94.24,232.57,822.15,7044.0,694.0,694.0
437,94.240,232.570,94.24,232.57,822.15,7503.0,812.0,812.0
438,94.240,232.570,94.24,232.57,822.15,7647.0,764.0,764.0
439,94.240,232.570,94.24,232.57,822.15,9185.0,1010.0,1010.0
440,94.240,232.570,94.24,232.57,822.15,10864.0,1212.0,1212.0
441,94.240,232.570,94.24,232.57,822.15,9363.0,1053.0,1053.0
442,94.240,232.570,94.24,232.57,822.15,13066.0,1637.0,1637.0
443,94.240,232.570,94.24,232.57,822.15,8752.0,916.0,916.0
444,94.240,232.570,94.24,232.57,822.15,7439.0,789.0,789.0
445,94.240,232.570,94.24,232.57,822.15,7416.0,866.0,866.0
446,94.240,232.570,94.24,232.57,822.15,7423.0,754.0,754.0
447,94.240,232.570,94.24,232.57,822.15,9888.0,1112.0,1112.0
448,94.240,232.570,94.24,232.57,822.15,9405.0,1013.0,1013.0
449,94.240,232.570,94.24,232.57,822.15,6868.0,695.0,695.0
450,94.240,232.570,94.24,232.57,822.15,5369.0,531.0,531.0
451,94.240,232.570,94.24,232.57,822.15,7189.0,722.0,722.0
452,94.240,232.570,94.24,232.57,822.15,6876.0,723.0,723.0
453,94.240,232.570,94.24,232.57,822.15,4088.0,317.0,317.0
454,94.240,232.570,94.24,232.57,822.15,3981.0,210.0,210.0
455,94.240,232.570,94.24,232.57,822.15,9630.0,1115.0,1115.0
456,94.240,232.570,94.24,232.57,822.15,11319.0,1376.0,1376.0
457,94.240,232.570,94.24,232.57,822.15,10984.0,1397.0,1397.0
458,94.240,232.570,94.24,232.57,822.15,7060.0,658.0,658.0
459,94.240,232.570,94.24,232.57,822.15,3625.0,170.0,170.0
460,94.240,232.570,94.24,232.57,822.15,3989.0,319.0,319.0
461,94.240,232.570,94.24,232.57,822.15,3741.0,223.0,223.0
462,94.240,232.570,94.24,232.57,822.15,4641.0,404.0,404.0
463,94.240,232.570,94.24,232.57,822.15,4888.0,329.0,329.0
464,94.240,232.570,94.24,232.57,822.15,4301.0,333.0,333.0
465,94.240,232.570,94.24,232.57,822.15,5646.0,494.0,494.0
466,94.240,232.570,94.24,232.57,822.15,5112.0,359.0,359.0
467,94.240,232.570,94.24,232.57,822.15,3880.0,217.0,217.0
468,94.240,232.570,94.24,232.57,822.15,4214.0,249.0,249.0
469,94.240,232.570,94.24,232.57,822.15,3618.0,180.0,180.0
470,94.240,232.570,94.24,232.57,822.15,3744.0,194.0,194.0
471,94.240,232.570,94.24,232.57,822.15,5844.0,513.0,513.0
472,94.240,232.570,94.24,232.57,822.15,7610.0,714.0,714.0
473,94.240,232.570,94.24,232.57,822.15,6667.0,635.0,635.0
474,94.240,232.570,94.24,232.57,822.15,4553.0,345.0,345.0
475,94.240,232.570,94.24,232.57,822.15,3889.0,287.0,287.0
476,94.240,232.570,94.24,232.57,822.15,3347.0,165.0,165.0
477,94.240,232.570,94.24,232.57,822.15,3488.0,201.0,201.0
478,94.240,232.570,94.24,232.57,822.15,3298.0,268.0,268.0
479,94.240,232.570,94.24,232.57,822.15,3803.0,321.0,321.0
480,94.240,232.570,94.24,232.57,822.15,3370.0,150.0,150.0
481,94.240,232.570,94.24,232.57,822.15,3592.0,235.0,235.0
482,94.240,232.570,94.24,232.57,822.15,4130.0,195.0,195.0
483,94.240,232.570,94.24,232.57,822.15,4294.0,233.0,233.0
484,94.240,232.570,94.24,232.57,822.15,4499.0,269.0,269.0
485,94.240,232.570,94.24,232.57,822.15,3753.0,222.0,222.0
486,94.240,232.570,94.24,232.57,822.15,3749.0,260.0,260.0
487,94.240,232.570,94.24,232.57,822.15,3226.0,119.0,119.0
488,94.240,232.570,94.24,232.57,822.15,3987.0,269.0,269.0
489,94.240,232.570,94.24,232.57,822.15,3385.0,126.0,126.0
490,94.240,232.570,94.24,232.57,822.15,3312.0,130.0,130.0
491,94.240,232.570,94.24,232.57,822.15,3009.0,123.0,123.0
492,94.240,232.570,94.24,232.57,822.15,3587.0,248.0,248.0
493,94.240,232.570,94.24,232.57,822.15,3146.0,124.0,124.0
494,94.240,232.570,94.24,232.57,822.15,3283.0,237.0,237.0
495,94.240,232.570,94.24,232.57,822.15,2894.0,166.0,166.0
496,94.240,232.570,94.24,232.57,822.15,3078.0,180.0,180.0
497,94.240,232.570,94.24,232.57,822.15,3357.0,176.0,176.0
498,94.240,232.570,94.24,232.57,822.15,2909.0,146.0,146.0
499,94.240,232.570,94.24,232.57,822.15,2912.0,153.0,153.0
500,94.240,232.570,94.24,232.57,822.15,3200.0,221.0,221.0
