frame,Time [s],CH1,BGND1,CH2,BGND2,intensity
0,0.0,7891,7262,23343,24033,629
1,0.052,7633,7455,23880,24153,178
2,0.103,8672,7250,25279,23647,1422
3,0.155,10127,7220,23470,24352,2907
4,0.207,13505,7767,23915,24256,5738
5,0.259,12451,7322,25046,23478,5129
6,0.31,13329,7400,23852,24226,5929
7,0.362,11315,7683,22443,23774,3632
8,0.414,9975,7262,23563,24388,2713
9,0.466,8766,7605,22939,23858,1161
10,0.517,9596,7527,23962,23792,2069
11,0.569,9420,7539,23367,24461,1881
12,0.621,10249,7461,25630,24316,2788
13,0.673,9707,7545,22558,24159,2162
14,0.724,9351,7635,23964,24171,1716
15,0.776,11607,7461,24011,24087,4146
16,0.828,11028,7430,23868,23930,3598
17,0.88,9530,7569,25538,23623,1961
18,0.931,10445,7623,24521,23900,2822
19,0.983,9407,7430,23873,23972,1977
20,1.035,8013,7575,22886,24123,438
21,1.087,8575,7539,22391,23894,1036
22,1.138,8849,7418,24650,24376,1431
23,1.19,9905,7394,24355,23466,2511
24,1.242,10361,7376,24305,23936,2985
25,1.294,11159,7430,23289,24202,3729
26,1.345,10478,7364,24920,24202,3114
27,1.397,9779,7443,23763,24352,2336
28,1.449,9642,7316,23700,23840,2326
29,1.501,10455,7467,23622,23683,2988
30,1.552,10416,7274,25382,24057,3142
31,1.604,10945,7262,23009,24129,3683
32,1.656,11882,7352,23654,23780,4530
33,1.707,10783,7352,24203,23918,3431
34,1.759,10714,7286,22857,23936,3428
35,1.811,8410,7479,24658,24328,931
36,1.863,8472,7503,23865,24479,969
37,1.914,7890,7376,24625,23948,514
38,1.966,7467,7142,24027,24244,325
39,2.018,7900,7268,23476,24021,632
40,2.07,10502,7370,24809,24485,3132
41,2.121,10620,7346,23973,24274,3274
42,2.173,10022,7527,22609,24286,2495
43,2.225,9586,7467,22627,23997,2119
44,2.277,9366,7316,25153,24250,2050
45,2.328,9330,7364,25570,24093,1966
46,2.38,7894,7358,24773,24189,536
47,2.432,9964,7424,24048,24467,2540
48,2.484,10593,7196,23158,24147,3397
49,2.535,7717,7641,23334,23882,76
50,2.587,7845,7244,24116,24569,601
51,2.639,6659,7292,23736,24069,-633
52,2.691,7230,7443,25086,24015,-213
53,2.742,7316,7370,24114,24232,-54
54,2.794,7162,7467,23345,24220,-305
55,2.846,8154,7418,24883,23858,736
56,2.898,7005,7358,24619,24214,-353
57,2.949,7363,7208,23304,24226,155
58,3.001,8041,7358,23304,24473,683
59,3.053,7610,7310,25422,24322,300
60,3.105,7866,7352,23373,24075,514
61,3.156,7271,7376,25290,24238,-105
62,3.208,7085,7316,24006,24214,-231
63,3.26,7706,7208,25362,24015,498
64,3.311,8297,7304,24106,23749,993
65,3.363,8163,7304,25511,23997,859
66,3.415,7579,7340,23718,24382,239
67,3.467,7400,7244,23297,24051,156
68,3.518,8006,7376,23312,24310,630
69,3.57,7833,7322,24712,24165,511
70,3.622,8053,7274,23824,24153,779
71,3.674,6681,7292,25515,24183,-611
72,3.725,7389,7166,23283,24479,223
73,3.777,7269,7274,23542,24189,-5
74,3.829,7928,7178,24575,24623,750
75,3.881,8077,7292,22288,24479,785
76,3.932,7327,7250,23975,24220,77
77,3.984,8066,7707,23342,24461,359
78,4.036,8894,7527,24184,24123,1367
79,4.088,7212,7256,23348,23906,-44
80,4.139,6767,7286,22672,24147,-519
81,4.191,7250,7172,22749,24069,78
82,4.243,6974,7430,24980,24226,-456
83,4.295,7652,7328,24332,24129,324
84,4.346,7357,7064,24437,24238,293
85,4.398,7685,7130,23673,24099,555
86,4.45,7512,7250,24424,24431,262
87,4.502,7129,7190,23889,24069,-61
88,4.553,7907,7100,24604,24177,807
89,4.605,7213,7190,23627,24533,23
90,4.657,7938,7214,25157,24051,724
91,4.709,7370,6950,23595,24238,420
92,4.76,7286,7118,24862,24099,168
93,4.812,7449,7298,25168,24250,151
94,4.864,8469,7424,25212,24310,1045
95,4.915,7816,7467,25316,24599,349
96,4.967,7148,7527,24488,24183,-379
97,5.019,8318,7521,23792,24605,797
98,5.071,7516,7677,24104,24340,-161
99,5.122,7372,7605,24019,24298,-233
100,5.174,7701,7545,23527,24274,156
101,5.226,7450,7443,23395,24400,7
102,5.278,7800,7497,23056,24684,303
103,5.329,7565,7503,24617,24015,62
104,5.381,7124,7292,23549,24039,-168
105,5.433,7558,7430,24801,24111,128
106,5.485,7693,7497,24780,24431,196
107,5.536,7723,7701,24572,24045,22
108,5.588,7187,7593,23143,24238,-406
109,5.64,7532,7412,24768,24388,120
110,5.692,8300,7352,24467,24123,948
111,5.743,7263,7773,23252,24268,-510
112,5.795,7435,7569,24981,24123,-134
113,5.847,7753,7683,24638,23816,70
114,5.899,7553,7430,24744,24406,123
115,5.95,7486,7521,23838,24364,-35
116,6.002,7725,7238,25092,24654,487
117,6.054,7497,7238,23639,24063,259
118,6.106,6841,7148,23360,24129,-307
119,6.157,7621,7491,24008,24244,130
120,6.209,7053,7503,25600,24316,-450
121,6.261,6943,7551,25565,24346,-608
122,6.313,7371,7316,24305,24057,55
123,6.364,7117,7292,23935,24039,-175
124,6.416,7107,7334,24165,24003,-227
125,6.468,7240,7208,26088,23972,32
126,6.519,7464,7316,24212,23731,148
127,6.571,6976,7418,23447,24382,-442
128,6.623,7324,7418,24253,24189,-94
129,6.675,7644,7364,24359,23774,280
130,6.726,7072,7328,23842,23979,-256
131,6.778,6726,7382,22332,24123,-656
132,6.83,7247,7316,23785,24406,-69
133,6.882,7142,7400,24322,24340,-258
134,6.933,7417,7244,22978,24533,173
135,6.985,7949,7274,22862,23948,675
136,7.037,7952,7437,24761,24111,515
137,7.089,7136,7449,24217,24461,-313
138,7.14,7643,7539,22329,23985,104
139,7.192,7304,7424,23182,24183,-120
140,7.244,7437,7262,23908,24099,175
141,7.296,6611,7172,24645,24051,-561
142,7.347,7189,7376,24733,24183,-187
143,7.399,7193,7178,23822,24189,15
144,7.451,7107,7539,23922,24147,-432
145,7.503,7325,7202,25289,24009,123
146,7.554,6986,7340,23176,24159,-354
147,7.606,7659,7334,22592,24364,325
148,7.658,7659,7322,25232,23731,337
149,7.71,6726,7256,23422,24310,-530
150,7.761,7355,7527,24065,24515,-172
151,7.813,7306,7082,24505,24165,224
152,7.865,7481,7334,25331,24310,147
153,7.917,7780,7400,23592,24027,380
154,7.968,8170,7316,23350,24443,854
155,8.02,7846,7088,22936,23719,758
156,8.072,7218,7040,22718,23954,178
157,8.123,7356,7112,24439,24250,244
158,8.175,8012,7256,23272,23828,756
159,8.227,7234,7352,24775,24388,-118
160,8.279,7931,7418,25880,24292,513
161,8.33,7624,7088,23892,24310,536
162,8.382,7444,7166,24353,24093,278
163,8.434,7930,7292,24502,24491,638
164,8.486,7235,7256,23480,24003,-21
165,8.537,7240,7202,23904,24189,38
166,8.589,7235,7202,24652,24340,33
167,8.641,8081,7406,25097,24189,675
168,8.693,7350,7256,24423,24292,94
169,8.744,7498,7244,22612,24340,254
170,8.796,7197,7082,23009,24473,115
171,8.848,7627,7358,24108,24087,269
172,8.9,7326,7388,22676,24443,-62
173,8.951,7976,7220,23814,24021,756
174,9.003,7987,7400,23837,24497,587
175,9.055,8305,7503,25325,24406,802
176,9.107,7610,7521,22209,24593,89
177,9.158,7843,7364,24769,24171,479
178,9.21,7088,7304,24057,24419,-216
179,9.262,8065,7418,24374,23912,647
180,9.314,8222,7437,23796,24093,785
181,9.365,7653,7503,23811,24177,150
182,9.417,7070,7226,23865,24159,-156
183,9.469,7390,7310,23837,24256,80
184,9.521,7317,7455,23553,24039,-138
185,9.572,8856,7455,25536,24473,1401
186,9.624,9447,7707,24793,24177,1740
187,9.676,7686,7677,23226,24232,9
188,9.727,10105,7515,23731,24479,2590
189,9.779,9409,7455,23545,24027,1954
190,9.831,8825,7382,24097,24340,1443
191,9.883,9099,7166,24021,24238,1933
192,9.934,8132,7238,23259,24099,894
193,9.986,9285,7238,24782,24141,2047
194,10.038,10093,7178,22834,23798,2915
195,10.09,8815,7406,22308,24268,1409
196,10.141,11153,7839,24394,24147,3314
197,10.193,9625,7725,24108,24443,1900
198,10.245,9010,7515,23359,23888,1495
199,10.297,7771,7400,23650,24165,371
200,10.348,8137,7394,23849,24485,743
201,10.4,9077,7533,24641,24533,1544
202,10.452,7936,7352,24684,24159,584
203,10.504,8467,7280,24350,24557,1187
204,10.555,8569,7238,25897,24575,1331
205,10.607,7406,7070,25419,24503,336
206,10.659,8497,7467,23014,24183,1030
207,10.711,9544,7274,25160,24153,2270
208,10.762,9391,7112,24036,24449,2279
209,10.814,10051,7178,24102,23900,2873
210,10.866,8340,7238,24531,24262,1102
211,10.918,7687,7232,23940,24352,455
212,10.969,8373,7352,24794,24256,1021
213,11.021,7706,7220,24181,24599,486
214,11.073,7521,7418,24372,24226,103
215,11.125,8266,7238,25080,24473,1028
216,11.176,7519,7250,24481,24515,269
217,11.228,8754,7569,23997,24129,1185
218,11.28,8415,7316,23040,24406,1099
219,11.331,8195,7082,25203,24268,1113
220,11.383,7864,7100,24521,23930,764
221,11.435,7911,7220,25787,24015,691
222,11.487,8570,7491,26211,24431,1079
223,11.538,9219,7388,24538,24262,1831
224,11.59,8390,7058,24122,24370,1332
225,11.642,9148,7244,24098,24382,1904
226,11.694,9185,7322,23770,24750,1863
227,11.745,9362,7352,24163,24708,2010
228,11.797,9948,7461,24701,24081,2487
229,11.849,10739,7298,23927,24274,3441
230,11.901,10401,7328,23967,24503,3073
231,11.952,8762,7262,23640,24316,1500
232,12.004,9051,7292,25935,24491,1759
233,12.056,10601,7214,23523,24425,3387
234,12.108,9925,7328,25458,24153,2597
235,12.159,10406,7196,24009,24340,3210
236,12.211,9823,7292,24424,24105,2531
237,12.263,9473,7250,24248,24750,2223
238,12.315,11427,7220,23258,24105,4207
239,12.366,9524,7334,24540,24473,2190
240,12.418,10485,7340,23399,24328,3145
241,12.47,9701,7449,23309,24189,2252
242,12.522,10896,7208,23790,24527,3688
243,12.573,10529,7346,24699,24352,3183
244,12.625,9574,7406,25234,24394,2168
245,12.677,10838,7172,24801,24419,3666
246,12.729,10208,7412,25314,23960,2796
247,12.78,9478,7473,23832,24340,2005
248,12.832,9527,7202,24236,24455,2325
249,12.884,9862,7491,23123,24672,2371
250,12.935,8566,7154,25489,24196,1412
251,12.987,9706,7124,23901,24298,2582
252,13.039,9385,7352,24519,24364,2033
253,13.091,9307,7364,22655,24298,1943
254,13.142,9935,7370,24580,24322,2565
255,13.194,9826,7280,23889,24033,2546
256,13.246,7652,7184,25402,24461,468
257,13.298,7904,7340,22796,24238,564
258,13.349,9414,7473,23875,24352,1941
259,13.401,9637,7226,24184,24364,2411
260,13.453,9492,7424,23667,24551,2068
261,13.505,10149,7226,24456,23906,2923
262,13.556,9824,7160,25829,24738,2664
263,13.608,10555,7208,23890,24159,3347
264,13.66,8885,7148,23772,24503,1737
265,13.712,10432,7521,24676,24286,2911
266,13.763,10086,7208,24877,24340,2878
267,13.815,8948,7142,25339,24437,1806
268,13.867,7424,7178,23423,24069,246
269,13.919,7632,7292,23358,24009,340
270,13.97,8701,7184,24124,24623,1517
271,14.022,7835,7028,24447,24352,807
272,14.074,7818,7130,24253,24352,688
273,14.126,8069,7334,24866,24630,735
274,14.177,7736,7382,24805,24189,354
275,14.229,7713,7190,23148,24274,523
276,14.281,7428,7172,23885,24413,256
277,14.333,8010,7238,24061,24262,772
278,14.384,6516,7106,23528,24533,-590
279,14.436,7157,7130,23612,24262,27
280,14.488,7119,7244,25426,24467,-125
281,14.54,7011,7418,25230,24364,-407
282,14.591,6910,7214,24982,24461,-304
283,14.643,7194,7202,22961,24376,-8
284,14.695,7218,7244,24521,24075,-26
285,14.746,7790,7226,23053,24400,564
286,14.798,6768,7178,23796,24310,-410
287,14.85,7466,7106,25405,24051,360
288,14.902,7139,7346,24439,24177,-207
289,14.953,7083,7088,21982,24123,-5
290,15.005,7076,7304,23682,24268,-228
291,15.057,6935,7605,24540,24364,-670
292,15.109,7731,7340,25076,24419,391
293,15.16,7500,7322,24506,24479,178
294,15.212,7013,7304,24494,24027,-291
295,15.264,7136,7262,23455,24322,-126
296,15.316,7641,7148,22813,24051,493
297,15.367,7135,7106,25030,24250,29
298,15.419,8678,7376,23697,24292,1302
299,15.471,9932,7340,25611,24431,2592
300,15.523,9197,7244,25071,24364,1953
301,15.574,10187,7400,24516,24732,2787
302,15.626,8243,7148,24359,24310,1095
303,15.678,10533,7394,24014,24491,3139
304,15.73,8615,7166,24329,24244,1449
305,15.781,7131,7310,23996,24467,-179
306,15.833,7560,7286,24218,24431,274
307,15.885,7289,7118,24098,24039,171
308,15.937,7266,7262,23453,24479,4
309,15.988,7901,7226,25492,24419,675
310,16.04,7115,7250,24177,24455,-135
311,16.092,7179,7292,23800,24437,-113
312,16.144,7400,7322,26540,24262,78
313,16.195,8079,7340,25477,23912,739
314,16.247,7670,7304,23551,24443,366
315,16.299,7665,7070,24735,24449,595
316,16.35,7281,7124,24237,24382,157
317,16.402,7559,7244,23331,24021,315
318,16.454,7546,7226,24097,24334,320
319,16.506,7549,7473,24374,24370,76
320,16.557,7286,7070,22734,24479,216
321,16.609,8907,7250,23466,24419,1657
322,16.661,8391,7443,25569,24648,948
323,16.713,7616,7094,24842,24678,522
324,16.764,7641,7076,25065,24262,565
325,16.816,7549,7040,22898,24334,509
326,16.868,7373,7256,24409,24214,117
327,16.92,7559,7298,24601,24611,261
328,16.971,7535,7358,25907,24503,177
329,17.023,7884,7196,24399,24449,688
330,17.075,7065,7250,23380,24617,-185
331,17.127,7727,7280,24732,24364,447
332,17.178,7129,7244,25958,24455,-115
333,17.23,6718,7274,24402,24256,-556
334,17.282,7404,7232,23719,24286,172
335,17.334,7012,7100,24499,24340,-88
336,17.385,7599,7298,24147,24599,301
337,17.437,7716,7220,23989,24461,496
338,17.489,7543,7166,23776,23840,377
339,17.541,7775,7136,23341,24346,639
340,17.592,6865,7118,23915,23762,-253
341,17.644,7069,7088,23864,24268,-19
342,17.696,7103,7232,24447,24280,-129
343,17.748,7896,7172,23965,24720,724
344,17.799,7550,7280,23298,24599,270
345,17.851,7484,7190,24077,24575,294
346,17.903,6989,7136,24022,24400,-147
347,17.954,7706,7238,24058,24388,468
348,18.006,7850,7082,23098,24075,768
349,18.058,7461,7304,23959,24322,157
350,18.11,8138,7136,24655,23876,1002
351,18.161,7396,7100,24364,24063,296
352,18.213,7611,7016,24109,24208,595
353,18.265,7363,7232,25170,24177,131
354,18.317,6980,7208,24811,23979,-228
355,18.368,7324,7220,24944,24599,104
356,18.42,7290,7316,24072,24473,-26
357,18.472,6972,7184,24764,24117,-212
358,18.524,7948,7334,25143,24093,614
359,18.575,7176,7172,22479,24039,4
360,18.627,7055,7232,23809,24268,-177
361,18.679,7789,7328,22904,24479,461
362,18.731,7198,7094,23650,24654,104
363,18.782,7279,7226,24347,23840,53
364,18.834,8330,7220,25439,24316,1110
365,18.886,7301,7328,23856,24250,-27
366,18.938,7009,7298,23757,23665,-289
367,18.989,7267,7220,23676,24388,47
368,19.041,6971,7130,23164,24491,-159
369,19.093,7039,7070,24067,24551,-31
370,19.145,7858,7292,24175,23985,566
371,19.196,7703,7449,24430,24322,254
372,19.248,7275,7334,24687,24792,-59
373,19.3,7641,7226,24370,24027,415
374,19.352,7267,7148,22579,24135,119
375,19.403,6997,7352,24730,24509,-355
376,19.455,7141,7250,24182,24232,-109
377,19.507,7210,7268,24249,24003,-58
378,19.558,6574,7076,23831,24497,-502
379,19.61,6993,7214,24288,24328,-221
380,19.662,7118,7250,24640,24605,-132
381,19.714,7131,7316,24758,24901,-185
382,19.765,6770,7310,23553,24449,-540
383,19.817,7540,7400,23432,24238,140
384,19.869,6884,7136,23860,24521,-252
385,19.921,7580,7250,25023,24340,330
386,19.972,7643,6944,24736,24575,699
387,20.024,7054,7358,24528,24298,-304
388,20.076,7872,7190,24656,24232,682
389,20.128,7218,7286,23001,23960,-68
390,20.179,7574,7088,25881,24358,486
391,20.231,7551,7184,24032,24304,367
392,20.283,7292,7184,22973,24491,108
393,20.335,7968,7136,24281,24654,832
394,20.386,7778,7406,23626,24298,372
395,20.438,7273,7124,22636,24376,149
396,20.49,10582,7298,24541,23912,3284
397,20.542,9623,7154,23333,24491,2469
398,20.593,7439,7088,24813,24497,351
399,20.645,8097,7208,24102,24449,889
400,20.697,8839,7208,24239,24503,1631
401,20.749,9322,7130,25376,24346,2192
402,20.8,10796,7262,25279,24340,3534
403,20.852,8592,7208,23961,24400,1384
404,20.904,9489,7112,24467,24358,2377
405,20.956,9711,7485,23482,24075,2226
406,21.007,9211,7358,24235,24009,1853
407,21.059,8581,7232,24357,24479,1349
408,21.111,7810,7100,24695,24304,710
409,21.162,7164,7220,24340,24425,-56
410,21.214,7201,7112,24594,24702,89
411,21.266,7086,6938,22418,24081,148
412,21.318,7036,6968,25677,24467,68
413,21.369,7750,7118,22804,24617,632
414,21.421,7529,7178,25049,24238,351
415,21.473,7363,7190,23754,24189,173
416,21.525,7500,7130,24258,24611,370
417,21.576,7616,7268,22595,24473,348
418,21.628,7724,7178,24175,24256,546
419,21.68,7313,7250,24265,24280,63
420,21.732,8295,7112,24283,24093,1183
421,21.783,8475,7238,24647,24039,1237
422,21.835,7418,7202,25767,24364,216
423,21.887,7563,7274,23901,24159,289
424,21.939,6841,7124,25114,24220,-283
425,21.99,8465,7190,24805,24750,1275
426,22.042,8813,7244,23397,24250,1569
427,22.094,8610,7124,24002,24352,1486
428,22.146,11468,7400,25016,24298,4068
429,22.197,9486,7412,26328,24069,2074
430,22.249,9076,7226,23519,24376,1850
431,22.301,8545,7088,25281,24461,1457
432,22.353,10271,7070,24078,24642,3201
433,22.404,9086,7352,24067,24581,1734
434,22.456,7547,7268,23207,24202,279
435,22.508,8216,7154,25606,24352,1062
436,22.56,7238,7244,23922,24286,-6
437,22.611,10120,7437,23162,24147,2683
438,22.663,9882,7292,24159,24346,2590
439,22.715,8420,7280,24763,24358,1140
440,22.766,10946,7214,23841,24593,3732
441,22.818,10524,7142,25757,24262,3382
442,22.87,9315,7202,23795,24069,2113
443,22.922,10273,7406,23382,24033,2867
444,22.973,9491,7196,24045,24093,2295
445,23.025,10045,7184,23478,24491,2861
446,23.077,11588,7352,24351,24370,4236
447,23.129,10352,7388,24490,24274,2964
448,23.18,11354,7370,25099,24171,3984
449,23.232,10549,7142,24139,24268,3407
450,23.284,10963,7376,24917,23888,3587
451,23.336,9347,7124,23800,24177,2223
452,23.387,7916,7286,23529,24238,630
453,23.439,8261,7214,25374,24551,1047
454,23.491,9437,7226,24093,24913,2211
455,23.543,8443,7340,23692,24599,1103
456,23.594,9471,7244,24800,23719,2227
457,23.646,9448,7280,25290,23979,2168
458,23.698,8251,7088,23944,24437,1163
459,23.75,10398,7268,24509,24425,3130
460,23.801,7599,7406,23437,24081,193
461,23.853,8175,7226,24209,24346,949
462,23.905,8665,7220,22200,24599,1445
463,23.957,8398,7262,23626,24135,1136
464,24.008,7825,7196,22850,24226,629
465,24.06,7146,7136,23687,24232,10
466,24.112,7107,7286,24888,24654,-179
467,24.164,7231,7346,23598,24063,-115
468,24.215,6905,7172,23536,24431,-267
469,24.267,7018,7154,24906,24165,-136
470,24.319,7014,7274,24260,24587,-260
471,24.37,7347,7364,24337,24322,-17
472,24.422,7128,7256,25394,24189,-128
473,24.474,7144,7184,24178,24310,-40
474,24.526,7283,7214,24665,24352,69
475,24.577,7560,7208,23958,24473,352
476,24.629,7023,7310,24945,24461,-287
477,24.681,7282,7028,25360,24316,254
478,24.733,7235,7394,25801,24539,-159
479,24.784,8279,7334,23810,23985,945
480,24.836,8915,7292,23105,24189,1623
481,24.888,8149,7226,25164,24358,923
482,24.94,7793,7208,23730,24400,585
483,24.991,8348,7106,24093,24346,1242
484,25.043,7274,7292,23922,24636,-18
485,25.095,7379,7304,24607,24400,75
486,25.147,7599,7322,23726,24069,277
487,25.198,7378,7220,24034,24575,158
488,25.25,7404,7130,23406,24581,274
489,25.302,7796,7256,23871,24183,540
490,25.354,7656,7220,22514,24461,436
491,25.405,10162,7106,24693,24220,3056
492,25.457,10206,7238,23637,24491,2968
493,25.509,9879,7376,24252,24316,2503
494,25.561,9839,7322,24327,24437,2517
495,25.612,10464,7238,24072,24521,3226
496,25.664,10816,7322,23938,24051,3494
497,25.716,10772,7340,24542,24250,3432
498,25.768,8670,7172,24024,24551,1498
499,25.819,7416,7214,23328,24413,202
500,25.871,7151,7130,24556,24455,21
501,25.923,8267,7166,23698,23997,1101
502,25.974,8213,7178,25512,24527,1035
503,26.026,9590,7292,25206,24642,2298
504,26.078,9770,7184,24423,24274,2586
505,26.13,8390,7004,23019,24159,1386
506,26.181,8291,7376,23675,24376,915
507,26.233,7682,7346,23641,24334,336
508,26.285,8032,6938,24817,24431,1094
509,26.337,8493,7088,25107,24183,1405
510,26.388,8254,7178,25097,24455,1076
511,26.44,8551,7394,24576,24003,1157
512,26.492,7622,7130,23595,24334,492
513,26.544,8564,6986,25348,24515,1578
514,26.595,8299,7202,23010,24431,1097
515,26.647,8018,7370,25056,24045,648
516,26.699,9719,7232,24357,24630,2487
517,26.751,10709,7262,24099,24232,3447
518,26.802,9943,7298,24429,24220,2645
519,26.854,10362,7256,23258,24611,3106
520,26.906,10576,7376,23934,24569,3200
521,26.958,10068,7424,23669,24093,2644
522,27.009,9376,7376,23131,24232,2000
523,27.061,10060,7304,22824,23719,2756
524,27.113,8878,7256,23777,24304,1622
525,27.165,8603,7148,22884,24382,1455
526,27.216,7018,7238,23758,24605,-220
527,27.268,8479,7244,23436,24033,1235
528,27.32,9106,7455,23336,24630,1651
529,27.372,10140,7268,24363,24672,2872
530,27.423,10980,7298,25087,24304,3682
531,27.475,10656,7136,25227,24376,3520
532,27.527,6877,7130,25089,24406,-253
533,27.578,7456,7016,24440,24551,440
534,27.63,7644,7016,25041,24400,628
535,27.682,7062,7034,24496,24159,28
536,27.734,6771,7154,23773,24642,-383
537,27.785,7640,7208,22770,24214,432
538,27.837,7321,7172,23957,24792,149
539,27.889,7225,7250,22182,24382,-25
540,27.941,7555,7184,23779,24286,371
541,27.992,7102,7046,25033,24352,56
542,28.044,7320,7238,25105,23900,82
543,28.096,7618,7208,23123,24147,410
544,28.148,7398,7232,23545,24286,166
545,28.199,6650,7364,24803,24177,-714
546,28.251,7891,7352,23473,23954,539
547,28.303,7188,7280,25001,24045,-92
548,28.355,7611,7250,23678,24394,361
549,28.406,7411,7220,24059,24726,191
550,28.458,6952,7334,25622,24189,-382
551,28.51,7269,7142,24781,24093,127
552,28.562,7051,7040,22683,24214,11
553,28.613,7926,7412,24080,24425,514
554,28.665,7026,7352,22980,24268,-326
555,28.717,7640,7286,23565,24461,354
556,28.769,7337,7016,23927,24521,321
557,28.82,7304,7112,25369,24274,192
558,28.872,6862,7112,23241,23972,-250
559,28.924,7918,7262,23930,24208,656
560,28.976,7628,7322,24699,24153,306
561,29.027,7336,7238,24583,24105,98
562,29.079,6814,7232,22626,24003,-418
563,29.131,7345,7280,23556,24479,65
564,29.182,7252,7100,24602,24232,152
565,29.234,7250,7094,25451,24328,156
566,29.286,7078,7310,25480,24171,-232
567,29.338,7556,7130,24205,24316,426
568,29.389,8077,7298,22121,24617,779
569,29.441,7018,7292,23443,24630,-274
570,29.493,8278,7262,23457,24533,1016
571,29.545,7856,7166,24054,24720,690
572,29.596,7401,7100,25142,24208,301
573,29.648,6876,7052,22251,24545,-176
574,29.7,6752,7226,23507,24069,-474
575,29.752,7443,6992,23795,24714,451
576,29.803,8038,7154,23584,24202,884
577,29.855,7029,7232,25374,24310,-203
578,29.907,6765,7280,24622,24226,-515
579,29.959,7544,7256,24108,24467,288
580,30.01,7252,7292,24496,24226,-40
581,30.062,7662,7274,24977,24810,388
582,30.114,8206,7046,25085,24461,1160
583,30.166,7102,7256,23987,24039,-154
584,30.217,8110,7202,24839,24786,908
585,30.269,7085,7046,22965,24388,39
586,30.321,7811,7100,24336,24352,711
587,30.373,7331,7136,23762,24527,195
588,30.424,7767,7112,24688,24485,655
589,30.476,7584,7178,24170,24316,406
590,30.528,7596,7028,24471,24298,568
591,30.58,6887,7142,24935,24250,-255
592,30.631,7021,7082,25151,24189,-61
593,30.683,7116,7190,23399,24003,-74
594,30.735,7571,7124,23307,24515,447
595,30.786,7172,7190,22827,24135,-18
596,30.838,7666,7124,23318,24437,542
597,30.89,7326,7292,23849,24232,34
598,30.942,7324,7226,25264,24533,98
599,30.993,7711,7064,23666,24298,647
600,31.045,8713,7178,24773,23960,1535
601,31.097,9147,7100,23600,24274,2047
602,31.149,9652,7334,24294,24388,2318
603,31.2,9559,7310,25438,24220,2249
604,31.252,8966,7274,22783,24413,1692
605,31.304,10109,7328,25556,24666,2781
606,31.356,7018,7322,23510,24105,-304
607,31.407,7988,7070,24950,24503,918
608,31.459,11260,7364,23269,24533,3896
609,31.511,10556,7268,23219,24117,3288
610,31.563,11525,7304,23710,24400,4221
611,31.614,9809,7244,24574,24153,2565
612,31.666,9795,7220,23319,24256,2575
613,31.718,8686,7244,24310,24214,1442
614,31.77,10027,7022,23574,24509,3005
615,31.821,11413,7190,22804,24340,4223
616,31.873,10704,7190,23976,24340,3514
617,31.925,10174,7154,24613,24069,3020
618,31.977,10000,7124,24950,24232,2876
619,32.028,11018,7172,24723,24274,3846
620,32.08,10480,7262,24519,24425,3218
621,32.132,9096,7268,26451,24557,1828
622,32.184,10600,7160,22778,24099,3440
623,32.235,10181,7082,23996,24491,3099
624,32.287,9758,7304,23360,24515,2454
625,32.339,9776,7196,23958,24599,2580
626,32.39,7396,7118,23830,24099,278
627,32.442,7293,7274,23193,23906,19
628,32.494,7748,7358,24108,24159,390
629,32.546,7166,7112,22395,24473,54
630,32.597,7164,7250,24400,24328,-86
631,32.649,7400,7334,25582,24244,66
632,32.701,7168,7226,24849,24587,-58
633,32.753,7310,7268,24238,24220,42
634,32.804,6729,7286,23814,24527,-557
635,32.856,7344,7214,23882,24189,130
636,32.908,7701,7244,25479,24280,457
637,32.96,7645,7160,23363,24256,485
638,33.011,7317,7124,22615,24684,193
639,33.063,7532,7412,24026,24515,120
640,33.115,7149,7166,25221,24877,-17
641,33.167,7254,7046,23699,24533,208
642,33.218,7443,7358,22824,24292,85
643,33.27,7542,7052,24071,24623,490
644,33.322,7520,7178,24080,24220,342
645,33.374,7269,7220,23545,24539,49
646,33.425,7272,7160,23907,24208,112
647,33.477,7442,7076,24968,24159,366
648,33.529,7693,7130,24757,23737,563
649,33.581,7905,7160,24096,24509,745
650,33.632,7068,7052,24808,23948,16
651,33.684,7798,7226,24881,24413,572
652,33.736,8135,7238,24225,24177,897
653,33.788,7759,7070,24663,24443,689
654,33.839,7117,7142,23828,24515,-25
655,33.891,7718,7148,25862,24352,570
656,33.943,7277,7100,24642,24684,177
657,33.994,7023,7100,24582,24304,-77
658,34.046,7743,7292,24490,24527,451
659,34.098,7310,7328,25017,24708,-18
660,34.15,7574,7286,23536,24159,288
661,34.201,7291,7262,23232,24672,29
662,34.253,6681,7346,23739,24316,-665
663,34.305,7746,7497,25390,24551,249
664,34.357,7367,7274,22761,24292,93
665,34.408,7582,7256,24073,24840,326
666,34.46,7472,7304,24625,24690,168
667,34.512,7041,7094,24355,24708,-53
668,34.564,6757,7292,23330,24045,-535
669,34.615,7078,7166,24011,24382,-88
670,34.667,7407,7286,25461,24400,121
671,34.719,7493,7124,24858,24171,369
672,34.771,8309,7196,22911,24310,1113
673,34.822,7388,7142,24183,24539,246
674,34.874,7235,7184,25151,24045,51
675,34.926,7645,7124,23870,24244,521
676,34.978,7235,7449,24393,24455,-214
677,35.029,7336,6980,22886,24081,356
678,35.081,7176,7262,25474,24087,-86
679,35.133,7075,7112,23820,23906,-37
680,35.185,7224,7154,24407,24165,70
681,35.236,7776,7160,24028,24129,616
682,35.288,6692,7208,23072,24895,-516
683,35.34,6717,7370,24622,24521,-653
684,35.392,7645,7394,23669,24967,251
685,35.443,7200,7358,24026,24660,-158
686,35.495,7482,7328,25503,24648,154
687,35.547,6823,7298,24786,24262,-475
688,35.598,8440,7268,24831,24256,1172
689,35.65,7593,7551,23564,24220,42
690,35.702,7879,7202,22985,24449,677
691,35.754,7639,7449,24412,24756,190
692,35.805,7663,7328,24464,24605,335
693,35.857,7645,7238,24167,24280,407
694,35.909,7560,7352,25273,24449,208
695,35.961,7768,7623,25161,24322,145
696,36.012,7336,7599,24556,24551,-263
697,36.064,7921,7545,23946,24250,376
698,36.116,7217,7340,24403,24636,-123
699,36.168,7619,7382,23703,24413,237
700,36.219,8134,7364,27080,24623,770
701,36.271,8086,7280,24051,24491,806
702,36.323,6872,7256,23740,24491,-384
703,36.375,7547,7473,24788,24738,74
704,36.426,7475,7310,23621,24527,165
705,36.478,7749,7418,25514,24189,331
706,36.53,7164,7455,24265,24177,-291
707,36.582,7040,7388,25394,24744,-348
708,36.633,7794,7406,24893,24780,388
709,36.685,7200,7154,23830,24322,46
710,36.737,7693,7166,23693,24503,527
711,36.789,7558,7424,23716,24563,134
712,36.84,7456,7340,25453,24491,116
713,36.892,6882,7400,23452,24244,-518
714,36.944,6640,7358,23515,24238,-718
715,36.996,6905,7088,23380,24183,-183
716,37.047,7886,7214,23227,24419,672
717,37.099,6585,7154,25574,24485,-569
718,37.151,6954,7232,23926,24955,-278
719,37.202,7298,7304,24378,24937,-6
720,37.254,6765,7196,24993,24376,-431
721,37.306,6294,7214,24881,24545,-920
722,37.358,7246,7328,23430,24515,-82
723,37.409,7879,7286,24257,24617,593
724,37.461,7649,7292,21360,24406,357
725,37.513,7018,7316,24236,23948,-298
726,37.565,7259,7298,25523,24443,-39
727,37.616,7790,7118,25390,24382,672
728,37.668,7738,7370,22307,24690,368
729,37.72,7526,7298,23171,24256,228
730,37.772,6935,7202,23676,24617,-267
731,37.823,6848,7166,25844,24732,-318
732,37.875,6784,7208,24510,24027,-424
733,37.927,6649,7328,24182,24394,-679
734,37.979,7317,7208,23926,24394,109
735,38.03,6891,7250,24663,24334,-359
736,38.082,7739,7340,24321,24636,399
737,38.134,7751,7142,24161,24256,609
738,38.186,7738,7232,23714,24256,506
739,38.237,7200,7124,23611,24171,76
740,38.289,7630,7340,24085,24141,290
741,38.341,7045,7244,23620,24376,-199
742,38.393,7161,7136,24531,24419,25
743,38.444,7269,7094,22827,24431,175
744,38.496,7539,7172,23121,24889,367
745,38.548,6535,7394,23752,24262,-859
746,38.6,7818,7148,23732,24551,670
747,38.651,7712,7166,24577,24413,546
748,38.703,6881,7052,23475,24370,-171
749,38.755,7615,7346,24134,24202,269
750,38.806,7896,7196,24635,24069,700
751,38.858,7895,7298,23540,24593,597
752,38.91,7935,7220,22969,24810,715
753,38.962,7565,7292,24021,24220,273
754,39.013,6957,7046,25496,24232,-89
755,39.065,6982,7112,25314,24485,-130
756,39.117,8027,7178,24858,24394,849
757,39.169,7296,7262,23642,24449,34
758,39.22,7400,7172,24059,24485,228
759,39.272,7724,7172,25167,23918,552
760,39.324,7666,7298,23636,24636,368
761,39.376,7619,7208,24199,24376,411
762,39.427,7319,7106,24292,23960,213
763,39.479,7192,7328,24540,24171,-136
764,39.531,7411,7016,23943,24503,395
765,39.583,8157,7334,23703,24009,823
766,39.634,8113,7232,25440,24551,881
767,39.686,7328,7437,24113,23918,-109
768,39.738,7919,7184,24273,24437,735
769,39.79,7319,7286,25820,24605,33
770,39.841,7023,7364,24440,24352,-341
771,39.893,7748,7250,23261,24244,498
772,39.945,6917,7238,23474,23997,-321
773,39.997,8017,7334,24747,24280,683
774,40.048,7702,7226,25625,24322,476
775,40.1,7472,7148,24155,24057,324
776,40.152,7017,7082,24857,24304,-65
777,40.204,6902,7166,23681,24256,-264
778,40.255,7816,7052,23007,24569,764
779,40.307,7870,7262,23744,24515,608
780,40.359,7327,7244,23776,24033,83
781,40.41,7339,7358,24923,24220,-19
782,40.462,7650,7437,23966,24214,213
783,40.514,7262,7172,24268,23985,90
784,40.566,7309,7382,24600,24171,-73
785,40.617,7494,7340,24730,24425,154
786,40.669,7482,7322,24404,24443,160
787,40.721,6913,7154,25290,24437,-241
788,40.773,7206,7352,24735,24051,-146
789,40.824,7971,7328,22619,24467,643
790,40.876,7596,7268,22574,24732,328
791,40.928,7352,7334,22987,24605,18
792,40.98,6790,7262,24282,24304,-472
793,41.031,6754,7202,25306,24455,-448
794,41.083,7490,7461,24518,24678,29
795,41.135,7758,7449,25949,24220,309
796,41.187,7242,7142,24562,24419,100
797,41.238,7706,7430,23703,24485,276
798,41.29,6937,7268,24493,24316,-331
799,41.342,7269,7004,24070,24057,265
800,41.394,7304,7196,22966,24473,108
801,41.445,7851,7232,24402,23997,619
802,41.497,7332,7370,23378,24304,-38
803,41.549,7268,7274,24199,24322,-6
804,41.601,7053,7154,23981,24352,-101
805,41.652,7550,7400,24253,24352,150
806,41.704,6824,7310,23549,24123,-486
807,41.756,8315,7274,24283,24443,1041
808,41.808,7475,7112,23260,24443,363
809,41.859,7319,7238,23437,24159,81
810,41.911,7173,7184,23970,23786,-11
811,41.963,6714,7160,23999,24334,-446
812,42.015,8022,7376,23537,24250,646
813,42.066,8132,7304,23040,24533,828
814,42.118,7090,7052,25141,24111,38
815,42.17,7811,7310,24095,24334,501
816,42.221,7241,7070,24902,24232,171
817,42.273,7590,7280,23440,24250,310
818,42.325,8146,7208,23430,24015,938
819,42.377,7389,7256,24438,24274,133
820,42.428,7250,7238,24194,24702,12
821,42.48,7915,7256,24761,24262,659
822,42.532,7420,7280,24251,24316,140
823,42.584,6810,7166,23717,24593,-356
824,42.635,6821,7256,23504,24045,-435
825,42.687,7311,7400,24896,23991,-89
826,42.739,7235,7136,23628,24569,99
827,42.791,6916,7328,24007,24268,-412
828,42.842,7709,7485,24345,23906,224
829,42.894,7630,7515,24215,24539,115
830,42.946,7563,7292,24571,24913,271
831,42.998,7426,7304,25035,24419,122
832,43.049,8084,7310,25726,24226,774
833,43.101,7565,7232,25006,24376,333
834,43.153,7732,7142,24462,24111,590
835,43.205,7730,7136,24765,24437,594
836,43.256,7417,7076,23445,23834,341
837,43.308,6899,7196,24635,24183,-297
838,43.36,7365,7070,23774,24461,295
839,43.412,7569,7244,23782,24413,325
840,43.463,7433,7154,25142,24183,279
841,43.515,7589,7491,25649,24256,98
842,43.567,7029,7364,23377,24364,-335
843,43.619,7316,7376,25086,24093,-60
844,43.67,7243,7322,24463,24521,-79
845,43.722,7004,7136,24651,24111,-132
846,43.774,7787,7280,24004,24322,507
847,43.825,7048,7202,23129,24292,-154
848,43.877,7977,7154,23989,24406,823
849,43.929,8132,7256,24778,24388,876
850,43.981,6884,7346,23568,24075,-462
851,44.032,7411,7112,25654,24135,299
852,44.084,7450,7148,23628,24183,302
853,44.136,7645,7412,23678,24575,233
854,44.188,7136,7214,24293,24690,-78
855,44.239,6572,7028,24068,24636,-456
856,44.291,7325,7268,24337,24419,57
857,44.343,7405,7220,23340,24027,185
858,44.395,7016,7118,24612,24340,-102
859,44.446,7160,7220,24510,24419,-60
860,44.498,7642,7316,25112,24497,326
861,44.55,7389,7292,23767,24853,97
862,44.602,8031,7142,24640,24274,889
863,44.653,7894,7238,24654,24425,656
864,44.705,7152,7274,24632,24370,-122
865,44.757,7485,7310,23707,24370,175
866,44.809,7525,7226,24253,24473,299
867,44.86,7119,7256,25083,24268,-137
868,44.912,7658,7292,25682,24316,366
869,44.964,7749,7106,25204,24262,643
870,45.016,7675,7262,23615,24358,413
871,45.067,7216,7244,24978,23834,-28
872,45.119,6864,7521,24010,24069,-657
873,45.171,7372,7184,24922,24352,188
874,45.223,7219,7172,24653,24051,47
875,45.274,7611,7334,23584,24310,277
876,45.326,7710,7292,25913,24750,418
877,45.378,6536,7118,23143,24310,-582
878,45.429,7363,7424,23449,24449,-61
879,45.481,7741,7244,23982,24196,497
880,45.533,7463,7154,24446,24623,309
881,45.585,7953,7166,24816,24672,787
882,45.636,7783,7220,23972,24214,563
883,45.688,7549,7202,23952,24340,347
884,45.74,7906,7256,25457,24147,650
885,45.792,7060,7106,22963,24388,-46
886,45.843,8558,7154,24630,24208,1404
887,45.895,7427,7118,24990,24063,309
888,45.947,6747,7184,24305,24431,-437
889,45.999,7343,7172,24498,24413,171
890,46.05,6796,7388,24387,24648,-592
891,46.102,6169,7208,23951,24400,-1039
892,46.154,7284,7208,24017,24244,76
893,46.206,7735,7112,23446,24057,623
894,46.257,7097,7106,23694,24551,-9
895,46.309,6904,7112,24107,24491,-208
896,46.361,7564,7346,24191,24756,218
897,46.413,7512,7244,24218,24286,268
898,46.464,7517,7274,26331,24310,243
899,46.516,6887,7449,25019,24334,-562
900,46.568,7055,7244,22861,24382,-189
901,46.62,7293,7262,25591,24497,31
902,46.671,7659,7202,23811,24286,457
903,46.723,6992,7334,24317,24376,-342
904,46.775,6957,7190,24995,24822,-233
905,46.827,7396,7437,25051,24642,-41
906,46.878,7168,7154,25279,23876,14
907,46.93,7755,7142,24459,24262,613
908,46.982,7459,7178,22931,24479,281
909,47.033,6898,7256,23327,24545,-358
910,47.085,7699,7388,23549,24750,311
911,47.137,7624,7136,23867,24503,488
912,47.189,6918,7280,24622,23870,-362
913,47.24,7474,7467,23441,24545,7
914,47.292,7360,7328,24301,24352,32
915,47.344,7168,7358,23876,24515,-190
916,47.396,7429,7190,24148,24491,239
917,47.447,7636,7232,24187,24268,404
918,47.499,7893,7244,24115,24611,649
919,47.551,7473,7262,24015,24521,211
920,47.603,7161,7376,24781,24491,-215
921,47.654,7154,7196,23929,24714,-42
922,47.706,7537,7088,24253,24804,449
923,47.758,7578,7358,24633,24280,220
924,47.81,6645,7376,23784,24316,-731
925,47.861,7127,7605,24110,24623,-478
926,47.913,6847,7262,23475,24702,-415
927,47.965,7506,7364,24877,24370,142
928,48.017,7662,7551,24176,24183,111
929,48.068,7259,7376,25727,24304,-117
930,48.12,8037,7358,23125,24599,679
931,48.172,7276,7437,24161,23894,-161
932,48.224,7466,7244,23050,24413,222
933,48.275,7241,7340,24707,24575,-99
934,48.327,8124,7202,24592,24183,922
935,48.379,7897,7220,24062,24461,677
936,48.431,7547,7220,25600,24382,327
937,48.482,7092,7208,24608,24774,-116
938,48.534,7678,7208,23288,24648,470
939,48.586,7563,7322,23349,24358,241
940,48.637,8026,7226,24648,24280,800
941,48.689,7489,7473,23060,24346,16
942,48.741,7199,7334,23727,24521,-135
943,48.793,7302,7443,25842,24220,-141
944,48.844,7728,7358,25654,24455,370
945,48.896,7265,7455,25179,24569,-190
946,48.948,6741,7461,24516,24244,-720
947,49.0,7790,7316,25071,24328,474
948,49.051,7091,7190,24649,24636,-99
949,49.103,6953,7250,24402,24400,-297
950,49.155,7687,6974,25994,24545,713
951,49.207,7326,7196,24018,24666,130
952,49.258,7178,7214,23378,24256,-36
953,49.31,7822,7256,24085,24822,566
954,49.362,7567,7094,23822,24871,473
955,49.414,7466,7316,24993,24479,150
956,49.465,7912,7250,23485,24352,662
957,49.517,7150,7298,23779,24437,-148
958,49.569,6845,7148,23923,25003,-303
959,49.621,7517,7190,23011,24527,327
960,49.672,7104,7112,24000,24708,-8
961,49.724,7255,7274,23984,24581,-19
962,49.776,7448,7274,25304,24051,174
963,49.828,8318,7455,25183,24479,863
964,49.879,7581,7467,23272,24533,114
965,49.931,7588,7214,25201,24648,374
966,49.983,7828,7292,23091,24352,536
967,50.035,7471,7238,24510,24738,233
968,50.086,8075,7394,23510,24599,681
969,50.138,7457,7250,26280,23979,207
970,50.19,7981,7052,22841,24551,929
971,50.241,7650,7118,23857,24473,532
972,50.293,7615,7244,23447,24382,371
973,50.345,7268,7250,24853,24551,18
974,50.397,7486,7473,23451,24268,13
975,50.448,6837,7250,23029,24497,-413
976,50.5,7537,7328,24118,24883,209
977,50.552,7662,7328,23438,24774,334
978,50.604,7039,7376,23932,24774,-337
979,50.655,7558,7136,24232,24431,422
980,50.707,7548,7100,24381,24611,448
981,50.759,7571,7328,23878,24630,243
982,50.811,7521,7166,24601,25021,355
983,50.862,7672,7262,25693,24840,410
984,50.914,7125,7286,23353,24280,-161
985,50.966,6857,7010,23514,24587,-153
986,51.018,7128,7142,23470,24425,-14
987,51.069,7737,7328,24176,24714,409
988,51.121,7577,7232,24210,24298,345
989,51.173,7167,7112,24306,24437,55
990,51.225,7485,7316,23937,24702,169
991,51.276,7675,7160,25162,24310,515
992,51.328,7039,7118,24722,24280,-79
993,51.38,7563,7262,24972,24485,301
994,51.432,7248,7058,23551,24443,190
995,51.483,7729,7052,24138,23906,677
996,51.535,7335,7184,24811,24298,151
997,51.587,7092,7214,24851,24171,-122
998,51.639,7675,7340,24130,24268,335
999,51.69,7155,7286,24502,24575,-131
