frame,Time [s],CH1,BGND1,CH2,BGND2,intensity
0,0.0,9763,9783,30275,30612,-20
1,0.052,9782,9581,30855,30393,201
2,0.103,8824,9266,31324,31043,-442
3,0.155,9696,9605,29629,30551,91
4,0.207,10355,9842,31972,30521,513
5,0.259,10606,9539,30675,30339,1067
6,0.31,9633,9468,30774,30490,165
7,0.362,9482,9581,30125,30345,-99
8,0.414,9093,9218,30607,30673,-125
9,0.466,10184,9284,29496,30497,900
10,0.517,14716,9652,30232,30296,5064
11,0.569,15235,9634,30025,30327,5601
12,0.621,14789,9468,30505,30393,5321
13,0.673,13063,9539,31356,30527,3524
14,0.724,12929,9515,31532,30818,3414
15,0.776,13267,9628,31202,30339,3639
16,0.828,13907,9504,29888,30600,4403
17,0.88,14653,9509,30707,30497,5144
18,0.931,12072,9605,30891,29787,2467
19,0.983,14591,9646,31658,30296,4945
20,1.035,14886,9937,29225,30539,4949
21,1.087,13200,9533,31957,30369,3667
22,1.138,12490,9533,31065,30490,2957
23,1.19,11723,9450,30311,30654,2273
24,1.242,13089,9331,30383,30782,3758
25,1.294,13724,9414,29117,30636,4310
26,1.345,12424,9765,31011,30041,2659
27,1.397,13222,9664,30399,30545,3558
28,1.449,13298,9492,31291,30721,3806
29,1.501,15302,9658,31088,30418,5644
30,1.552,14663,9474,29574,30399,5189
31,1.604,14027,9498,30285,30679,4529
32,1.656,14427,9616,29566,30375,4811
33,1.707,13266,9581,29940,30569,3685
34,1.759,12663,9272,32085,30618,3391
35,1.811,13629,9438,29545,30266,4191
36,1.863,12953,9444,30035,30830,3509
37,1.914,14586,9646,31619,30557,4940
38,1.966,13671,9652,31392,30515,4019
39,2.018,14805,9468,31665,30727,5337
40,2.07,14804,9890,30909,30733,4914
41,2.121,14709,9878,30913,30685,4831
42,2.173,13585,10080,29260,30569,3505
43,2.225,14282,9943,29752,30958,4339
44,2.277,13790,9908,31346,30490,3882
45,2.328,10092,9694,29475,30327,398
46,2.38,10117,9723,30311,30721,394
47,2.432,8822,9569,30109,30806,-747
48,2.484,12199,9355,30993,30624,2844
49,2.535,16024,9640,29741,30812,6384
50,2.587,15433,9391,30821,30909,6042
51,2.639,16287,9343,29167,30169,6944
52,2.691,16585,9361,30568,30879,7224
53,2.742,11279,9367,32229,30418,1912
54,2.794,14754,9480,30619,30606,5274
55,2.846,14587,9414,31882,30242,5173
56,2.898,16752,9551,29450,30673,7201
57,2.949,14223,9688,30930,30594,4535
58,3.001,14098,9819,31842,30242,4279
59,3.053,14491,9521,29871,30600,4970
60,3.105,13529,9426,30096,30855,4103
61,3.156,9451,9296,31604,30952,155
62,3.208,11079,9432,29419,30624,1647
63,3.26,15940,9355,30022,31012,6585
64,3.311,14714,9432,30046,30691,5282
65,3.363,15039,9414,30512,30260,5625
66,3.415,16520,9361,29036,30612,7159
67,3.467,15423,9515,31083,30357,5908
68,3.518,15339,9486,30448,30909,5853
69,3.57,14130,9307,31218,30988,4823
70,3.622,15833,9575,29285,30654,6258
71,3.674,15103,9278,30000,30406,5825
72,3.725,15439,9325,32354,30800,6114
73,3.777,15003,9438,29761,30946,5565
74,3.829,16376,9504,31149,30927,6872
75,3.881,15862,9391,31282,30964,6471
76,3.932,15430,9628,31924,30484,5802
77,3.984,15594,9301,30423,30484,6293
78,4.036,15497,9646,30779,30090,5851
79,4.088,16531,9397,31838,30424,7134
80,4.139,11123,9343,30462,30946,1780
81,4.191,8882,9266,30399,31122,-384
82,4.243,9247,9260,30044,30478,-13
83,4.295,8908,9105,30066,31310,-197
84,4.346,8801,9444,30077,30733,-643
85,4.398,9808,9212,31646,30751,596
86,4.45,9203,9545,31875,30575,-342
87,4.502,15404,9325,31180,30412,6079
88,4.553,14158,9498,30746,30582,4660
89,4.605,15243,9343,29681,30994,5900
90,4.657,14564,9450,32525,30503,5114
91,4.709,10945,9153,29410,30733,1792
92,4.76,9947,8796,30512,30836,1151
93,4.812,9931,8945,32226,30169,986
94,4.864,9097,9307,30472,31055,-210
95,4.915,9721,9278,30862,30788,443
96,4.967,9042,9004,31827,30848,38
97,5.019,9774,8998,28954,30836,776
98,5.071,9768,9123,30868,30812,645
99,5.122,9575,9117,30677,30764,458
100,5.174,8832,9165,30501,30721,-333
101,5.226,9888,9058,31494,30709,830
102,5.278,9066,9040,30979,30660,26
103,5.329,11180,9278,30161,31024,1902
104,5.381,13788,9361,31329,30260,4427
105,5.433,12347,9218,31288,30636,3129
106,5.485,12498,9718,30983,30903,2780
107,5.536,13302,9325,31012,31261,3977
108,5.588,12911,9408,31572,30478,3503
109,5.64,13200,9301,32539,30424,3899
110,5.692,14440,9533,31448,30551,4907
111,5.743,12651,9313,30843,30527,3338
112,5.795,13267,9331,30733,30582,3936
113,5.847,13544,9266,31338,30666,4278
114,5.899,13129,9450,31555,30472,3679
115,5.95,15019,9337,30780,30588,5682
116,6.002,9877,9099,30053,30497,778
117,6.054,13037,9099,30690,30345,3938
118,6.106,12721,9296,31882,30782,3425
119,6.157,13277,9200,30613,30515,4077
120,6.209,13562,9290,29103,30751,4272
121,6.261,13411,9206,30400,30933,4205
122,6.313,14043,9301,29731,30757,4742
123,6.364,14507,9224,30934,30915,5283
124,6.416,13362,9236,30088,30600,4126
125,6.468,13926,9105,31615,30345,4821
126,6.519,15170,9605,31005,31043,5565
127,6.571,12340,9272,28385,30472,3068
128,6.623,8688,9165,29942,30800,-477
129,6.675,9346,9058,30264,30879,288
130,6.726,9538,9236,30425,30709,302
131,6.778,9412,9093,30143,30733,319
132,6.83,9920,9099,30291,30715,821
133,6.882,13347,9385,28470,31219,3962
134,6.933,9377,9194,31545,31206,183
135,6.985,8945,9194,30151,30436,-249
136,7.037,8495,9236,31013,30970,-741
137,7.089,11584,9391,30008,30697,2193
138,7.14,13340,9254,30447,31073,4086
139,7.192,14882,9379,28534,30703,5503
140,7.244,14074,9319,31364,30588,4755
141,7.296,13104,9509,32863,30788,3595
142,7.347,14419,9444,30448,30308,4975
143,7.399,14070,9248,30633,30509,4822
144,7.451,14000,9248,30427,30448,4752
145,7.503,13791,9183,29875,30764,4608
146,7.554,12479,9200,31468,30721,3279
147,7.606,12604,9313,31080,30509,3291
148,7.658,13247,9171,32618,30545,4076
149,7.71,18998,9504,30388,30733,9494
150,7.761,14991,9450,31956,30406,5541
151,7.813,9370,8945,30730,30946,425
152,7.865,8455,8832,30456,30733,-377
153,7.917,8729,8939,31289,30624,-210
154,7.968,9050,9200,31653,30709,-150
155,8.02,8984,8998,30048,30715,-14
156,8.072,9567,9230,30042,30964,337
157,8.123,8681,9016,30903,30636,-335
158,8.175,9717,9200,30037,30460,517
159,8.227,9166,9070,30531,30709,96
160,8.279,8309,9206,32069,30697,-897
161,8.33,8949,9093,29691,31043,-144
162,8.382,9406,8969,31633,31188,437
163,8.434,8533,8897,32075,30673,-364
164,8.486,9198,9046,31588,30818,152
165,8.537,9256,8850,29311,30733,406
166,8.589,8635,9034,32231,30642,-399
167,8.641,8189,9135,30130,30642,-946
168,8.693,9333,8981,30946,31219,352
169,8.744,8318,9040,31078,31109,-722
170,8.796,9525,8951,30822,31213,574
171,8.848,9335,9331,30338,30764,4
172,8.9,8672,9248,32933,30915,-576
173,8.951,9674,9070,30930,30879,604
174,9.003,8543,9111,30796,30454,-568
175,9.055,8504,9064,30104,31031,-560
176,9.107,9059,9022,31678,30964,37
177,9.158,8940,8986,32477,30594,-46
178,9.21,9098,8957,31123,30691,141
179,9.262,8975,8992,30543,31067,-17
180,9.314,8811,8951,33034,30818,-140
181,9.365,8694,8992,30294,31067,-298
182,9.417,8925,8969,30283,30842,-44
183,9.469,9170,9117,29907,31061,53
184,9.521,8884,9064,32063,30497,-180
185,9.572,9312,9296,31224,31134,16
186,9.624,11797,9296,30151,30988,2501
187,9.676,14344,9593,30268,30982,4751
188,9.727,14918,9343,31389,30855,5575
189,9.779,14884,9361,32014,30327,5523
190,9.831,12606,9064,30606,31243,3542
191,9.883,11392,9099,31523,31164,2293
192,9.934,12006,9367,31645,30903,2639
193,9.986,11861,9058,31787,30873,2803
194,10.038,13149,9272,29829,30836,3877
195,10.09,13557,9290,30091,30915,4267
196,10.141,13950,9135,31744,31024,4815
197,10.193,12030,9450,30028,31376,2580
198,10.245,9567,9230,30970,30897,337
199,10.297,9501,8897,31177,31255,604
200,10.348,8688,9034,29958,30739,-346
201,10.4,8746,9099,31866,30600,-353
202,10.452,9089,9177,29673,30636,-88
203,10.504,9295,9254,31628,30654,41
204,10.555,9054,9165,31769,30654,-111
205,10.607,8934,9052,30426,31273,-118
206,10.659,9020,9058,31311,30812,-38
207,10.711,8870,9278,30145,31018,-408
208,10.762,8417,9117,32659,30673,-700
209,10.814,8535,8933,31683,30721,-398
210,10.866,8714,9076,29987,30569,-362
211,10.918,8860,9159,31711,31437,-299
212,10.969,9426,9070,31819,30679,356
213,11.021,9256,8975,30785,30933,281
214,11.073,8894,9165,30708,30606,-271
215,11.125,8190,9046,31956,30745,-856
216,11.176,8547,9099,30512,31103,-552
217,11.228,9117,9034,30650,30497,83
218,11.28,9615,9236,29799,31091,379
219,11.331,8970,9117,31689,30582,-147
220,11.383,9213,9058,29275,30636,155
221,11.435,8543,9183,31273,30848,-640
222,11.487,9360,8957,29988,31164,403
223,11.538,8794,9052,30304,31061,-258
224,11.59,11997,9141,31169,30557,2856
225,11.642,13300,9444,31639,30794,3856
226,11.694,14094,9379,31383,31006,4715
227,11.745,14853,9064,29966,31012,5789
228,11.797,14349,9028,30091,30545,5321
229,11.849,13859,9177,30147,30557,4682
230,11.901,15445,9165,31323,30709,6280
231,11.952,11340,9147,30022,31097,2193
232,12.004,9053,9064,31066,30418,-11
233,12.056,9305,8891,31640,30466,414
234,12.108,9222,9266,30409,30855,-44
235,12.159,11363,9183,30717,30745,2180
236,12.211,14125,9260,30301,30679,4865
237,12.263,16493,9296,29516,31194,7197
238,12.315,17722,9426,32353,30733,8296
239,12.366,13867,9159,31207,30855,4708
240,12.418,9546,9105,30440,30278,441
241,12.47,8930,8998,31678,30654,-68
242,12.522,9694,8903,30088,30842,791
243,12.573,15752,9200,31098,30757,6552
244,12.625,12948,9070,30358,30946,3878
245,12.677,12880,9034,30095,30848,3846
246,12.729,12823,9123,29464,30952,3700
247,12.78,12989,9337,30352,30867,3652
248,12.832,12909,8868,32155,31079,4041
249,12.884,11520,9147,30562,30970,2373
250,12.935,9185,9082,30024,30430,103
251,12.987,8550,8951,31071,30703,-401
252,13.039,9609,9046,30160,31146,563
253,13.091,9762,9153,30602,30824,609
254,13.142,9420,9064,30851,31103,356
255,13.194,8573,9129,30716,30751,-556
256,13.246,8388,9242,30999,30940,-854
257,13.298,8808,9117,31818,30569,-309
258,13.349,8485,8951,31564,30648,-466
259,13.401,9207,8826,31116,30873,381
260,13.453,8767,8897,30214,30685,-130
261,13.505,8813,8986,29894,30533,-173
262,13.556,8955,8927,30093,30770,28
263,13.608,8742,8820,30740,30764,-78
264,13.66,9305,8945,30660,30321,360
265,13.712,9344,9004,32994,31103,340
266,13.763,9141,9183,30817,30436,-42
267,13.815,9668,9397,30287,30903,271
268,13.867,8528,8868,29024,30927,-340
269,13.919,8849,8891,29373,30964,-42
270,13.97,8946,9064,30829,31225,-118
271,14.022,9076,9022,30885,30776,54
272,14.074,8791,9111,29284,30582,-320
273,14.126,9176,9022,31232,30612,154
274,14.177,9182,9064,30331,30861,118
275,14.229,8913,9153,31260,30533,-240
276,14.281,8710,8969,29783,30988,-259
277,14.333,8893,8921,30840,31000,-28
278,14.384,9189,9076,29823,30818,113
279,14.436,8964,8945,30604,30782,19
280,14.488,9596,9147,31535,30739,449
281,14.54,8654,8969,31194,30745,-315
282,14.591,8727,8814,30722,31158,-87
283,14.643,8796,9254,30883,30770,-458
284,14.695,8628,9141,29322,31340,-513
285,14.746,8517,9284,30562,31510,-767
286,14.798,9621,9016,30311,30994,605
287,14.85,10799,9296,32006,30976,1503
288,14.902,9389,9171,30976,30788,218
289,14.953,10567,9058,31162,30691,1509
290,15.005,11080,9165,29764,30436,1915
291,15.057,12208,9462,29824,31018,2746
292,15.109,11081,9527,30462,30745,1554
293,15.16,9869,8963,29590,30739,906
294,15.212,9195,9183,30505,30654,12
295,15.264,8244,8957,30759,30879,-713
296,15.316,9076,9105,32132,31122,-29
297,15.367,9271,8957,30479,30709,314
298,15.419,8125,9165,31045,30855,-1040
299,15.471,8681,8891,32127,30733,-210
300,15.523,8679,9070,31828,30891,-391
301,15.574,8221,9266,30123,30466,-1045
302,15.626,9613,9224,29853,31316,389
303,15.678,8467,9159,32258,31067,-692
304,15.73,8511,9189,30663,30988,-678
305,15.781,8888,9093,30525,31297,-205
306,15.833,8573,8844,30482,30126,-271
307,15.885,8352,9040,32817,30691,-688
308,15.937,8582,9141,29994,30842,-559
309,15.988,9608,9093,31413,30697,515
310,16.04,9033,9010,29807,30582,23
311,16.092,9265,8731,33333,30594,534
312,16.144,9076,8749,30504,30636,327
313,16.195,8962,9064,30481,30691,-102
314,16.247,8809,9052,31360,30891,-243
315,16.299,8790,9141,31086,31158,-351
316,16.35,8778,9016,30480,31006,-238
317,16.402,8997,9123,31471,31164,-126
318,16.454,13429,9248,31485,30727,4181
319,16.506,13717,9135,31595,31382,4582
320,16.557,13675,9284,31239,30836,4391
321,16.609,9860,9070,31688,30994,790
322,16.661,13925,8969,32110,31504,4956
323,16.713,16281,9022,30557,30509,7259
324,16.764,15986,8998,32783,30782,6988
325,16.816,13195,9099,30923,30339,4096
326,16.868,10278,8998,30958,30630,1280
327,16.92,8811,9040,31210,30909,-229
328,16.971,10872,8975,30652,30933,1897
329,17.023,10436,8654,29881,30679,1782
330,17.075,12623,9129,31946,30642,3494
331,17.127,16763,8921,29621,30806,7842
332,17.178,17546,8963,30842,30745,8583
333,17.23,17708,9296,29996,31079,8412
334,17.282,13715,9046,32143,30903,4669
335,17.334,8820,9070,31641,30745,-250
336,17.385,8956,8773,30552,30709,183
337,17.437,9249,8636,31617,30861,613
338,17.489,9297,8725,30097,30982,572
339,17.541,8862,8559,32066,31395,303
340,17.592,10259,8939,31714,30964,1320
341,17.644,10517,8963,30278,31109,1554
342,17.696,9352,9022,31410,31018,330
343,17.748,9138,9058,31346,31328,80
344,17.799,9160,8868,30762,31043,292
345,17.851,9355,8844,30714,30867,511
346,17.903,9071,9171,30277,31200,-100
347,17.954,8877,8921,28923,30921,-44
348,18.006,8819,8862,31730,31285,-43
349,18.058,9851,8969,30309,31006,882
350,18.11,9352,8862,30560,30964,490
351,18.161,9533,8778,31246,30624,755
352,18.213,9119,8820,31421,30855,299
353,18.265,8213,8689,32032,31267,-476
354,18.317,9966,8921,31759,30952,1045
355,18.368,9034,8707,31828,30982,327
356,18.42,10071,9105,31110,30636,966
357,18.472,16546,9450,32121,30527,7096
358,18.524,10741,8981,30148,30588,1760
359,18.575,9654,8885,31432,31364,769
360,18.627,10272,9147,32044,30406,1125
361,18.679,9123,8891,28195,31285,232
362,18.731,9279,9076,31250,30788,203
363,18.782,8616,8963,32849,30733,-347
364,18.834,9012,8963,31206,31346,49
365,18.886,8685,8891,31972,31000,-206
366,18.938,8251,8677,30836,30691,-426
367,18.989,9137,9070,31362,31164,67
368,19.041,8808,8642,30774,31055,166
369,19.093,9488,8933,30342,31128,555
370,19.145,10658,8832,30903,30764,1826
371,19.196,9320,8975,30893,31061,345
372,19.248,9631,8986,32122,31043,645
373,19.3,10822,8921,31923,30527,1901
374,19.352,8668,8927,32045,30970,-259
375,19.403,8684,8874,30309,30812,-190
376,19.455,9044,9117,30175,30399,-73
377,19.507,10775,9111,30030,30193,1664
378,19.558,10301,8885,30846,30842,1416
379,19.61,9156,9022,30172,30557,134
380,19.662,9083,9040,32005,30970,43
381,19.714,8896,8963,29947,30764,-67
382,19.765,12077,8969,31498,31079,3108
383,19.817,15589,9296,31911,31006,6293
384,19.869,9276,9010,30194,30861,266
385,19.921,8757,9052,31988,31061,-295
386,19.972,9343,9123,29686,30915,220
387,20.024,8154,9010,31642,31358,-856
388,20.076,8785,8986,30258,30442,-201
389,20.128,8532,8862,32047,30497,-330
390,20.179,8190,8874,31248,30848,-684
391,20.231,9157,8927,28666,30588,230
392,20.283,9574,9004,31227,31140,570
393,20.335,9412,8957,30713,30557,455
394,20.386,8208,8755,30702,30600,-547
395,20.438,9188,8874,30433,30660,314
396,20.49,8764,8802,30252,30642,-38
397,20.542,8022,8969,30443,30842,-947
398,20.593,8226,8683,31428,30818,-457
399,20.645,9209,8879,31476,30448,330
400,20.697,8989,8969,30152,30691,20
401,20.749,8955,8826,30596,30478,129
402,20.8,8331,8915,32348,30697,-584
403,20.852,8481,8891,31181,31340,-410
404,20.904,8163,9272,30757,30861,-1109
405,20.956,8168,9141,30301,30654,-973
406,21.007,9189,8767,30018,30375,422
407,21.059,9097,8939,30173,30915,158
408,21.111,8144,9064,30082,30940,-920
409,21.162,8544,9064,33562,30830,-520
410,21.214,8702,8868,32301,30624,-166
411,21.266,9005,8951,29996,30861,54
412,21.318,9015,8897,30692,31164,118
413,21.369,8542,8981,30067,30466,-439
414,21.421,8265,8981,30320,30575,-716
415,21.473,9230,8778,30002,31012,452
416,21.525,9272,9034,31014,31012,238
417,21.576,8782,9058,32271,31006,-276
418,21.628,9397,8986,32596,31419,411
419,21.68,8218,9117,32079,30666,-899
420,21.732,8771,8909,31535,31152,-138
421,21.783,9154,8933,31094,30430,221
422,21.835,8816,8927,30041,30867,-111
423,21.887,8488,8844,31383,30648,-356
424,21.939,8818,8939,30860,30903,-121
425,21.99,9185,8761,30653,31037,424
426,22.042,8162,9022,30097,31158,-860
427,22.094,8904,9016,32102,30679,-112
428,22.146,9022,8975,31798,30770,47
429,22.197,9219,8939,31247,30515,280
430,22.249,8543,8713,33312,30842,-170
431,22.301,8714,9082,30467,30921,-368
432,22.353,8722,8891,31404,31097,-169
433,22.404,8247,8749,30384,30636,-502
434,22.456,8276,8790,30977,30927,-514
435,22.508,9272,8618,32142,31122,654
436,22.56,8015,8915,31363,31291,-900
437,22.611,8728,9010,28731,30606,-282
438,22.663,8140,8897,30700,31006,-757
439,22.715,9064,8802,30948,30618,262
440,22.766,8704,8897,30936,31067,-193
441,22.818,8218,8975,30101,31012,-757
442,22.87,8017,8767,30107,31395,-750
443,22.922,8919,8868,31968,31006,51
444,22.973,9390,8868,31137,30739,522
445,23.025,8907,8879,30496,30800,28
446,23.077,8762,8820,32142,31018,-58
447,23.129,8404,8981,30686,30751,-577
448,23.18,9292,8826,30797,31012,466
449,23.232,9024,9206,30077,30933,-182
450,23.284,9117,9058,31293,30685,59
451,23.336,8038,8903,31319,30915,-865
452,23.387,8935,9070,31268,31206,-135
453,23.439,9114,8939,29801,31188,175
454,23.491,9052,9123,31418,31249,-71
455,23.543,8750,8939,29915,30927,-189
456,23.594,8561,9070,31781,31170,-509
457,23.646,8090,8951,30807,30739,-861
458,23.698,8457,8897,30039,31255,-440
459,23.75,8244,9046,31005,30648,-802
460,23.801,8196,8939,32348,30848,-743
461,23.853,8549,8975,31620,31213,-426
462,23.905,9418,8713,30090,30660,705
463,23.957,8736,9123,31253,30915,-387
464,24.008,8664,8951,31099,30976,-287
465,24.06,8311,8927,31756,30988,-616
466,24.112,8688,8570,30853,30703,118
467,24.164,9549,8951,30745,30909,598
468,24.215,9069,8939,31533,30806,130
469,24.267,9210,8749,29769,30788,461
470,24.319,9125,9153,32396,30284,-28
471,24.37,9431,8802,30171,30836,629
472,24.422,9406,9218,33401,30848,188
473,24.474,9334,9159,30763,31407,175
474,24.526,8646,9099,30796,30958,-453
475,24.577,9022,8588,32527,31000,434
476,24.629,9065,8879,30897,30988,186
477,24.681,8904,8844,30507,30618,60
478,24.733,9854,8701,30753,30733,1153
479,24.784,8485,8808,29309,30952,-323
480,24.836,8773,8927,31272,30442,-154
481,24.888,8365,9064,31388,30940,-699
482,24.94,7731,8891,31066,30903,-1160
483,24.991,8029,9046,30594,30545,-1017
484,25.043,7940,9070,29295,30794,-1130
485,25.095,9250,9141,31139,30958,109
486,25.147,8980,8945,30569,31043,35
487,25.198,8875,9171,30790,31194,-296
488,25.25,8694,8909,32414,30788,-215
489,25.302,9045,9248,31749,31213,-203
490,25.354,8522,9290,32126,31152,-768
491,25.405,8768,9046,29796,31467,-278
492,25.457,8316,8808,31329,31297,-492
493,25.509,8083,8862,32612,31194,-779
494,25.561,8964,8689,31385,30994,275
495,25.612,8238,8826,32123,30927,-588
496,25.664,8340,8773,33470,31049,-433
497,25.716,8775,8986,31008,31067,-211
498,25.768,8754,9189,31675,30836,-435
499,25.819,8766,9016,31530,30484,-250
500,25.871,10158,8957,31403,31267,1201
501,25.923,9304,8850,32677,30946,454
502,25.974,8188,8969,29727,31085,-781
503,26.026,8514,8850,30871,31037,-336
504,26.078,8302,8850,31430,31158,-548
505,26.13,8787,9224,32749,30497,-437
506,26.181,8245,8666,31734,31067,-421
507,26.233,8157,8879,31452,30964,-722
508,26.285,9244,8755,31726,30812,489
509,26.337,8847,8885,29633,30921,-38
510,26.388,8521,9016,30144,30709,-495
511,26.44,9293,8862,31836,30952,431
512,26.492,8626,9212,30284,31079,-586
513,26.544,9255,9183,32628,31091,72
514,26.595,9271,9254,31666,31152,17
515,26.647,8530,8885,31230,30654,-355
516,26.699,8760,8838,31453,30976,-78
517,26.751,9672,8945,31297,30873,727
518,26.802,8076,8844,30002,31146,-768
519,26.854,9038,8844,32071,31316,194
520,26.906,8806,8957,29262,31018,-151
521,26.958,8186,8761,32060,30812,-575
522,27.009,8375,9135,30614,30697,-760
523,27.061,8582,9105,30990,30824,-523
524,27.113,9011,9034,30882,30606,-23
525,27.165,8144,8963,30037,30806,-819
526,27.216,8792,8903,30886,31061,-111
527,27.268,8452,9230,30887,30982,-778
528,27.32,8682,8981,30491,31255,-299
529,27.372,8751,9355,30312,31031,-604
530,27.423,9264,8981,30096,30703,283
531,27.475,9117,8975,32604,31097,142
532,27.527,8768,8802,31578,31158,-34
533,27.578,9352,9218,31199,31206,134
534,27.63,8843,8879,30799,31073,-36
535,27.682,7942,8951,29236,31097,-1009
536,27.734,7987,8856,31401,30946,-869
537,27.785,9081,9189,31327,30697,-108
538,27.837,8862,8838,32865,31231,24
539,27.889,9411,9266,31892,31043,145
540,27.941,9052,9016,30395,31285,36
541,27.992,9349,8660,31128,31079,689
542,28.044,9236,8998,31501,30606,238
543,28.096,9030,8796,31324,30679,234
544,28.148,9122,8820,30782,30848,302
545,28.199,8994,8891,31508,30818,103
546,28.251,8044,9034,32463,30709,-990
547,28.303,9366,8790,30645,30691,576
548,28.355,8654,8885,29086,30715,-231
549,28.406,8790,8891,30338,30903,-101
550,28.458,9368,8909,30155,31049,459
551,28.51,8835,8998,31455,30903,-163
552,28.562,9233,8975,30220,31109,258
553,28.613,8573,8743,32935,30782,-170
554,28.665,8289,8957,30448,31231,-668
555,28.717,7737,8802,30010,31146,-1065
556,28.769,8720,8868,32344,30879,-148
557,28.82,9066,8909,31148,31231,157
558,28.872,8797,8814,29096,30861,-17
559,28.924,9043,8927,30116,30703,116
560,28.976,8505,9040,29572,31267,-535
561,29.027,9108,9016,29962,30964,92
562,29.079,9108,9099,31317,30563,9
563,29.131,8322,8963,32645,30927,-641
564,29.182,8772,8975,30639,31018,-203
565,29.234,8708,8927,30536,31358,-219
566,29.286,8683,8879,31181,30958,-196
567,29.338,8316,8838,32144,30612,-522
568,29.389,9457,8998,30858,30812,459
569,29.441,8791,8915,30579,30933,-124
570,29.493,9096,8981,30043,31346,115
571,29.545,8302,8986,30047,30624,-684
572,29.596,8560,9189,30394,31200,-629
573,29.648,9680,9022,31974,31158,658
574,29.7,9462,9088,31963,31395,374
575,29.752,9305,8933,31151,30873,372
576,29.803,8819,8951,30360,31012,-132
577,29.855,9080,8986,29935,31097,94
578,29.907,9826,9040,29466,31200,786
579,29.959,8763,9486,30969,31079,-723
580,30.01,9239,9349,32570,30861,-110
581,30.062,8851,9397,30674,30909,-546
582,30.114,9264,9301,29763,30654,-37
583,30.166,9171,9301,28677,30830,-130
584,30.217,9229,9236,31978,31067,-7
585,30.269,9717,8969,31803,30848,748
586,30.321,9578,8945,32049,30782,633
587,30.373,8149,8879,29621,31176,-730
588,30.424,8684,9070,32699,30721,-386
589,30.476,8760,8969,30824,30861,-209
590,30.528,8902,8951,31262,30879,-49
591,30.58,9426,9272,31292,30988,154
592,30.631,8717,8850,31292,31176,-133
593,30.683,9227,8885,29435,30666,342
594,30.735,8720,8868,31081,30782,-148
595,30.786,8864,9117,31787,30897,-253
596,30.838,9048,8963,32293,31249,85
597,30.89,9089,8689,29674,31346,400
598,30.942,8611,8671,30209,31194,-60
599,30.993,9278,8891,30830,31231,387
600,31.045,8925,8986,31413,30958,-61
601,31.097,8453,8986,33072,30800,-533
602,31.149,8750,8844,30599,31200,-94
603,31.2,9182,8969,30273,30782,213
604,31.252,8334,9135,30142,31115,-801
605,31.304,9266,9135,30345,31006,131
606,31.356,9341,8921,31252,30727,420
607,31.407,8295,9076,30665,31291,-781
608,31.459,8650,9070,30499,31164,-420
609,31.511,9707,8784,31276,30679,923
610,31.563,9762,8933,30545,30715,829
611,31.614,8408,9278,30533,31158,-870
612,31.666,8941,9200,31957,31431,-259
613,31.718,8269,8921,32032,30933,-652
614,31.77,8809,9022,31169,30751,-213
615,31.821,9143,8986,31256,30642,157
616,31.873,8697,8933,30102,30551,-236
617,31.925,9105,9272,32920,31134,-167
618,31.977,8581,9450,31624,31395,-869
619,32.028,10240,9414,30145,31176,826
620,32.08,9472,9307,32376,30988,165
621,32.132,8466,9290,29660,30812,-824
622,32.184,8785,8951,31419,30770,-166
623,32.235,9051,8856,31230,31024,195
624,32.287,8948,9153,31892,31213,-205
625,32.339,9035,9551,29692,31049,-516
626,32.39,9165,9337,31500,31073,-172
627,32.442,9245,9420,31024,31231,-175
628,32.494,9191,9183,29639,30757,8
629,32.546,8519,9159,33268,31079,-640
630,32.597,8315,9022,30120,31085,-707
631,32.649,9429,9236,30108,30933,193
632,32.701,9075,9046,30633,31322,29
633,32.753,9594,9379,33550,30848,215
634,32.804,9856,9438,30521,30448,418
635,32.856,9249,9830,29639,30685,-581
636,32.908,9625,9628,32287,30867,-3
637,32.96,9164,9284,31964,31018,-120
638,33.011,9217,9599,30354,31055,-382
639,33.063,10592,9890,30228,31358,702
640,33.115,10155,9777,31124,30897,378
641,33.167,9338,9628,30802,30848,-290
642,33.218,9261,9622,30785,30387,-361
643,33.27,8604,9456,30928,31255,-852
644,33.322,9060,9230,30981,30666,-170
645,33.374,9738,9670,31548,30988,68
646,33.425,8633,9408,31912,30903,-775
647,33.477,8874,9177,32705,30915,-303
648,33.529,9030,9545,31559,30654,-515
649,33.581,9069,9147,31488,30503,-78
650,33.632,8998,9278,30932,30982,-280
651,33.684,9164,9557,31433,30946,-393
652,33.736,9464,9200,30357,30539,264
653,33.788,8834,9438,31445,30612,-604
654,33.839,9063,9432,31024,30569,-369
655,33.891,9014,9426,30921,30861,-412
656,33.943,8513,9325,29588,30697,-812
657,33.994,9131,9414,32601,31291,-283
658,34.046,9571,9064,30325,30521,507
659,34.098,9435,9533,31929,30654,-98
660,34.15,9375,9605,31525,30933,-230
661,34.201,9486,9593,30710,30764,-107
662,34.253,10080,9313,31859,31158,767
663,34.305,9616,9248,30704,30545,368
664,34.357,10146,9385,30832,30630,761
665,34.408,9563,9337,31288,31018,226
666,34.46,8025,9313,31952,30818,-1288
667,34.512,8478,8790,30262,30933,-312
668,34.564,9321,9010,31888,30818,311
669,34.615,8542,9361,29560,30933,-819
670,34.667,8572,8933,32999,30284,-361
671,34.719,8775,9165,31503,30885,-390
672,34.771,8664,8915,31076,30697,-251
673,34.822,8939,8755,30935,30757,184
674,34.874,8725,8921,30806,31061,-196
675,34.926,9455,9313,30507,30988,142
676,34.978,8544,8963,32193,30679,-419
677,35.029,9510,9064,30787,31261,446
678,35.081,9451,9028,32709,31364,423
679,35.133,9082,9254,31278,30855,-172
680,35.185,9063,9147,32535,30867,-84
681,35.236,10197,9230,29923,30594,967
682,35.288,8644,9313,29434,30618,-669
683,35.34,8902,9545,31120,31352,-643
684,35.392,8596,9414,31468,30952,-818
685,35.443,9733,9599,30542,30776,134
686,35.495,8617,9403,30632,30551,-786
687,35.547,8660,9052,31477,30727,-392
688,35.598,9157,9355,30463,30964,-198
689,35.65,9689,9058,29431,30685,631
690,35.702,9813,9224,32069,30794,589
691,35.754,9434,9123,29677,30697,311
692,35.805,9325,8743,30709,30921,582
693,35.857,8544,8891,31402,30891,-347
694,35.909,8576,9022,32837,30764,-446
695,35.961,9110,8933,31161,31115,177
696,36.012,9230,9361,28344,31055,-131
697,36.064,8668,9028,31008,30418,-360
698,36.116,8476,9171,30705,30994,-695
699,36.168,9192,9028,30777,31231,164
700,36.219,9839,9088,30012,31024,751
701,36.271,9163,9301,31441,30903,-138
702,36.323,8411,8981,30800,31200,-570
703,36.375,9125,9016,29828,30745,109
704,36.426,8764,9153,30358,30612,-389
705,36.478,8464,9111,29288,30855,-647
706,36.53,8821,8927,31244,31237,-106
707,36.582,9495,9099,31000,30715,396
708,36.633,8761,9117,29274,31006,-356
709,36.685,8599,8850,31566,31115,-251
710,36.737,8409,8654,31124,31049,-245
711,36.789,9411,9099,32391,31158,312
712,36.84,8637,8957,31867,31346,-320
713,36.892,8563,8903,30815,31370,-340
714,36.944,8021,8933,30545,31128,-912
715,36.996,8155,9260,31028,30879,-1105
716,37.047,8811,9533,29966,31146,-722
717,37.099,8557,9159,30166,31067,-602
718,37.151,8169,9093,29548,31716,-924
719,37.202,8612,9183,30702,31067,-571
720,37.254,8741,9099,33071,31188,-358
721,37.306,8298,9052,31871,31091,-754
722,37.358,8667,9242,32702,31219,-575
723,37.409,8603,9082,31633,30563,-479
724,37.461,8535,8915,30719,31352,-380
725,37.513,8704,8921,30778,30630,-217
726,37.565,9118,9141,30436,31291,-23
727,37.616,8867,8975,31585,31334,-108
728,37.668,9195,9183,29022,31037,12
729,37.72,8918,9058,30275,30952,-140
730,37.772,8890,9088,31479,31237,-198
731,37.823,8831,9022,33047,30830,-191
732,37.875,9697,9147,31487,31134,550
733,37.927,8497,9135,32438,31122,-638
734,37.979,9276,8927,29980,30861,349
735,38.03,9708,9325,30133,31152,383
736,38.082,9179,9088,29664,30484,91
737,38.134,9589,9385,31066,31498,204
738,38.186,8877,9408,30185,31024,-531
739,38.237,9061,9456,30531,31273,-395
740,38.289,9459,9349,30441,30879,110
741,38.341,9093,9379,31895,31443,-286
742,38.393,9016,9266,32239,30764,-250
743,38.444,8789,9373,30348,30794,-584
744,38.496,8364,9361,31561,31601,-997
745,38.548,7981,9468,32407,31164,-1487
746,38.6,8965,9492,30805,31067,-527
747,38.651,9072,9492,32302,30903,-420
748,38.703,8431,9153,30985,31753,-722
749,38.755,8836,9040,31090,30709,-204
750,38.806,8483,9022,31301,31467,-539
751,38.858,9520,9028,31697,31358,492
752,38.91,9793,9438,32226,31249,355
753,38.962,8307,9403,30622,31103,-1096
754,39.013,8693,9194,32177,31243,-501
755,39.065,8592,9397,31745,31146,-805
756,39.117,7813,9129,31781,31085,-1316
757,39.169,8932,9242,33520,30915,-310
758,39.22,8893,9028,30289,30909,-135
759,39.272,9664,9171,32733,30982,493
760,39.324,7989,9105,29732,31146,-1116
761,39.376,8219,8677,33304,30624,-458
762,39.427,9110,9123,32513,31109,-13
763,39.479,9087,8992,30089,31273,95
764,39.531,8593,8856,30664,30648,-263
765,39.583,8790,9022,31394,31297,-232
766,39.634,8738,8915,31071,31055,-177
767,39.686,8993,8921,31936,31091,72
768,39.738,9136,8915,30416,30691,221
769,39.79,8858,8874,30409,31012,-16
770,39.841,8635,8850,31068,31018,-215
771,39.893,9725,9022,30299,30909,703
772,39.945,8734,9016,32783,31267,-282
773,39.997,8659,8856,30859,30806,-197
774,40.048,9025,8897,31560,31158,128
775,40.1,9161,8808,33393,31291,353
776,40.152,8546,8975,29267,31449,-429
777,40.204,8764,8957,31063,31231,-193
778,40.255,9012,9070,31475,31328,-58
779,40.307,8871,8725,33896,31510,146
780,40.359,8806,8612,30212,31467,194
781,40.41,8719,9022,30943,31364,-303
782,40.462,9030,8903,32624,31358,127
783,40.514,8787,8808,32142,31492,-21
784,40.566,8868,8850,31218,30679,18
785,40.617,7860,8868,31610,31031,-1008
786,40.669,8706,8814,32439,31546,-108
787,40.721,9165,8879,32279,31243,286
788,40.773,8745,8933,30718,31194,-188
789,40.824,8609,9010,31995,31188,-401
790,40.876,8670,8969,30603,31049,-299
791,40.928,8782,8986,31698,31401,-204
792,40.98,8539,9171,29706,31267,-632
793,41.031,9244,9082,29645,31219,162
794,41.083,8508,9099,28989,31273,-591
795,41.135,8453,9147,32038,31267,-694
796,41.187,9090,8844,32345,31334,246
797,41.238,9206,9218,29706,30582,-12
798,41.29,8450,9052,29401,30794,-602
799,41.342,8578,9325,29096,31261,-747
800,41.394,9341,9931,31671,30946,-590
801,41.445,9826,9955,31657,31194,-129
802,41.497,8722,9212,30932,30794,-490
803,41.549,8846,9343,31145,31237,-497
804,41.601,8917,9242,29907,31061,-325
805,41.652,8717,9004,31491,31449,-287
806,41.704,8624,8963,32139,31128,-339
807,41.756,8592,9135,30889,31346,-543
808,41.808,9176,9040,30338,31000,136
809,41.859,9563,8998,31902,31182,565
810,41.911,8323,8695,31221,30727,-372
811,41.963,8202,8891,29294,30406,-689
812,42.015,9106,8838,29037,31267,268
813,42.066,8401,8951,31913,30958,-550
814,42.118,9217,8975,30365,30988,242
815,42.17,8255,8975,30594,31455,-720
816,42.221,7983,9082,32309,31146,-1099
817,42.273,9413,9034,31169,31012,379
818,42.325,8553,8879,30760,31304,-326
819,42.377,7939,8683,31124,31219,-744
820,42.428,8322,9242,30901,31243,-920
821,42.48,8412,8903,30093,30861,-491
822,42.532,8103,8707,31586,31000,-604
823,42.584,8851,8879,31816,31389,-28
824,42.635,9283,8802,32301,30660,481
825,42.687,8656,8588,29736,31134,68
826,42.739,8927,8452,33089,30691,475
827,42.791,8844,8802,31017,31510,42
828,42.842,8377,8707,32095,31091,-330
829,42.894,8617,8683,32236,31176,-66
830,42.946,8475,8570,30596,31012,-95
831,42.998,8084,8784,31512,31170,-700
832,43.049,9598,8879,30944,30818,719
833,43.101,8848,8808,30785,31073,40
834,43.153,8526,8654,31151,31055,-128
835,43.205,8102,8808,32931,30976,-706
836,43.256,8691,8963,30905,30757,-272
837,43.308,8951,8992,30465,31249,-41
838,43.36,8557,8850,30187,31382,-293
839,43.412,8854,8891,30917,31352,-37
840,43.463,8507,8755,32237,31261,-248
841,43.515,8788,8844,31492,31170,-56
842,43.567,8677,8891,31829,31006,-214
843,43.619,8820,8636,31587,31219,184
844,43.67,8309,8885,30712,30921,-576
845,43.722,8563,8594,31119,31085,-31
846,43.774,8257,8695,30886,31437,-438
847,43.825,9233,8463,31741,31492,770
848,43.877,8001,8624,32021,31461,-623
849,43.929,8944,9010,30210,31540,-66
850,43.981,8425,8731,30920,31376,-306
851,44.032,7876,8790,32166,31285,-914
852,44.084,8500,8927,31243,31916,-427
853,44.136,9154,8897,31055,31704,257
854,44.188,9073,8755,32446,31310,318
855,44.239,8388,8951,32540,31583,-563
856,44.291,8163,8666,31446,31898,-503
857,44.343,8482,9088,31081,31728,-606
858,44.395,8588,8796,32195,31395,-208
859,44.446,9596,8814,30645,31267,782
860,44.498,8616,8986,33358,31285,-370
861,44.55,8164,8660,33361,31807,-496
862,44.602,8657,8606,30901,31358,51
863,44.653,9083,8909,31670,31128,174
864,44.705,8626,8725,29874,31267,-99
865,44.757,8398,8933,31260,31249,-535
866,44.809,9350,8826,30573,31473,524
867,44.86,8501,8981,31739,31122,-480
868,44.912,9185,8986,31732,31558,199
869,44.964,8422,8773,31394,31516,-351
870,45.016,8792,8778,31042,31140,14
871,45.067,8686,8707,30028,31115,-21
872,45.119,8248,9010,31774,30982,-762
873,45.171,8097,8975,30918,31540,-878
874,45.223,8367,8844,30447,31395,-477
875,45.274,9066,8796,30444,31237,270
876,45.326,8760,8838,31894,31297,-78
877,45.378,9098,8701,31506,31194,397
878,45.429,8443,8648,30190,31024,-205
879,45.481,8114,8814,30205,31643,-700
880,45.533,7927,8790,31067,30861,-863
881,45.585,8626,8957,30611,31825,-331
882,45.636,8471,8981,32616,31722,-510
883,45.688,8401,9016,30052,31073,-615
884,45.74,8681,9016,33632,31304,-335
885,45.792,8906,8921,29996,31395,-15
886,45.843,8871,8975,31999,31225,-104
887,45.895,9246,8986,30856,31595,260
888,45.947,8432,8927,30404,31807,-495
889,45.999,8832,9135,30850,31000,-303
890,46.05,8141,8969,31379,31225,-828
891,46.102,8934,9105,31625,30879,-171
892,46.154,8376,8927,30717,31267,-551
893,46.206,8421,8951,31547,30921,-530
894,46.257,8687,9022,30524,30660,-335
895,46.309,8503,8814,31240,31097,-311
896,46.361,8857,9284,30671,31370,-427
897,46.413,8421,8957,30566,31067,-536
898,46.464,9106,8951,31340,31310,155
899,46.516,8718,8844,30469,31291,-126
900,46.568,9258,9129,30402,31747,129
901,46.62,9408,8844,31898,31194,564
902,46.671,8472,8749,32258,30897,-277
903,46.723,8127,8761,31978,31492,-634
904,46.775,8079,8773,31409,31401,-694
905,46.827,8549,8868,30836,31018,-319
906,46.878,8915,8660,30959,31134,255
907,46.93,9047,8767,30300,31376,280
908,46.982,8254,8654,30834,31607,-400
909,47.033,8507,8761,30457,31237,-254
910,47.085,8839,8992,32695,31188,-153
911,47.137,9664,9016,30234,31304,648
912,47.189,9303,8814,32198,31358,489
913,47.24,8345,8594,32294,31182,-249
914,47.292,8982,8606,30636,31558,376
915,47.344,9030,8606,31471,31668,424
916,47.396,8502,8731,32060,31188,-229
917,47.447,8271,8731,32505,31031,-460
918,47.499,8787,8850,31024,31346,-63
919,47.551,9091,8981,31021,31279,110
920,47.603,9006,8606,31063,31158,400
921,47.654,9789,8885,31866,31091,904
922,47.706,8500,8755,30922,31055,-255
923,47.758,8502,8850,32082,31898,-348
924,47.81,8540,8671,31442,31765,-131
925,47.861,9343,8481,31270,31249,862
926,47.913,8270,8719,31566,30933,-449
927,47.965,9142,8874,31021,31352,268
928,48.017,8682,8832,30909,31473,-150
929,48.068,8908,8469,30913,31643,439
930,48.12,10177,8594,31645,30891,1583
931,48.172,9195,9070,31146,30958,125
932,48.224,8959,8600,30467,31225,359
933,48.275,8457,8440,30883,31674,17
934,48.327,8171,8553,30425,31376,-382
935,48.379,8449,8743,28991,30927,-294
936,48.431,8619,8487,32071,31000,132
937,48.482,9795,8838,31944,31631,957
938,48.534,8367,8719,30677,31546,-352
939,48.586,8011,8636,31755,31279,-625
940,48.637,8561,8618,31258,31643,-57
941,48.689,8773,8689,31847,31340,84
942,48.741,7838,8392,31258,31874,-554
943,48.793,8901,8838,32254,30873,63
944,48.844,8432,8505,32369,30861,-73
945,48.896,8957,8458,33156,31097,499
946,48.948,8777,8505,30488,31158,272
947,49.0,8757,8541,30883,31079,216
948,49.051,8089,8594,33843,31352,-505
949,49.103,8905,8279,32349,31249,626
950,49.155,8621,8511,33467,31486,110
951,49.207,8755,8553,31443,31297,202
952,49.258,8272,8440,32430,31613,-168
953,49.31,9392,8475,33500,31146,917
954,49.362,8165,8582,30014,31395,-417
955,49.414,8028,8612,32391,31194,-584
956,49.465,8281,8547,30936,31182,-266
957,49.517,8948,8618,31107,31407,330
958,49.569,8246,8499,30563,31449,-253
959,49.621,7732,8380,32461,31103,-648
960,49.672,8760,8446,31545,31316,314
961,49.724,8790,8547,31374,31291,243
962,49.776,9041,8594,33049,31334,447
963,49.828,8080,8368,31605,31449,-288
964,49.879,9156,8362,31878,31249,794
965,49.931,8376,8529,31687,30994,-153
966,49.983,10598,8963,30917,31297,1635
967,50.035,8797,8666,32147,31322,131
968,50.086,8843,8576,30254,31067,267
969,50.138,8786,8761,32535,31722,25
970,50.19,8183,8981,29761,31856,-798
971,50.241,8932,8844,31081,31225,88
972,50.293,8673,8957,31968,31346,-284
973,50.345,9378,8773,30988,31431,605
974,50.397,9264,8975,31308,31983,289
975,50.448,8717,8802,30480,31219,-85
976,50.5,8724,8844,31221,31874,-120
977,50.552,8261,8814,32281,31146,-553
978,50.604,8345,8654,30319,31534,-309
979,50.655,8681,8660,31698,31674,21
980,50.707,8908,8778,31711,31880,130
981,50.759,8324,8701,30884,31577,-377
982,50.811,8815,8963,33021,31607,-148
983,50.862,8690,8933,30287,31273,-243
984,50.914,8867,9004,31597,31449,-137
985,50.966,8945,8897,32271,30946,48
986,51.018,8858,8547,30225,31194,311
987,51.069,8530,8891,32157,31279,-361
988,51.121,8016,8618,34677,31249,-602
989,51.173,8664,8517,32970,30988,147
990,51.225,9557,8559,31585,31558,998
991,51.276,8166,8654,31075,31443,-488
992,51.328,8520,8850,31831,30952,-330
993,51.38,8715,8957,31879,31297,-242
994,51.432,8753,9034,33641,31382,-281
995,51.483,9042,8719,31237,31382,323
996,51.535,8408,8874,30785,31413,-466
997,51.587,8212,8719,30564,31249,-507
998,51.639,8600,8612,30333,31898,-12
999,51.69,8536,8493,32802,31370,43
