frame,Time [s],CH1,BGND1,CH2,BGND2,intensity
0,0.0,6408,6991,20057,20537,-583
1,0.052,6879,6811,21000,20458,68
2,0.103,7463,6859,21328,20675,604
3,0.155,7405,6961,18919,20428,444
4,0.207,6846,7063,20420,20736,-217
5,0.259,7547,6811,19122,20971,736
6,0.31,6530,6835,20665,20404,-305
7,0.362,6913,7069,20649,20796,-156
8,0.414,7538,7147,20894,20495,391
9,0.466,7153,6799,21150,20543,354
10,0.517,7284,6967,20666,20501,317
11,0.569,6816,6901,21452,20995,-85
12,0.621,7032,6925,21280,20682,107
13,0.673,7541,6925,21446,20651,616
14,0.724,7181,6787,20614,20326,394
15,0.776,7213,6853,20471,20525,360
16,0.828,8356,6943,20533,20471,1413
17,0.88,6652,6913,21417,20235,-261
18,0.931,7389,6991,21587,20651,398
19,0.983,7115,7033,20520,20899,82
20,1.035,7416,6907,19745,20971,509
21,1.087,7542,6985,22265,20742,557
22,1.138,7869,7009,20245,20489,860
23,1.19,7481,6865,21677,20513,616
24,1.242,7652,6769,21130,20814,883
25,1.294,7190,6931,21448,20796,259
26,1.345,7964,6955,22428,20778,1009
27,1.397,6992,7105,19712,20627,-113
28,1.449,7216,6979,22208,20585,237
29,1.501,7339,6787,21670,20778,552
30,1.552,7285,6967,20962,20760,318
31,1.604,7386,6913,21635,20573,473
32,1.656,7282,7009,21418,20718,273
33,1.707,7488,7027,21102,20247,461
34,1.759,6597,7003,21584,20826,-406
35,1.811,7568,7171,19017,20434,397
36,1.863,6103,7051,19554,20838,-948
37,1.914,7374,6901,20454,21025,473
38,1.966,7022,7057,20525,20458,-35
39,2.018,6745,6985,19748,20669,-240
40,2.07,7378,7003,21049,20591,375
41,2.121,6892,6991,20647,20688,-99
42,2.173,7052,6967,20152,20169,85
43,2.225,7250,6943,19830,20826,307
44,2.277,6924,7033,22083,20712,-109
45,2.328,7061,7213,20858,20712,-152
46,2.38,7583,7027,20756,21019,556
47,2.432,7768,6949,20225,20754,819
48,2.484,6977,6985,21392,20712,-8
49,2.535,7200,6883,20114,20700,317
50,2.587,6736,6883,21097,20947,-147
51,2.639,6703,6949,20857,20561,-246
52,2.691,6823,7033,21317,20790,-210
53,2.742,6913,6853,21716,20519,60
54,2.794,6700,6877,21305,20880,-177
55,2.846,6661,7189,20959,20645,-528
56,2.898,7849,6967,22362,20688,882
57,2.949,6794,6913,21455,21248,-119
58,3.001,7421,6967,21430,20688,454
59,3.053,10178,6913,20490,20947,3265
60,3.105,11798,7225,20279,20621,4573
61,3.156,12252,7183,21438,20874,5069
62,3.208,10801,7237,20734,20760,3564
63,3.26,11359,7213,21107,20591,4146
64,3.311,8363,7003,21545,20742,1360
65,3.363,11480,7123,21985,20675,4357
66,3.415,8500,7063,21761,20899,1437
67,3.467,6965,6865,20762,20489,100
68,3.518,7864,6973,20960,20856,891
69,3.57,7616,6859,19427,20030,757
70,3.622,7789,6973,20749,20700,816
71,3.674,8168,6985,20810,20880,1183
72,3.725,8482,7033,20032,20657,1449
73,3.777,8407,7231,20319,20712,1176
74,3.829,7998,7285,19916,20567,713
75,3.881,7683,7057,20745,20525,626
76,3.932,8188,7291,20917,21031,897
77,3.984,7853,7303,20064,20778,550
78,4.036,7046,7177,21195,20549,-131
79,4.088,7539,7105,19475,21085,434
80,4.139,7134,6955,21028,20591,179
81,4.191,7375,7153,21329,20645,222
82,4.243,8381,7297,20941,20573,1084
83,4.295,10449,7435,20851,20645,3014
84,4.346,11214,7249,20294,20525,3965
85,4.398,9403,7081,20098,20977,2322
86,4.45,7486,6919,21268,20748,567
87,4.502,10970,7237,22094,20688,3733
88,4.553,10719,7309,21403,20247,3410
89,4.605,11428,7159,21909,20886,4269
90,4.657,8147,6967,19628,20507,1180
91,4.709,7232,7033,21312,20880,199
92,4.76,7111,6799,21186,20712,312
93,4.812,7606,6991,21438,20844,615
94,4.864,7324,6817,20713,20633,507
95,4.915,7068,6925,21501,20627,143
96,4.967,7623,6871,20705,21134,752
97,5.019,7225,6859,21243,20899,366
98,5.071,6912,6889,20348,21242,23
99,5.122,7816,7033,20344,20573,783
100,5.174,7024,6961,20208,20838,63
101,5.226,7238,7093,21264,20784,145
102,5.278,7525,6997,20228,20639,528
103,5.329,7298,6949,21516,20766,349
104,5.381,7577,6907,20779,20784,670
105,5.433,7954,6781,20838,20531,1173
106,5.485,6903,6877,21745,20645,26
107,5.536,7436,6883,21055,20826,553
108,5.588,7083,7051,20577,21067,32
109,5.64,6727,7033,21250,20549,-306
110,5.692,6686,6883,20338,20278,-197
111,5.743,7582,6937,19839,20489,645
112,5.795,6478,7009,20846,20700,-531
113,5.847,7216,6835,20898,20663,381
114,5.899,7482,7009,21024,20639,473
115,5.95,7630,7015,22913,20880,615
116,6.002,7231,7153,21571,20694,78
117,6.054,7396,6985,19574,21049,411
118,6.106,7650,6955,20226,20748,695
119,6.157,6828,6961,21355,20682,-133
120,6.209,7316,6901,20583,20519,415
121,6.261,6706,6642,22239,20772,64
122,6.313,7447,6937,21261,20700,510
123,6.364,6726,6931,21723,20748,-205
124,6.416,7088,6877,20469,21333,211
125,6.468,7216,6823,20206,21116,393
126,6.519,7141,6859,21401,20597,282
127,6.571,6585,6811,19634,20458,-226
128,6.623,7648,6889,21587,20989,759
129,6.675,7430,6973,19106,20525,457
130,6.726,6623,6841,20176,20899,-218
131,6.778,7146,6823,20570,20712,323
132,6.83,6739,6757,21253,20868,-18
133,6.882,7435,6937,22116,20718,498
134,6.933,9808,7045,20508,20772,2763
135,6.985,9991,7033,20195,20651,2958
136,7.037,12899,7147,21660,20947,5752
137,7.089,10614,7027,21464,20778,3587
138,7.14,9882,7123,19863,20615,2759
139,7.192,10999,7021,20594,20621,3978
140,7.244,10463,7117,21615,20573,3346
141,7.296,10598,7081,20950,20579,3517
142,7.347,10791,7099,22227,20675,3692
143,7.399,11043,7015,21331,20874,4028
144,7.451,10860,7117,21303,21116,3743
145,7.503,11696,6967,20091,20953,4729
146,7.554,7912,6721,20267,20929,1191
147,7.606,7409,6919,20443,20688,490
148,7.658,6523,6925,20504,20856,-402
149,7.71,7109,6931,21469,20380,178
150,7.761,6650,6925,21697,20766,-275
151,7.813,6973,6979,21381,20899,-6
152,7.865,7588,6709,21354,20555,879
153,7.917,6494,6799,21609,21284,-305
154,7.968,7258,6781,22220,20838,477
155,8.02,6924,6847,20250,20862,77
156,8.072,9633,6943,20522,20820,2690
157,8.123,12073,7141,21483,20820,4932
158,8.175,10972,7285,21361,20609,3687
159,8.227,11304,7015,20654,20766,4289
160,8.279,11246,7129,20817,20923,4117
161,8.33,10645,7123,21459,21122,3522
162,8.382,11536,7087,21667,20561,4449
163,8.434,10939,7117,20930,20808,3822
164,8.486,11566,7243,21158,20712,4323
165,8.537,11628,7153,22684,21079,4475
166,8.589,10865,7099,20467,20597,3766
167,8.641,12413,6997,21158,20941,5416
168,8.693,10764,6997,21199,20778,3767
169,8.744,10229,7141,20602,21067,3088
170,8.796,11433,7135,21305,20567,4298
171,8.848,8531,6925,21958,20796,1606
172,8.9,6838,6835,22015,20850,3
173,8.951,7595,6883,20657,20826,712
174,9.003,10781,7045,20216,20748,3736
175,9.055,11248,7015,21727,20911,4233
176,9.107,10941,7147,21297,20892,3794
177,9.158,10912,6955,21882,20645,3957
178,9.21,12170,7003,19392,21019,5167
179,9.262,11643,7195,19521,20718,4448
180,9.314,10893,7183,20517,20796,3710
181,9.365,10896,7057,20478,20573,3839
182,9.417,11568,7063,21025,20832,4505
183,9.469,12465,7129,21448,20862,5336
184,9.521,11616,7069,20762,20886,4547
185,9.572,9699,7177,20969,21013,2522
186,9.624,12068,7027,21544,20790,5041
187,9.676,10930,7261,21095,20832,3669
188,9.727,10639,6895,20932,20892,3744
189,9.779,12039,7285,20338,20838,4754
190,9.831,11799,7051,21982,21049,4748
191,9.883,12288,6937,21117,20639,5351
192,9.934,11014,7159,21093,20971,3855
193,9.986,11771,7015,21090,20507,4756
194,10.038,11536,6853,20635,20706,4683
195,10.09,11857,7093,20676,20778,4764
196,10.141,12145,7027,21172,20844,5118
197,10.193,13037,7081,20046,20917,5956
198,10.245,11549,7267,21684,20700,4282
199,10.297,12197,7153,20707,20923,5044
200,10.348,10669,7075,21205,20471,3594
201,10.4,11641,7027,20243,20633,4614
202,10.452,9359,7093,22423,20826,2266
203,10.504,10902,7075,21216,21091,3827
204,10.555,11459,7045,22024,20694,4414
205,10.607,12821,7087,20696,20802,5734
206,10.659,10497,7045,20504,20543,3452
207,10.711,10065,7063,21202,21007,3002
208,10.762,10707,7105,21569,21085,3602
209,10.814,12158,7141,20429,20688,5017
210,10.866,10549,6967,20119,20959,3582
211,10.918,10183,6949,21594,20923,3234
212,10.969,11358,6991,20701,20862,4367
213,11.021,11636,7159,20120,20784,4477
214,11.073,12480,6985,21066,20935,5495
215,11.125,10242,7189,20582,20911,3053
216,11.176,11051,7147,20985,20790,3904
217,11.228,10801,7045,20313,20669,3756
218,11.28,11428,7009,20656,20838,4419
219,11.331,11369,7177,19908,21049,4192
220,11.383,10260,7219,20708,20736,3041
221,11.435,11025,6991,21384,21001,4034
222,11.487,10455,7039,20539,20567,3416
223,11.538,7201,6787,21069,20814,414
224,11.59,6393,6757,21074,20917,-364
225,11.642,6888,6721,20194,20971,167
226,11.694,6646,6775,20576,20663,-129
227,11.745,6642,6678,20782,20796,-36
228,11.797,6340,6751,20380,20675,-411
229,11.849,7342,6823,20636,20850,519
230,11.901,5793,6582,21231,20886,-789
231,11.952,6999,6877,21395,20923,122
232,12.004,6826,6594,20716,20935,232
233,12.056,6389,6540,21027,21055,-151
234,12.108,7376,6582,21124,20892,794
235,12.159,9482,6967,21623,20790,2515
236,12.211,11350,6985,20496,20615,4365
237,12.263,10134,7009,23264,20633,3125
238,12.315,12669,7045,21050,20489,5624
239,12.366,10782,7051,20958,20784,3731
240,12.418,11236,7069,21231,20814,4167
241,12.47,10210,6865,20589,20832,3345
242,12.522,10788,6967,21156,20712,3821
243,12.573,10835,7129,20745,20718,3706
244,12.625,12233,7033,20523,21049,5200
245,12.677,11913,7153,21554,21025,4760
246,12.729,10893,6835,19989,20965,4058
247,12.78,11755,7081,19659,21116,4674
248,12.832,11582,6997,21335,20639,4585
249,12.884,11369,7117,22090,20748,4252
250,12.935,10378,6955,20874,20615,3423
251,12.987,10292,7009,20376,20615,3283
252,13.039,10756,7105,21804,21019,3651
253,13.091,11249,7039,20497,20862,4210
254,13.142,11209,6871,20974,21164,4338
255,13.194,10652,7045,21605,20772,3607
256,13.246,11183,6859,22742,20513,4324
257,13.298,11620,6955,21121,20706,4665
258,13.349,10733,7009,20568,20742,3724
259,13.401,11261,6973,20552,20537,4288
260,13.453,10745,7021,21694,20724,3724
261,13.505,9628,7051,20842,20862,2577
262,13.556,10063,6919,20517,20525,3144
263,13.608,11645,6907,20998,20965,4738
264,13.66,10279,6871,22122,20983,3408
265,13.712,10087,6925,21278,20645,3162
266,13.763,11015,6697,19025,20712,4318
267,13.815,9562,6901,20198,20748,2661
268,13.867,9837,6985,19785,20621,2852
269,13.919,10367,7099,20269,20688,3268
270,13.97,10209,6757,20846,20989,3452
271,14.022,11074,6973,20773,20880,4101
272,14.074,9810,6865,19808,21073,2945
273,14.126,9599,7009,21352,20682,2590
274,14.177,9042,6733,20140,20639,2309
275,14.229,8855,6919,20534,20223,1936
276,14.281,9967,6973,21692,20549,2994
277,14.333,12159,7051,20925,21007,5108
278,14.384,9122,6967,19788,20971,2155
279,14.436,9842,6889,21820,20537,2953
280,14.488,10893,7105,20465,20718,3788
281,14.54,10577,7075,21238,20874,3502
282,14.591,9273,7075,21067,20742,2198
283,14.643,10464,6955,21608,20844,3509
284,14.695,10937,6877,20166,20899,4060
285,14.746,10159,6841,21515,21007,3318
286,14.798,7937,6853,21666,20826,1084
287,14.85,6919,6594,20897,20543,325
288,14.902,7209,6516,21674,20977,693
289,14.953,6556,6648,20577,20350,-92
290,15.005,6016,6504,21483,20959,-488
291,15.057,6452,6636,20698,21085,-184
292,15.109,7001,6522,20673,20754,479
293,15.16,7055,6618,21232,20477,437
294,15.212,7183,6763,21070,20923,420
295,15.264,7562,6630,19903,20724,932
296,15.316,7818,6600,21225,20899,1218
297,15.367,6412,6624,21364,20495,-212
298,15.419,7373,6690,20813,21085,683
299,15.471,7021,6727,22193,20663,294
300,15.523,7467,6600,22589,20471,867
301,15.574,6312,6588,22012,21091,-276
302,15.626,7055,6570,21052,20392,485
303,15.678,6431,6721,20804,20923,-290
304,15.73,6852,6703,20910,21049,149
305,15.781,6689,6486,21079,20832,203
306,15.833,6735,6624,21612,20645,111
307,15.885,7550,6618,20152,20892,932
308,15.937,6781,6522,22193,20682,259
309,15.988,7301,6690,22125,20868,611
310,16.04,6551,6414,20676,20682,137
311,16.092,6815,6721,21363,20892,94
312,16.144,6746,6805,21949,21254,-59
313,16.195,6319,6600,20778,20651,-281
314,16.247,7253,6600,21428,20832,653
315,16.299,6764,6612,21584,21091,152
316,16.35,6832,6757,21297,20639,75
317,16.402,8609,6817,21052,20742,1792
318,16.454,11662,6877,20121,20923,4785
319,16.506,11137,6997,20076,21230,4140
320,16.557,11201,6769,21149,21176,4432
321,16.609,11123,6997,20597,20627,4126
322,16.661,12508,6997,20767,20971,5511
323,16.713,11077,6919,18162,20591,4158
324,16.764,9412,6582,20260,20597,2830
325,16.816,8242,6823,20719,20808,1419
326,16.868,8434,6781,22003,20663,1653
327,16.92,6874,6516,21983,20923,358
328,16.971,8352,6721,20925,20772,1631
329,17.023,8336,6775,21835,20579,1561
330,17.075,8404,6522,18563,20905,1882
331,17.127,9652,6709,21081,20694,2943
332,17.178,8319,6588,20516,20965,1731
333,17.23,9057,6660,19614,20790,2397
334,17.282,8945,6751,21233,21061,2194
335,17.334,8001,6678,21151,20886,1323
336,17.385,7928,6793,20440,21067,1135
337,17.437,8349,6745,20314,20338,1604
338,17.489,8163,6757,20310,20663,1406
339,17.541,7841,6709,21321,21001,1132
340,17.592,7475,6606,19777,20947,869
341,17.644,8314,6967,20856,20477,1347
342,17.696,8316,6739,21022,20712,1577
343,17.748,8695,6877,21282,20754,1818
344,17.799,7409,6703,20786,20736,706
345,17.851,8226,6564,21577,20826,1662
346,17.903,8004,6883,21226,20543,1121
347,17.954,8587,6739,20231,20718,1848
348,18.006,9110,6847,20846,20694,2263
349,18.058,9128,6793,20348,20874,2335
350,18.11,8122,6709,21179,20718,1413
351,18.161,7422,6624,22065,20446,798
352,18.213,8952,6757,22601,20627,2195
353,18.265,10375,6877,20685,20688,3498
354,18.317,10078,6913,21609,20700,3165
355,18.368,11672,6919,20940,20332,4753
356,18.42,10193,6913,22526,20712,3280
357,18.472,10965,6883,21051,21134,4082
358,18.524,10240,6919,21068,20561,3321
359,18.575,10494,6859,19912,20645,3635
360,18.627,9684,6955,20673,20663,2729
361,18.679,9370,6925,19787,20760,2445
362,18.731,6590,6474,21338,21049,116
363,18.782,6929,6510,21277,20507,419
364,18.834,7041,6624,20189,20675,417
365,18.886,7644,6660,21824,20657,984
366,18.938,7268,6733,19439,20627,535
367,18.989,6283,6660,20038,20519,-377
368,19.041,6766,6540,21135,20790,226
369,19.093,11068,6775,20476,20682,4293
370,19.145,10078,6979,21025,20688,3099
371,19.196,10537,6859,20114,20929,3678
372,19.248,10329,7063,21378,20838,3266
373,19.3,10297,6847,20837,21200,3450
374,19.352,9764,6925,21742,20404,2839
375,19.403,8833,6811,20537,20868,2022
376,19.455,8359,6775,19195,20748,1584
377,19.507,10366,7219,20313,20965,3147
378,19.558,9833,6901,20718,20694,2932
379,19.61,8803,6907,21587,20440,1896
380,19.662,9716,7003,20640,20465,2713
381,19.714,10438,6925,21217,21025,3513
382,19.765,10151,6829,20734,20790,3322
383,19.817,10069,6594,20629,20579,3475
384,19.869,9242,6781,19612,20688,2461
385,19.921,8077,6925,21040,20579,1152
386,19.972,9944,6841,20967,20977,3103
387,20.024,12077,6991,21276,20591,5086
388,20.076,11023,6907,21966,20675,4116
389,20.128,10533,6955,20604,20639,3578
390,20.179,10901,6925,21922,20965,3976
391,20.231,10844,6901,21999,20706,3943
392,20.283,7014,6552,19422,20832,462
393,20.335,7114,6703,21128,20983,411
394,20.386,6968,6618,22502,20477,350
395,20.438,6801,6618,21043,21013,183
396,20.49,6573,6564,19666,20621,9
397,20.542,7266,6582,21103,20832,684
398,20.593,6978,6594,19718,20802,384
399,20.645,6878,6606,20657,20621,272
400,20.697,6380,6558,19866,20766,-178
401,20.749,7085,6697,20648,20477,388
402,20.8,6584,6564,20762,20844,20
403,20.852,7057,6985,21203,20808,72
404,20.904,6636,6600,21235,21007,36
405,20.956,7303,6624,20139,20651,679
406,21.007,6184,6582,20732,20525,-398
407,21.059,6536,6630,21266,20959,-94
408,21.111,6997,6648,20371,20754,349
409,21.162,6570,6564,19455,20669,6
410,21.214,6789,6456,22059,20446,333
411,21.266,6064,6450,21627,21067,-386
412,21.318,6881,6678,20798,21001,203
413,21.369,6624,6624,22979,20615,0
414,21.421,6515,6697,21531,20905,-182
415,21.473,6817,6516,20165,20513,301
416,21.525,6610,6612,21936,20754,-2
417,21.576,6233,6516,21026,21097,-283
418,21.628,6440,6630,22582,21049,-190
419,21.68,6255,6715,21667,20627,-460
420,21.732,6816,6751,20421,20700,65
421,21.783,6799,6360,21094,20772,439
422,21.835,6668,6450,21530,20838,218
423,21.887,7146,6498,21190,20471,648
424,21.939,6455,6606,21337,20645,-151
425,21.99,6357,6642,19715,20917,-285
426,22.042,6981,6540,21376,20585,441
427,22.094,7114,6606,21318,20603,508
428,22.146,6988,6594,21058,20410,394
429,22.197,6888,6769,20009,20688,119
430,22.249,6204,6642,21010,20941,-438
431,22.301,6914,6715,20364,20971,199
432,22.353,6834,6564,20686,20730,270
433,22.404,6628,6763,20120,20700,-135
434,22.456,6639,6697,21265,20820,-58
435,22.508,6036,6709,22218,20778,-673
436,22.56,6929,6600,19337,20657,329
437,22.611,6503,6666,20769,20772,-163
438,22.663,6938,6612,20437,20591,326
439,22.715,6596,6612,20425,20712,-16
440,22.766,6589,6672,21854,20983,-83
441,22.818,7205,6570,20859,20766,635
442,22.87,7123,6757,20578,20766,366
443,22.922,6198,6648,20957,20911,-450
444,22.973,6751,6564,21791,20989,187
445,23.025,6501,6618,21122,21019,-117
446,23.077,7146,6588,20906,20754,558
447,23.129,8049,6697,20956,20404,1352
448,23.18,10149,6859,20085,20947,3290
449,23.232,8979,6859,20670,20868,2120
450,23.284,9737,6871,22006,20742,2866
451,23.336,11356,6865,19991,21007,4491
452,23.387,9411,6853,20145,20911,2558
453,23.439,7065,6588,20963,20796,477
454,23.491,6315,6606,19614,20531,-291
455,23.543,7015,6660,23097,20784,355
456,23.594,7047,6630,21492,20621,417
457,23.646,6647,6510,20840,21025,137
458,23.698,6590,6733,21141,20428,-143
459,23.75,6633,6606,20649,20657,27
460,23.801,7086,6540,20320,21248,546
461,23.853,7147,6558,20784,20669,589
462,23.905,7005,6576,21454,20350,429
463,23.957,10388,6937,20438,20947,3451
464,24.008,9608,6865,19275,20736,2743
465,24.06,9690,6672,21443,20892,3018
466,24.112,9628,6775,20358,20965,2853
467,24.164,9992,6955,21742,21049,3037
468,24.215,9506,6925,19430,20736,2581
469,24.267,8122,6787,20121,20700,1335
470,24.319,7959,6709,20847,20754,1250
471,24.37,9375,6955,21371,20471,2420
472,24.422,9759,6901,21567,20899,2858
473,24.474,10204,6865,21120,20724,3339
474,24.526,10349,6973,20462,20573,3376
475,24.577,9858,6763,20811,20669,3095
476,24.629,9842,6811,21328,20778,3031
477,24.681,10435,6817,21108,21103,3618
478,24.733,9977,6697,19352,20694,3280
479,24.784,10592,6829,20703,20784,3763
480,24.836,9593,6739,21892,21049,2854
481,24.888,12148,6895,20338,20531,5253
482,24.94,9694,6883,20881,20700,2811
483,24.991,10765,6961,21319,20947,3804
484,25.043,10720,6973,20284,20814,3747
485,25.095,10994,6811,20936,20796,4183
486,25.147,11183,6859,20462,20700,4324
487,25.198,10385,6883,20609,20675,3502
488,25.25,10126,6907,20904,20567,3219
489,25.302,9844,6913,20538,20826,2931
490,25.354,10084,6859,21037,21061,3225
491,25.405,10420,6823,20340,20537,3597
492,25.457,9923,6895,21936,20832,3028
493,25.509,11153,6871,22094,20579,4282
494,25.561,10548,6883,19856,20694,3665
495,25.612,10733,6775,20628,20814,3958
496,25.664,11215,6961,20671,21007,4254
497,25.716,9878,6889,21879,21067,2989
498,25.768,9711,6805,20138,20682,2906
499,25.819,10480,6847,21014,20862,3633
500,25.871,10128,6871,20171,20495,3257
501,25.923,9849,6835,20426,20772,3014
502,25.974,11263,6883,20127,20917,4380
503,26.026,9241,6841,20823,20826,2400
504,26.078,12515,6811,19840,20808,5704
505,26.13,11130,6991,20142,20838,4139
506,26.181,11444,7081,22920,20929,4363
507,26.233,11425,7033,20629,21007,4392
508,26.285,9728,7129,21096,20880,2599
509,26.337,11487,6907,22007,21122,4580
510,26.388,10779,7051,19990,20489,3728
511,26.44,11423,6949,20402,20880,4474
512,26.492,11550,6901,20465,20724,4649
513,26.544,9270,6811,21609,20736,2459
514,26.595,9745,6865,20962,20452,2880
515,26.647,9682,6811,22280,20730,2871
516,26.699,9477,6793,20973,20633,2684
517,26.751,10985,6937,19840,20561,4048
518,26.802,10358,6835,20091,20688,3523
519,26.854,10612,6805,21277,21363,3807
520,26.906,10236,6901,21035,20899,3335
521,26.958,8977,6709,21467,21079,2268
522,27.009,6557,6612,20607,20929,-55
523,27.061,8548,6769,21619,20404,1779
524,27.113,9692,7015,20384,20657,2677
525,27.165,10276,6955,21833,20477,3321
526,27.216,10276,6799,20082,20947,3477
527,27.268,9353,6913,19614,20844,2440
528,27.32,10978,6865,21631,20784,4113
529,27.372,11057,6877,20534,21109,4180
530,27.423,9820,6901,21102,20802,2919
531,27.475,10002,6901,20838,20886,3101
532,27.527,9535,6943,20097,21049,2592
533,27.578,10370,6949,21023,20971,3421
534,27.63,11017,6907,22352,20917,4110
535,27.682,10645,6757,20410,20724,3888
536,27.734,10070,6865,20601,20874,3205
537,27.785,8652,6895,20381,20874,1757
538,27.837,9800,6967,20539,21025,2833
539,27.889,10023,6907,20686,21194,3116
540,27.941,10458,6811,21183,20748,3647
541,27.992,11209,6883,20365,20796,4326
542,28.044,10178,6937,20071,21031,3241
543,28.096,11033,6594,21660,21188,4439
544,28.148,8226,6606,20415,20543,1620
545,28.199,10863,6913,19272,20531,3950
546,28.251,10466,6901,20354,20814,3565
547,28.303,11073,6871,21366,20736,4202
548,28.355,10527,6811,19503,20657,3716
549,28.406,9434,6919,19710,20899,2515
550,28.458,10260,6811,21379,20609,3449
551,28.51,9953,6889,20725,21061,3064
552,28.562,10163,6943,20441,21043,3220
553,28.613,10301,6745,20926,20995,3556
554,28.665,10170,6781,21132,20814,3389
555,28.717,9625,6913,22375,21116,2712
556,28.769,10843,6961,20185,20754,3882
557,28.82,9198,7081,19379,20971,2117
558,28.872,10390,7045,21430,20603,3345
559,28.924,9601,6961,20286,20772,2640
560,28.976,10476,6919,21848,20983,3557
561,29.027,10726,6943,22132,20989,3783
562,29.079,10533,6775,21665,20899,3758
563,29.131,9948,6997,21986,20832,2951
564,29.182,9586,6991,20280,21242,2595
565,29.234,9843,7051,21223,20513,2792
566,29.286,10880,6865,20661,20917,4015
567,29.338,10283,6745,21898,20639,3538
568,29.389,10310,6991,20757,20778,3319
569,29.441,11257,7045,21641,20682,4212
570,29.493,10337,6931,21560,21013,3406
571,29.545,10393,6997,20012,20772,3396
572,29.596,9782,6979,20683,20784,2803
573,29.648,10285,6829,20199,21103,3456
574,29.7,10530,6763,20130,20880,3767
575,29.752,10565,6907,21238,20874,3658
576,29.803,10412,6877,20978,20959,3535
577,29.855,10163,6805,20675,20356,3358
578,29.907,9023,6769,20357,20700,2254
579,29.959,9943,6913,20389,20760,3030
580,30.01,10464,6697,21728,20826,3767
581,30.062,9408,6727,20592,20778,2681
582,30.114,8794,6751,21140,20458,2043
583,30.166,6633,6690,21367,20519,-57
584,30.217,9437,6751,20890,20489,2686
585,30.269,9372,6859,20207,20832,2513
586,30.321,9956,6763,21775,20724,3193
587,30.373,10270,6871,20975,20669,3399
588,30.424,10763,6823,22522,20742,3940
589,30.476,11429,7039,20930,20712,4390
590,30.528,10604,6913,20680,20838,3691
591,30.58,8903,6889,21464,20694,2014
592,30.631,8996,6841,22689,20615,2155
593,30.683,9390,6835,21844,21212,2555
594,30.735,10874,6817,21017,20995,4057
595,30.786,10463,7045,20072,20814,3418
596,30.838,10956,6727,22005,20501,4229
597,30.89,10857,7039,21669,20947,3818
598,30.942,10202,6715,21766,20446,3487
599,30.993,10641,6991,21142,20784,3650
600,31.045,10806,6829,20934,20911,3977
601,31.097,10219,6871,21895,20615,3348
602,31.149,11965,6997,20845,20657,4968
603,31.2,9993,6787,21285,20886,3206
604,31.252,9560,6751,20484,20688,2809
605,31.304,9959,6805,20108,20730,3154
606,31.356,11096,6781,20797,20784,4315
607,31.407,11236,6931,21137,20446,4305
608,31.459,10402,6847,20383,20591,3555
609,31.511,10611,6805,21716,20796,3806
610,31.563,11500,6985,21323,20917,4515
611,31.614,9809,6907,19785,20531,2902
612,31.666,9237,6678,21995,20284,2559
613,31.718,10251,6805,21618,20694,3446
614,31.77,11182,6889,20968,20471,4293
615,31.821,11294,6594,20510,20760,4700
616,31.873,11283,6721,21073,20296,4562
617,31.925,10982,6919,20274,20549,4063
618,31.977,10584,6985,20345,20537,3599
619,32.028,9688,6937,20951,20615,2751
620,32.08,8761,6793,20307,20911,1968
621,32.132,9954,6847,21655,20651,3107
622,32.184,7514,6823,22397,20452,691
623,32.235,10623,6799,21580,20959,3824
624,32.287,11569,6943,20498,20682,4626
625,32.339,9148,6763,20900,20314,2385
626,32.39,9872,6727,19859,20645,3145
627,32.442,10787,6913,21594,20567,3874
628,32.494,11255,6745,22371,20766,4510
629,32.546,10027,6847,19791,20591,3180
630,32.597,7629,6552,21529,20700,1077
631,32.649,10592,6907,20820,20808,3685
632,32.701,6527,6624,19478,20718,-97
633,32.753,6805,6432,22257,20814,373
634,32.804,6632,6426,21259,20609,206
635,32.856,6767,6564,21435,20302,203
636,32.908,6586,6444,21020,20597,142
637,32.96,6591,6372,21421,20688,219
638,33.011,7226,6534,20817,20495,692
639,33.063,6873,6564,22369,20880,309
640,33.115,7218,6480,20064,20537,738
641,33.167,6532,6606,20699,20573,-74
642,33.218,6276,6606,20102,20344,-330
643,33.27,5715,6540,21789,20929,-825
644,33.322,6727,6793,20938,20772,-66
645,33.374,6889,6636,22413,20422,253
646,33.425,6303,6594,20504,20597,-291
647,33.477,6003,6528,21943,20947,-525
648,33.529,6963,6630,21832,20730,333
649,33.581,7010,6546,21670,20452,464
650,33.632,7073,6624,23116,20657,449
651,33.684,6598,6528,20113,20682,70
652,33.736,6643,6558,21428,20627,85
653,33.788,6891,6432,21438,20838,459
654,33.839,6461,6642,20262,20651,-181
655,33.891,7261,6630,20555,21079,631
656,33.943,7252,6492,21816,20959,760
657,33.994,6055,6606,21645,20567,-551
658,34.046,6879,6480,21912,20886,399
659,34.098,6179,6534,21047,20850,-355
660,34.15,6640,6516,22622,20748,124
661,34.201,7094,6468,21080,20549,626
662,34.253,6596,6504,20687,20675,92
663,34.305,6849,6540,21377,21031,309
664,34.357,7116,6456,20174,20639,660
665,34.408,7337,6630,20615,20392,707
666,34.46,6653,6366,21583,21242,287
667,34.512,7217,6540,21296,20899,677
668,34.564,7029,6480,21279,20850,549
669,34.615,6927,6769,21872,20718,158
670,34.667,7486,6630,20308,20579,856
671,34.719,7244,6606,19906,20657,638
672,34.771,6948,6570,21873,20880,378
673,34.822,7404,6360,20563,20796,1044
674,34.874,6578,6504,21166,20808,74
675,34.926,6572,6474,22289,20440,98
676,34.978,6369,6468,22824,20525,-99
677,35.029,6970,6516,21398,20609,454
678,35.081,6259,6600,21354,20706,-341
679,35.133,6376,6528,21715,20483,-152
680,35.185,6018,6510,21979,20718,-492
681,35.236,6897,6552,20825,20609,345
682,35.288,6872,6468,20063,20434,404
683,35.34,6796,6492,23518,20844,304
684,35.392,7271,6336,21262,20790,935
685,35.443,6768,6426,20631,20736,342
686,35.495,6326,6552,20418,20832,-226
687,35.547,6711,6570,20350,20868,141
688,35.598,7440,6576,21344,21031,864
689,35.65,7718,6684,20867,20694,1034
690,35.702,6653,6588,21239,20736,65
691,35.754,6871,6600,20887,20609,271
692,35.805,6713,6396,21451,20561,317
693,35.857,7099,6552,20769,20633,547
694,35.909,6299,6666,20468,20718,-367
695,35.961,6519,6402,20551,20591,117
696,36.012,7447,6642,21841,20844,805
697,36.064,7014,6468,21375,20657,546
698,36.116,6771,6516,21457,20682,255
699,36.168,7201,6739,20422,20477,462
700,36.219,6466,6558,21065,20742,-92
701,36.271,6759,6576,21403,20790,183
702,36.323,6887,6612,20312,20899,275
703,36.375,6632,6642,21454,20284,-10
704,36.426,6981,6468,22721,20682,513
705,36.478,7097,6624,22401,20784,473
706,36.53,6725,6600,21147,20899,125
707,36.582,6851,6630,21414,21031,221
708,36.633,6088,6600,20325,20748,-512
709,36.685,6294,6630,22011,21188,-336
710,36.737,6373,6534,20089,21073,-161
711,36.789,6304,6697,21047,20874,-393
712,36.84,7083,6504,21286,20784,579
713,36.892,6507,6654,20830,20983,-147
714,36.944,6915,6486,21414,20380,429
715,36.996,7017,6630,21217,20790,387
716,37.047,6860,6721,21570,20513,139
717,37.099,7175,6546,22055,20651,629
718,37.151,6313,6660,21227,20971,-347
719,37.202,7070,6564,20927,20838,506
720,37.254,6920,6606,19895,20651,314
721,37.306,6489,6522,19830,20874,-33
722,37.358,6609,6408,19434,20712,201
723,37.409,6788,6600,20142,20856,188
724,37.461,6645,6648,20747,20633,-3
725,37.513,7423,6534,21306,21194,889
726,37.565,7272,6498,21424,20736,774
727,37.616,6381,6480,20849,20688,-99
728,37.668,6984,6438,21648,20404,546
729,37.72,6751,6582,21471,20302,169
730,37.772,6748,6408,20364,20651,340
731,37.823,6103,6504,19562,20682,-401
732,37.875,6906,6660,19950,20730,246
733,37.927,8436,6582,20814,20603,1854
734,37.979,8865,6648,21893,21001,2217
735,38.03,6835,6492,19541,20784,343
736,38.082,6421,6558,20727,20501,-137
737,38.134,6735,6697,20719,20700,38
738,38.186,6707,6684,21838,20905,23
739,38.237,6749,6642,21971,21031,107
740,38.289,6818,6841,20199,20892,-23
741,38.341,7248,6522,20930,20826,726
742,38.393,6415,6715,20452,20947,-300
743,38.444,6223,6636,20929,20868,-413
744,38.496,6711,6684,20066,20688,27
745,38.548,6885,6582,20670,20820,303
746,38.6,7261,6745,20134,20416,516
747,38.651,6312,6516,21251,20471,-204
748,38.703,7547,6703,20985,20730,844
749,38.755,6545,6480,20706,21037,65
750,38.806,6657,6438,21346,20700,219
751,38.858,6879,6600,21646,20941,279
752,38.91,6766,6486,20275,20537,280
753,38.962,6461,6504,20201,20682,-43
754,39.013,6591,6492,21955,20844,99
755,39.065,6299,6456,20827,20886,-157
756,39.117,6486,6462,22565,20724,24
757,39.169,7090,6414,20209,20790,676
758,39.22,6239,6372,21216,20730,-133
759,39.272,6397,6564,22444,20700,-167
760,39.324,6032,6534,21194,20814,-502
761,39.376,7465,6492,20689,20392,973
762,39.427,6655,6727,21363,20694,-72
763,39.479,6711,6684,20247,20669,27
764,39.531,6688,6420,21196,20754,268
765,39.583,6854,6474,21694,20760,380
766,39.634,6890,6510,22028,20603,380
767,39.686,7484,6558,21031,20591,926
768,39.738,6584,6492,21386,20766,92
769,39.79,6681,6546,21823,20525,135
770,39.841,6422,6654,19977,21134,-232
771,39.893,6206,6444,20981,20597,-238
772,39.945,6520,6504,21936,20525,16
773,39.997,6801,6606,21486,20712,195
774,40.048,6800,6618,20170,20736,182
775,40.1,6990,6570,22335,21109,420
776,40.152,7166,6516,20754,20669,650
777,40.204,6319,6612,21803,20748,-293
778,40.255,6778,6390,21453,20471,388
779,40.307,7311,6510,21199,20790,801
780,40.359,6323,6438,22865,20669,-115
781,40.41,6644,6378,21708,20911,266
782,40.462,7049,6552,20870,20917,497
783,40.514,7017,6552,21141,20621,465
784,40.566,6837,6618,20919,20657,219
785,40.617,6101,6522,20698,20802,-421
786,40.669,6703,6588,21291,20772,115
787,40.721,6592,6420,20641,20917,172
788,40.773,7864,6576,19865,20507,1288
789,40.824,6332,6600,21737,20880,-268
790,40.876,7066,6570,20305,20669,496
791,40.928,6942,6811,21250,20531,131
792,40.98,7148,6516,20872,20633,632
793,41.031,7122,6516,21955,20651,606
794,41.083,7402,6498,20768,20694,904
795,41.135,6590,6540,21963,20742,50
796,41.187,6284,6552,21989,20953,-268
797,41.238,7244,6666,20791,20802,578
798,41.29,6992,6582,21386,20531,410
799,41.342,9590,6636,21481,20911,2954
800,41.394,10877,6853,20469,20886,4024
801,41.445,10871,6648,21831,21049,4223
802,41.497,10454,7147,19822,20989,3307
803,41.549,11476,6889,21709,20675,4587
804,41.601,10931,6889,19406,20471,4042
805,41.652,12036,7003,19666,20736,5033
806,41.704,10193,6636,21164,20748,3557
807,41.756,6616,6769,20447,20802,-153
808,41.808,6668,6690,21664,20724,-22
809,41.859,7218,6480,21857,20880,738
810,41.911,7450,6612,22020,20639,838
811,41.963,7388,6534,21186,20911,854
812,42.015,6471,6570,20626,20947,-99
813,42.066,6687,6456,20754,20477,231
814,42.118,7100,6534,21751,20760,566
815,42.17,6316,6498,20895,20965,-182
816,42.221,6827,6534,20859,20706,293
817,42.273,6442,6504,21135,20712,-62
818,42.325,7234,6498,20738,20905,736
819,42.377,5930,6366,19531,20718,-436
820,42.428,5756,6456,21054,20868,-700
821,42.48,6945,6540,21270,20911,405
822,42.532,6961,6480,21901,20935,481
823,42.584,6525,6697,20651,20669,-172
824,42.635,6825,6474,20104,20844,351
825,42.687,6578,6636,20741,20591,-58
826,42.739,6585,6648,21824,20748,-63
827,42.791,6604,6408,20879,20597,196
828,42.842,6542,6678,20604,20754,-136
829,42.894,6842,6606,21073,20766,236
830,42.946,6620,6540,20977,20983,80
831,42.998,6594,6618,21506,20760,-24
832,43.049,6815,6582,20543,20971,233
833,43.101,6636,6600,20727,21170,36
834,43.153,6532,6492,21824,20700,40
835,43.205,6307,6612,20701,20495,-305
836,43.256,6859,6672,21952,20700,187
837,43.308,6985,6510,21060,20814,475
838,43.36,6942,6576,20566,21116,366
839,43.412,6061,6715,20607,20585,-654
840,43.463,6389,6727,20374,20555,-338
841,43.515,7419,6690,20242,20941,729
842,43.567,7043,6648,19715,20832,395
843,43.619,7248,6546,21309,20748,702
844,43.67,6672,6534,20827,20838,138
845,43.722,6072,6588,20877,20850,-516
846,43.774,6749,6612,20098,20724,137
847,43.825,6309,6468,20787,20947,-159
848,43.877,6610,6588,21594,21037,22
849,43.929,6783,6606,19983,20633,177
850,43.981,7266,6588,21362,20820,678
851,44.032,6614,6763,20740,21091,-149
852,44.084,6471,6763,21886,20838,-292
853,44.136,6499,6636,21152,21152,-137
854,44.188,7281,6660,21621,21170,621
855,44.239,7298,6769,21812,20796,529
856,44.291,7453,6570,20649,21109,883
857,44.343,6918,6480,22450,20850,438
858,44.395,7376,6745,20431,20694,631
859,44.446,6879,6600,20981,20820,279
860,44.498,6807,6558,21095,20724,249
861,44.55,6993,6558,21306,20790,435
862,44.602,6530,6612,19970,20700,-82
863,44.653,6167,6468,20253,20820,-301
864,44.705,6383,6684,20857,20772,-301
865,44.757,6282,6498,21375,20953,-216
866,44.809,6802,6678,20965,20965,124
867,44.86,7075,6522,21244,20181,553
868,44.912,6160,6522,21665,20621,-362
869,44.964,6566,6618,20459,20434,-52
870,45.016,6590,6576,19477,20899,14
871,45.067,6838,6630,20658,20706,208
872,45.119,6270,6678,20806,20718,-408
873,45.171,7162,6618,19810,21176,544
874,45.223,6254,6582,21423,20591,-328
875,45.274,6867,6564,20385,20519,303
876,45.326,6807,6612,21132,20941,195
877,45.378,6611,6660,21622,20748,-49
878,45.429,6635,6727,20580,20929,-92
879,45.481,6472,6883,20358,20856,-411
880,45.533,6450,6528,20974,21079,-78
881,45.585,7192,6666,21614,20971,526
882,45.636,6652,6516,20432,20669,136
883,45.688,6617,6751,21041,20609,-134
884,45.74,6723,6522,21002,20808,201
885,45.792,6589,6384,21055,20639,205
886,45.843,6509,6684,21063,20675,-175
887,45.895,6656,6733,20384,20748,-77
888,45.947,6760,6703,20896,20742,57
889,45.999,6238,6751,20511,20579,-513
890,46.05,6585,6733,20959,20718,-148
891,46.102,6368,6648,21736,20874,-280
892,46.154,6748,6450,20915,20905,298
893,46.206,6447,6763,20931,20748,-316
894,46.257,6580,6570,20800,20917,10
895,46.309,7268,6727,21780,20886,541
896,46.361,6797,6805,20329,20886,-8
897,46.413,6571,6648,20629,21164,-77
898,46.464,6615,6564,21097,21019,51
899,46.516,6586,6648,21607,20923,-62
900,46.568,6489,6594,20337,20814,-105
901,46.62,7002,6721,21031,20989,281
902,46.671,7401,6697,20775,20458,704
903,46.723,6903,6582,21168,20700,321
904,46.775,7061,6570,21118,20688,491
905,46.827,7153,6588,20588,20856,565
906,46.878,6736,6480,20958,20669,256
907,46.93,6720,6690,21396,20880,30
908,46.982,6760,6600,21545,20874,160
909,47.033,6996,6654,20425,20808,342
910,47.085,6362,6793,21473,21134,-431
911,47.137,6913,6606,20930,20639,307
912,47.189,6432,6558,21183,21091,-126
913,47.24,6291,6618,21367,20917,-327
914,47.292,6530,6498,20731,21001,32
915,47.344,6581,6588,21137,20796,-7
916,47.396,6450,6414,20931,20633,36
917,47.447,7033,6624,20068,20736,409
918,47.499,6803,6576,21079,20778,227
919,47.551,7116,6570,22009,20784,546
920,47.603,7105,6642,21150,20796,463
921,47.654,6944,6829,21732,20633,115
922,47.706,6211,6546,20067,20627,-335
923,47.758,6706,6606,22510,20639,100
924,47.81,6831,6594,20593,21067,237
925,47.861,7255,6612,19503,20989,643
926,47.913,6618,6684,20940,20838,-66
927,47.965,6429,6642,21583,20802,-213
928,48.017,7250,6570,20048,20633,680
929,48.068,6278,6552,20159,20778,-274
930,48.12,6610,6384,20976,20621,226
931,48.172,7520,6522,20747,20911,998
932,48.224,9499,6703,21933,20555,2796
933,48.275,9632,6678,21292,21031,2954
934,48.327,9601,6672,21061,20537,2929
935,48.379,10357,6781,21038,20591,3576
936,48.431,9172,6715,21428,20700,2457
937,48.482,10520,6811,22187,20657,3709
938,48.534,9470,6648,21783,20669,2822
939,48.586,10903,6841,21083,20742,4062
940,48.637,9686,6733,20610,20760,2953
941,48.689,9234,6931,21291,20772,2303
942,48.741,9887,6835,22394,20386,3052
943,48.793,10270,6865,21306,20730,3405
944,48.844,9535,6823,21057,20573,2712
945,48.896,6170,6684,20831,20609,-514
946,48.948,6957,6672,21405,20820,285
947,49.0,6693,6642,20931,20760,51
948,49.051,6832,6360,21384,20911,472
949,49.103,6542,6492,20896,20790,50
950,49.155,6320,6582,20210,20971,-262
951,49.207,7172,6552,21177,20754,620
952,49.258,6527,6799,21354,20856,-272
953,49.31,6941,6594,21247,20923,347
954,49.362,7453,6787,21185,20959,666
955,49.414,8151,7051,20347,20808,1100
956,49.465,9155,6841,21520,20899,2314
957,49.517,10139,7063,21256,20742,3076
958,49.569,10021,7003,22526,20573,3018
959,49.621,7761,6865,21688,21049,896
960,49.672,7204,6727,22207,20868,477
961,49.724,7906,6751,20416,20675,1155
962,49.776,6966,6666,20268,20525,300
963,49.828,6759,6480,20341,20688,279
964,49.879,6568,6757,22353,20820,-189
965,49.931,6836,6516,21287,20561,320
966,49.983,6900,6534,20981,20555,366
967,50.035,6678,6552,20952,20513,126
968,50.086,6084,6600,20171,20645,-516
969,50.138,6778,6612,20550,21037,166
970,50.19,7023,6961,22807,20645,62
971,50.241,7158,6618,21623,21073,540
972,50.293,9533,6979,20565,20621,2554
973,50.345,9521,6799,21350,20790,2722
974,50.397,7290,6775,21369,20778,515
975,50.448,6836,6576,19774,21158,260
976,50.5,7270,6703,21896,21013,567
977,50.552,7272,6636,20549,20959,636
978,50.604,6451,6624,21207,20724,-173
979,50.655,6493,6678,22764,20458,-185
980,50.707,6470,6672,20142,20905,-202
981,50.759,6923,6630,21163,20416,293
982,50.811,6297,6504,20449,21164,-207
983,50.862,6977,6552,20950,20706,425
984,50.914,6111,6588,23359,20923,-477
985,50.966,6957,6612,21021,20669,345
986,51.018,6843,6372,21937,21103,471
987,51.069,6265,6678,19942,20814,-413
988,51.121,7220,6600,21184,20718,620
989,51.173,7357,6582,22274,20983,775
990,51.225,7448,6528,20974,20808,920
991,51.276,7554,6703,21240,20760,851
992,51.328,6610,6654,21204,21254,-44
993,51.38,6907,6775,20616,20989,132
994,51.432,6759,6672,22722,20446,87
995,51.483,6715,6733,19985,20712,-18
996,51.535,6964,6678,21630,21091,286
997,51.587,7020,6612,21197,20706,408
998,51.639,6646,6606,21695,20730,40
999,51.69,7002,6684,23064,20718,318
