frame,Time [s],CH1,BGND1,CH2,BGND2,intensity
0,0.0,7744,8036,27459,28548,-292
1,0.052,7843,7969,29506,28963,-126
2,0.103,8640,7975,27935,28758,665
3,0.155,8327,7896,28698,29131,431
4,0.207,7907,7853,29104,29089,54
5,0.259,7902,7963,28811,28951,-61
6,0.31,7627,8090,28599,28746,-463
7,0.362,7642,8206,28841,28867,-564
8,0.414,8091,7792,28994,28891,299
9,0.466,8017,8333,27719,28933,-316
10,0.517,7487,7750,30330,28728,-263
11,0.569,8278,7950,28185,28488,328
12,0.621,6867,8066,28815,28969,-1199
13,0.673,8723,7805,28828,29101,918
14,0.724,7458,7987,31105,28975,-529
15,0.776,7766,7920,30625,28704,-154
16,0.828,7460,7859,28648,28578,-399
17,0.88,8091,7774,26480,28921,317
18,0.931,7553,7938,29814,28391,-385
19,0.983,8141,7817,29552,28289,324
20,1.035,8065,7969,28455,28536,96
21,1.087,8097,7865,31171,28488,232
22,1.138,7492,7896,29198,28806,-404
23,1.19,7944,7981,29278,28945,-37
24,1.242,7563,7908,28375,29192,-345
25,1.294,7782,8181,28815,28644,-399
26,1.345,7784,7859,27672,28650,-75
27,1.397,7277,7993,28722,28692,-716
28,1.449,7777,7878,27624,29143,-101
29,1.501,7331,7963,29559,28825,-632
30,1.552,7430,7896,28507,28921,-466
31,1.604,7870,8060,28386,28752,-190
32,1.656,7764,7786,28490,28993,-22
33,1.707,8175,7835,30603,28770,340
34,1.759,7306,7999,28818,28825,-693
35,1.811,7936,7999,28226,28975,-63
36,1.863,7503,7890,26937,28572,-387
37,1.914,7326,7908,28164,28307,-582
38,1.966,8474,7938,29172,28861,536
39,2.018,8764,8036,29130,28987,728
40,2.07,7708,7963,28795,28746,-255
41,2.121,8058,7659,27811,28644,399
42,2.173,7683,7859,26888,28506,-176
43,2.225,7730,7950,28742,29011,-220
44,2.277,7367,7926,28901,28391,-559
45,2.328,7779,7805,27495,28818,-26
46,2.38,7780,7671,28250,28831,109
47,2.432,7936,7963,28190,28427,-27
48,2.484,7651,7726,28810,28470,-75
49,2.535,7796,7853,28352,28343,-57
50,2.587,7907,7762,28470,28818,145
51,2.639,7914,7762,29580,28794,152
52,2.691,7131,7908,28553,28608,-777
53,2.742,7238,7768,28226,28367,-530
54,2.794,7690,8011,28666,28614,-321
55,2.846,7620,7902,26729,28415,-282
56,2.898,7630,7981,28126,28427,-351
57,2.949,7883,8048,29159,28668,-165
58,3.001,7809,8273,28778,28036,-464
59,3.053,7769,8084,28649,28794,-315
60,3.105,7636,8133,29244,28451,-497
61,3.156,8131,8303,29206,28812,-172
62,3.208,7746,8115,27622,28620,-369
63,3.26,7865,7944,28556,28812,-79
64,3.311,7385,7920,28687,28596,-535
65,3.363,8216,7981,30551,28403,235
66,3.415,7906,7902,27855,28903,4
67,3.467,8343,7805,29043,28512,538
68,3.518,7832,7896,28405,28349,-64
69,3.57,7876,8315,27513,28578,-439
70,3.622,7939,8090,29490,28391,-151
71,3.674,8483,8157,29008,28211,326
72,3.725,7712,8060,28739,28812,-348
73,3.777,7690,8157,29620,28301,-467
74,3.829,8135,8163,28642,28656,-28
75,3.881,7400,8212,27138,28223,-812
76,3.932,8457,8230,28055,28427,227
77,3.984,7329,7744,28197,28506,-415
78,4.036,7276,7701,28165,28451,-425
79,4.088,7015,7647,28937,28698,-632
80,4.139,7627,7884,27996,28812,-257
81,4.191,8055,7762,29179,28289,293
82,4.243,6991,7750,27905,28806,-759
83,4.295,7823,7695,28283,28175,128
84,4.346,6754,7786,27809,28758,-1032
85,4.398,8130,7878,28030,28415,252
86,4.45,7852,7798,29593,28072,54
87,4.502,8172,7689,28268,28307,483
88,4.553,7280,7586,28525,29047,-306
89,4.605,7714,7780,28075,28451,-66
90,4.657,7725,7598,28241,28716,127
91,4.709,6984,7756,27437,28578,-772
92,4.76,7342,7750,27899,28193,-408
93,4.812,7617,7798,28213,28403,-181
94,4.864,7754,7768,28421,28530,-14
95,4.915,7244,7871,27491,28325,-627
96,4.967,7313,7835,28638,28127,-522
97,5.019,9369,8036,26571,28602,1333
98,5.071,9626,7865,28216,28554,1761
99,5.122,8885,7932,28892,28451,953
100,5.174,8791,7695,28071,28307,1096
101,5.226,8456,8029,28155,28181,427
102,5.278,10298,7653,27332,28415,2645
103,5.329,8905,7798,28442,29330,1107
104,5.381,9674,7944,28584,28831,1730
105,5.433,11005,8078,28244,28337,2927
106,5.485,9068,7756,28758,28776,1312
107,5.536,9527,7841,28393,28103,1686
108,5.588,9249,7768,26981,28433,1481
109,5.64,9544,7659,28890,28181,1885
110,5.692,9552,7762,28320,28945,1790
111,5.743,8346,7908,27226,28313,438
112,5.795,11699,8011,28084,28421,3688
113,5.847,8545,7701,28313,28831,844
114,5.899,8225,7665,28982,28337,560
115,5.95,7584,7926,28033,28253,-342
116,6.002,10036,8023,27626,28506,2013
117,6.054,8590,7689,29065,28241,901
118,6.106,10483,7938,28341,28722,2545
119,6.157,14184,8224,27306,28451,5960
120,6.209,11423,7823,27717,28307,3600
121,6.261,11156,7853,29233,28199,3303
122,6.313,9500,7853,26877,28728,1647
123,6.364,10747,8017,27914,28632,2730
124,6.416,16282,8346,26421,28722,7936
125,6.468,8158,7756,27460,28133,402
126,6.519,9046,7817,29406,28584,1229
127,6.571,9868,8036,28945,28072,1832
128,6.623,7698,7914,28042,28584,-216
129,6.675,8879,7853,27669,28379,1026
130,6.726,9023,8133,29369,28897,890
131,6.778,12492,7920,28180,28788,4572
132,6.83,9831,7969,27688,28458,1862
133,6.882,9497,7871,28999,28289,1626
134,6.933,9303,7878,27521,28668,1425
135,6.985,10944,8133,27942,28337,2811
136,7.037,14840,8285,27451,28018,6555
137,7.089,12604,7780,27997,28283,4824
138,7.14,10659,7890,27555,28476,2769
139,7.192,9323,7908,26990,28668,1415
140,7.244,8835,8036,27174,28409,799
141,7.296,9218,7762,28169,28782,1456
142,7.347,10545,8066,29545,28451,2479
143,7.399,10295,8042,29578,28211,2253
144,7.451,9327,7847,28224,28740,1480
145,7.503,10150,8339,27617,28602,1811
146,7.554,9201,8078,28355,28373,1123
147,7.606,9584,8145,28687,28530,1439
148,7.658,11973,8023,27651,28066,3950
149,7.71,9873,8042,27323,27964,1831
150,7.761,10189,8029,27991,27687,2160
151,7.813,15154,7932,27511,27976,7222
152,7.865,14167,8023,27907,28283,6144
153,7.917,13789,7938,27382,28211,5851
154,7.968,10761,8048,26998,27862,2713
155,8.02,10640,8054,28612,28175,2586
156,8.072,9117,7884,29895,28091,1233
157,8.123,10245,8011,28512,28638,2234
158,8.175,10157,7969,28280,28109,2188
159,8.227,9680,7871,28172,28259,1809
160,8.279,9558,7780,29101,28349,1778
161,8.33,9773,8011,28385,28602,1762
162,8.382,11467,8145,27419,28494,3322
163,8.434,11504,8206,30191,28319,3298
164,8.486,10245,8066,29862,28668,2179
165,8.537,12522,8078,28464,27928,4444
166,8.589,8563,7914,29609,28289,649
167,8.641,9053,7865,29229,28451,1188
168,8.693,8983,8078,28994,28554,905
169,8.744,10075,8005,29195,28103,2070
170,8.796,10256,7938,27335,28133,2318
171,8.848,13633,7975,27686,28253,5658
172,8.9,12834,7859,27700,28012,4975
173,8.951,10050,7786,27818,27886,2264
174,9.003,9129,7987,28485,28337,1142
175,9.055,10184,7926,27779,27976,2258
176,9.107,9902,7969,28629,28187,1933
177,9.158,12252,8133,28713,28223,4119
178,9.21,12639,8048,27861,28596,4591
179,9.262,11176,8017,27395,28482,3159
180,9.314,10038,8042,28917,27892,1996
181,9.365,10498,7993,29400,28584,2505
182,9.417,12597,7835,28776,28572,4762
183,9.469,9552,7829,30501,28301,1723
184,9.521,12582,7932,27954,28451,4650
185,9.572,13251,8145,28981,28127,5106
186,9.624,10323,8017,28980,28289,2306
187,9.676,9893,7963,29188,28337,1930
188,9.727,8598,7805,27968,28325,793
189,9.779,10477,7884,28529,28686,2593
190,9.831,11528,7926,27818,28433,3602
191,9.883,10962,7914,27921,28343,3048
192,9.934,9667,8011,27485,28157,1656
193,9.986,8061,7963,28875,28343,98
194,10.038,7746,7738,29028,28157,8
195,10.09,7239,7647,28537,28554,-408
196,10.141,7471,7707,28909,28307,-236
197,10.193,6989,7932,28430,28560,-943
198,10.245,7519,8005,29387,28674,-486
199,10.297,7338,7829,30494,28319,-491
200,10.348,7371,8060,27507,28572,-689
201,10.4,7393,7896,27340,28692,-503
202,10.452,8037,7695,28320,28066,342
203,10.504,7320,7719,28244,28157,-399
204,10.555,7630,7841,27450,28361,-211
205,10.607,7864,8078,27130,28000,-214
206,10.659,8159,8023,29501,27946,136
207,10.711,9484,7999,27827,28506,1485
208,10.762,9587,7835,28442,28343,1752
209,10.814,9377,7963,27129,27711,1414
210,10.866,12241,7963,27947,28337,4278
211,10.918,10461,7732,27744,28133,2729
212,10.969,10378,7969,29126,28614,2409
213,11.021,11483,8151,27790,28103,3332
214,11.073,8641,7798,27079,28181,843
215,11.125,8540,7750,27286,28391,790
216,11.176,8475,7853,27668,28355,622
217,11.228,9089,7750,28870,28091,1339
218,11.28,8665,7750,28153,28084,915
219,11.331,8269,7957,28805,28433,312
220,11.383,8415,7798,28997,28548,617
221,11.435,9723,7902,28854,27681,1821
222,11.487,8533,7853,28616,28313,680
223,11.538,8868,7865,28389,28169,1003
224,11.59,8405,7719,27152,28199,686
225,11.642,8875,7695,28123,28193,1180
226,11.694,8590,7786,29726,28614,804
227,11.745,8169,7665,27015,28175,504
228,11.797,8016,7713,26626,28313,303
229,11.849,9522,7957,28880,28241,1565
230,11.901,8079,7634,28508,28319,445
231,11.952,7268,7701,28943,28391,-433
232,12.004,8005,7890,28359,28169,115
233,12.056,7784,7823,27034,28596,-39
234,12.108,7430,7792,28014,27976,-362
235,12.159,7717,8181,28701,28103,-464
236,12.211,7490,7798,27895,28325,-308
237,12.263,7511,7859,30224,28187,-348
238,12.315,7601,7713,29407,28397,-112
239,12.366,7482,7969,28576,28355,-487
240,12.418,9229,7944,29176,28337,1285
241,12.47,9653,7969,27756,28091,1684
242,12.522,9451,8042,27923,28626,1409
243,12.573,11031,8029,27253,28500,3002
244,12.625,10511,8036,28666,28331,2475
245,12.677,12255,8023,27293,28445,4232
246,12.729,9688,7859,28443,28488,1829
247,12.78,10760,8011,28134,28415,2749
248,12.832,9405,7932,27555,28325,1473
249,12.884,10254,7957,30151,28476,2297
250,12.935,10637,7999,28776,28127,2638
251,12.987,9336,7950,27621,28229,1386
252,13.039,9949,7993,29173,28458,1956
253,13.091,10217,7920,28953,28494,2297
254,13.142,9103,7908,30707,28313,1195
255,13.194,9170,7604,28507,27760,1566
256,13.246,9116,7780,27422,28133,1336
257,13.298,9520,7890,28086,28560,1630
258,13.349,9776,7963,29135,28451,1813
259,13.401,9873,7957,28639,28169,1916
260,13.453,10790,8011,27426,27922,2779
261,13.505,10161,7957,28701,28548,2204
262,13.556,10825,7871,27950,28289,2954
263,13.608,8810,7574,29297,28109,1236
264,13.66,7249,7841,27833,28554,-592
265,13.712,7584,7780,31111,28091,-196
266,13.763,7353,7798,26814,27952,-445
267,13.815,7944,7835,28092,28289,109
268,13.867,7498,7859,28995,28343,-361
269,13.919,7319,7908,28718,28602,-589
270,13.97,8197,7823,27852,28042,374
271,14.022,8061,8029,27070,28464,32
272,14.074,7543,7884,27865,28091,-341
273,14.126,7622,7823,27491,28704,-201
274,14.177,8527,7957,28618,28271,570
275,14.229,7415,7647,26996,28229,-232
276,14.281,6847,7829,28740,28331,-982
277,14.333,8227,7628,29916,28578,599
278,14.384,11395,7987,29177,28626,3408
279,14.436,17271,8023,27290,28271,9248
280,14.488,12342,7890,27645,28151,4452
281,14.54,10158,7957,27953,28403,2201
282,14.591,10491,7744,27354,28831,2747
283,14.643,9762,8084,28459,28572,1678
284,14.695,10392,7902,28805,28241,2490
285,14.746,10039,7987,26816,28500,2052
286,14.798,17662,8023,27893,28470,9639
287,14.85,9386,7847,28222,28439,1539
288,14.902,9747,8090,28227,28337,1657
289,14.953,10651,8090,26817,28247,2561
290,15.005,8053,7805,26404,28121,248
291,15.057,7953,7938,26803,28235,15
292,15.109,8218,7732,27255,28668,486
293,15.16,10236,8011,28263,27970,2225
294,15.212,10215,7981,29466,28169,2234
295,15.264,9783,7914,27714,28205,1869
296,15.316,9478,7908,27820,28229,1570
297,15.367,9420,7756,29536,27772,1664
298,15.419,8802,7792,28149,28030,1010
299,15.471,12337,7817,27120,28211,4520
300,15.523,11214,7713,27728,28367,3501
301,15.574,9464,7707,27134,28229,1757
302,15.626,8406,7695,28928,28235,711
303,15.678,9930,7805,28242,27934,2125
304,15.73,8996,7774,27146,27940,1222
305,15.781,9051,7561,29062,28331,1490
306,15.833,9439,7622,27226,27922,1817
307,15.885,10788,7871,27896,27940,2917
308,15.937,9297,7677,30050,28030,1620
309,15.988,9821,7932,26617,28103,1889
310,16.04,9292,7932,27177,28121,1360
311,16.092,9652,7707,28336,28295,1945
312,16.144,10819,7792,29360,27615,3027
313,16.195,9183,7847,26988,27874,1336
314,16.247,9058,7671,28054,28103,1387
315,16.299,12564,7805,28673,28355,4759
316,16.35,9938,7683,28083,28620,2255
317,16.402,10229,7908,29350,28205,2321
318,16.454,9152,7756,29851,28006,1396
319,16.506,9497,7774,27272,28084,1723
320,16.557,9392,7713,27254,28470,1679
321,16.609,9803,7811,27964,28476,1992
322,16.661,7707,7586,27627,28379,121
323,16.713,8946,7792,28697,27880,1154
324,16.764,11220,7957,29555,28668,3263
325,16.816,10687,7726,28880,28271,2961
326,16.868,10389,7841,28781,28151,2548
327,16.92,13742,8133,28004,27970,5609
328,16.971,9179,7829,28546,28445,1350
329,17.023,9911,7786,27825,28283,2125
330,17.075,9571,7847,27268,28205,1724
331,17.127,12632,8054,27784,28078,4578
332,17.178,9793,7574,30054,28169,2219
333,17.23,9043,7957,28657,28752,1086
334,17.282,9560,7975,28481,28048,1585
335,17.334,10316,7878,27730,28193,2438
336,17.385,9199,7713,27133,28241,1486
337,17.437,10048,7975,27915,27928,2073
338,17.489,8777,7817,27448,28542,960
339,17.541,8105,8042,26770,28097,63
340,17.592,8407,7719,29129,27964,688
341,17.644,8199,7811,28400,28518,388
342,17.696,7682,7628,27576,28084,54
343,17.748,8329,7817,27772,28133,512
344,17.799,8708,7610,28662,28121,1098
345,17.851,8322,7744,28384,28036,578
346,17.903,7725,7592,27937,28193,133
347,17.954,8288,7713,28988,28734,575
348,18.006,7621,7738,27387,28103,-117
349,18.058,7863,7786,29767,28199,77
350,18.11,7668,7798,29057,28139,-130
351,18.161,7998,7628,27524,28211,370
352,18.213,7805,7695,27412,28193,110
353,18.265,9771,7768,27477,28283,2003
354,18.317,8420,7774,26827,28072,646
355,18.368,7685,7622,28357,28337,63
356,18.42,7543,7659,29209,28397,-116
357,18.472,7766,7762,29653,28403,4
358,18.524,6912,7811,28497,28157,-899
359,18.575,7588,7683,29201,28512,-95
360,18.627,7761,7823,25664,28349,-62
361,18.679,7147,7653,27800,28313,-506
362,18.731,7816,7683,27280,28307,133
363,18.782,7279,7744,28325,28319,-465
364,18.834,8115,7732,28563,27904,383
365,18.886,7176,7568,28969,28680,-392
366,18.938,7382,7482,29446,28127,-100
367,18.989,7003,7719,29526,28036,-716
368,19.041,7567,7792,28400,28091,-225
369,19.093,8224,7792,27526,28199,432
370,19.145,8558,7726,27534,28608,832
371,19.196,7428,7689,28023,28957,-261
372,19.248,9108,7604,27838,28530,1504
373,19.3,7627,7713,28354,28066,-86
374,19.352,8386,7653,30156,28361,733
375,19.403,8036,7634,28799,28427,402
376,19.455,7949,7744,27953,28048,205
377,19.507,7516,7908,29704,28277,-392
378,19.558,7793,8121,29033,28097,-328
379,19.61,7592,7859,28875,28006,-267
380,19.662,7831,7817,29132,28403,14
381,19.714,7865,7598,27817,28151,267
382,19.765,8188,7543,28989,28427,645
383,19.817,7683,7798,29241,28235,-115
384,19.869,8034,7841,29714,28518,193
385,19.921,8280,7671,26304,28867,609
386,19.972,8439,7647,29048,28091,792
387,20.024,7894,7525,28456,28349,369
388,20.076,8895,7774,28438,28734,1121
389,20.128,8248,7780,27850,27730,468
390,20.179,8521,7969,28873,28121,552
391,20.231,7492,7762,28302,28524,-270
392,20.283,8815,7701,26809,28265,1114
393,20.335,8257,7914,28631,28596,343
394,20.386,7985,7701,26913,28265,284
395,20.438,7593,7823,28235,28127,-230
396,20.49,7272,7610,27544,28482,-338
397,20.542,7908,7713,29093,28295,195
398,20.593,7022,7616,28616,28403,-594
399,20.645,7625,7853,27202,28283,-228
400,20.697,8108,7768,30366,28566,340
401,20.749,7714,7671,28262,28078,43
402,20.8,7376,7780,26777,28048,-404
403,20.852,8058,7792,27775,28746,266
404,20.904,7129,7616,28356,28433,-487
405,20.956,7843,7665,29154,28078,178
406,21.007,7113,7665,27779,27802,-552
407,21.059,7854,7744,27329,27868,110
408,21.111,7819,7555,29141,28584,264
409,21.162,7708,7634,27983,28133,74
410,21.214,7908,7507,27660,28229,401
411,21.266,8624,7695,28018,28072,929
412,21.318,8588,7738,27562,28217,850
413,21.369,8819,7634,28182,28343,1185
414,21.421,9383,7853,28017,28482,1530
415,21.473,7585,7744,26767,28247,-159
416,21.525,6975,7665,27480,28355,-690
417,21.576,7247,7665,27957,28000,-418
418,21.628,8225,7732,29881,28488,493
419,21.68,7461,7525,28771,28109,-64
420,21.732,7404,7695,28900,28042,-291
421,21.783,7529,7513,29281,28259,16
422,21.835,13933,8145,28313,28680,5788
423,21.887,11950,7999,27700,28921,3951
424,21.939,13325,7908,27675,28163,5417
425,21.99,8052,7719,27180,28223,333
426,22.042,7956,7689,27608,28614,267
427,22.094,11935,7902,28409,28608,4033
428,22.146,12414,7938,26115,27982,4476
429,22.197,12951,7981,28610,28054,4970
430,22.249,12272,8011,26739,27820,4261
431,22.301,11145,7987,28527,28313,3158
432,22.353,13710,7865,27393,28265,5845
433,22.404,10369,7750,29089,27657,2619
434,22.456,10842,7847,28307,28271,2995
435,22.508,14131,8017,27931,28379,6114
436,22.56,15838,7847,26419,28578,7991
437,22.611,13031,7744,28572,28006,5287
438,22.663,10090,7841,27264,28018,2249
439,22.715,10907,7701,27350,28283,3206
440,22.766,11864,7829,28637,28325,4035
441,22.818,10887,7732,27865,28109,3155
442,22.87,11836,7859,28495,28728,3977
443,22.922,13748,7774,29014,28036,5974
444,22.973,13798,7963,27167,28042,5835
445,23.025,14173,8181,27567,27994,5992
446,23.077,14397,7975,28513,28421,6422
447,23.129,15306,7993,26050,28066,7313
448,23.18,14017,8084,28178,27724,5933
449,23.232,14699,7926,29234,28343,6773
450,23.284,15777,7975,27876,28247,7802
451,23.336,16915,8285,28831,28157,8630
452,23.387,10631,8163,28046,28379,2468
453,23.439,9220,7957,27381,28259,1263
454,23.491,11365,7865,28927,27910,3500
455,23.543,10416,7707,27457,28151,2709
456,23.594,10339,7719,29696,28018,2620
457,23.646,7515,7568,27834,28602,-53
458,23.698,9185,7713,28043,28343,1472
459,23.75,10847,7811,25827,28199,3036
460,23.801,10637,7665,27083,27964,2972
461,23.853,11241,7610,28198,28127,3631
462,23.905,8979,7470,28382,28488,1509
463,23.957,10396,8145,28981,28169,2251
464,24.008,9227,7969,29217,28127,1258
465,24.06,7853,7604,26264,28445,249
466,24.112,11383,7865,28096,28265,3518
467,24.164,12123,7786,27578,28139,4337
468,24.215,13512,7738,28694,28054,5774
469,24.267,24688,8115,28758,27687,16573
470,24.319,21168,8115,26402,28349,13053
471,24.37,11300,7896,29561,28247,3404
472,24.422,10359,7774,27762,28175,2585
473,24.474,9576,7568,28570,28187,2008
474,24.526,7699,7859,27859,28458,-160
475,24.577,7780,7756,28922,28548,24
476,24.629,7317,7969,26572,28259,-652
477,24.681,6889,7726,28676,28500,-837
478,24.733,7722,7792,28308,28746,-70
479,24.784,7671,7969,29249,28175,-298
480,24.836,7634,7719,27371,28313,-85
481,24.888,7418,7719,26965,28103,-301
482,24.94,7779,8048,27271,28042,-269
483,24.991,7611,7586,29290,27940,25
484,25.043,8072,7732,28924,28433,340
485,25.095,7507,7853,28103,28385,-346
486,25.147,7307,7792,31422,28157,-485
487,25.198,7071,7805,28180,28319,-734
488,25.25,7633,7786,29098,28433,-153
489,25.302,7310,7835,28838,28000,-525
490,25.354,7273,7805,28546,28361,-532
491,25.405,7274,7738,27857,28241,-464
492,25.457,8131,7902,27798,28127,229
493,25.509,7781,7890,28672,28187,-109
494,25.561,7244,7726,28002,28199,-482
495,25.612,8613,7878,29333,27934,735
496,25.664,7663,7513,29574,28289,150
497,25.716,7901,7640,26434,27970,261
498,25.768,7864,7896,28633,28223,-32
499,25.819,7772,7774,28766,28361,-2
500,25.871,8000,7792,28861,28265,208
501,25.923,7270,7938,28206,28566,-668
502,25.974,7887,7890,28415,28109,-3
503,26.026,7843,7853,27693,28409,-10
504,26.078,7729,8090,27336,28427,-361
505,26.13,8014,7865,27465,28277,149
506,26.181,8133,7884,28147,28482,249
507,26.233,7969,8078,28599,28301,-109
508,26.285,8598,7805,27926,28313,793
509,26.337,7426,7738,29403,28187,-312
510,26.388,7324,7701,27738,28235,-377
511,26.44,7357,8011,29763,28066,-654
512,26.492,7306,7495,29030,28133,-189
513,26.544,7823,7653,28355,28127,170
514,26.595,7978,7628,28397,28115,350
515,26.647,7109,7786,28451,28650,-677
516,26.699,7660,7950,26523,28121,-290
517,26.751,7285,7817,28844,28175,-532
518,26.802,7452,7859,28039,27988,-407
519,26.854,8757,7987,27610,28145,770
520,26.906,7930,7878,28477,28169,52
521,26.958,7909,7969,28083,28554,-60
522,27.009,7848,8102,27720,28091,-254
523,27.061,7931,7938,27803,28235,-7
524,27.113,8013,7768,27628,28295,245
525,27.165,8161,7908,27793,28536,253
526,27.216,7827,7975,28749,28193,-148
527,27.268,7625,7914,28589,28385,-289
528,27.32,7497,7744,27612,28680,-247
529,27.372,7782,7914,27325,28283,-132
530,27.423,7335,7744,27659,27826,-409
531,27.475,7140,7859,29276,28626,-719
532,27.527,7078,7792,28576,27832,-714
533,27.578,7433,7865,28257,27898,-432
534,27.63,8142,7908,28366,27964,234
535,27.682,7220,7805,26508,27784,-585
536,27.734,7645,7647,27607,28319,-2
537,27.785,7854,7865,27664,28121,-11
538,27.837,7856,7713,28081,28331,143
539,27.889,7872,7561,28031,27886,311
540,27.941,7290,7622,29915,28325,-332
541,27.992,7810,7507,27624,28229,303
542,28.044,7390,7829,30423,28091,-439
543,28.096,7518,7713,28656,28470,-195
544,28.148,7694,7476,27817,28373,218
545,28.199,8121,7428,28173,28494,693
546,28.251,7855,7434,26939,28066,421
547,28.303,8274,7653,27089,28084,621
548,28.355,7054,7543,28158,28397,-489
549,28.406,7099,7622,28298,28036,-523
550,28.458,7940,7598,28858,28301,342
551,28.51,7290,7665,28901,28109,-375
552,28.562,7459,7549,27932,27952,-90
553,28.613,6952,7659,28847,28265,-707
554,28.665,7076,7665,28892,28175,-589
555,28.717,7802,7628,28452,28048,174
556,28.769,8483,7871,28999,28259,612
557,28.82,7578,7719,27696,28072,-141
558,28.872,8629,7628,27739,28885,1001
559,28.924,7702,7622,26687,28139,80
560,28.976,7188,7647,26929,27892,-459
561,29.027,7583,7707,27269,28500,-124
562,29.079,7655,7640,27598,28512,15
563,29.131,7853,7719,28634,28415,134
564,29.182,8096,7665,28535,28259,431
565,29.234,7815,7798,27831,28458,17
566,29.286,7979,7786,28620,28397,193
567,29.338,7668,7786,27358,27970,-118
568,29.389,7862,7750,28145,28403,112
569,29.441,7670,7744,28146,28373,-74
570,29.493,7784,7665,27936,28560,119
571,29.545,7221,7707,27655,27988,-486
572,29.596,7148,7616,27456,28181,-468
573,29.648,7369,7823,29451,28127,-454
574,29.7,7275,7756,28125,27970,-481
575,29.752,7879,7719,29199,28506,160
576,29.803,7445,7762,28963,28133,-317
577,29.855,7352,7616,28975,28391,-264
578,29.907,7997,7683,26973,28163,314
579,29.959,7377,7598,26326,28458,-221
580,30.01,7351,7683,27249,28433,-332
581,30.062,8221,7689,26864,28084,532
582,30.114,7842,7622,28066,28133,220
583,30.166,7011,7476,27371,27958,-465
584,30.217,8460,7677,27246,28680,783
585,30.269,7939,7707,27413,28548,232
586,30.321,8336,7507,27298,28157,829
587,30.373,8912,7568,27133,28488,1344
588,30.424,7885,7391,27019,28145,494
589,30.476,7476,7440,27506,28325,36
590,30.528,7130,7610,28654,28030,-480
591,30.58,7623,7555,29565,28470,68
592,30.631,8273,7549,28601,28337,724
593,30.683,7445,7470,27670,28439,-25
594,30.735,7298,7501,28795,28391,-203
595,30.786,7376,7507,29248,27904,-131
596,30.838,7515,7568,28349,28632,-53
597,30.89,6920,7671,28673,28373,-751
598,30.942,8221,7549,27463,28445,672
599,30.993,7693,7409,27651,28662,284
600,31.045,7792,7665,28233,28782,127
601,31.097,7741,7750,27047,28241,-9
602,31.149,7788,7683,28502,28524,105
603,31.2,7605,7640,28283,28385,-35
604,31.252,7340,7507,28664,28945,-167
605,31.304,7178,7586,28645,28397,-408
606,31.356,7827,7470,29090,28355,357
607,31.407,7016,7653,30173,28211,-637
608,31.459,7498,7458,27755,28283,40
609,31.511,8002,7397,28933,28560,605
610,31.563,7381,7659,27860,28199,-278
611,31.614,7957,7628,28266,28409,329
612,31.666,7405,7671,27437,28397,-266
613,31.718,7511,7835,29425,28223,-324
614,31.77,7762,7671,27907,28530,91
615,31.821,7238,7713,29971,28716,-475
616,31.873,7065,7598,28073,28566,-533
617,31.925,7384,7671,29136,28548,-287
618,31.977,7261,7622,26605,28367,-361
619,32.028,7697,7561,29374,28000,136
620,32.08,7337,7786,27300,28494,-449
621,32.132,7835,7543,27654,28361,292
622,32.184,7230,7568,28482,28620,-338
623,32.235,7156,7738,28337,28295,-582
624,32.287,7578,7592,27581,28776,-14
625,32.339,7007,7513,27079,28843,-506
626,32.39,7367,7713,27385,27862,-346
627,32.442,7525,7482,28696,28939,43
628,32.494,7382,7555,28344,27916,-173
629,32.546,7504,7446,27949,28427,58
630,32.597,8603,7610,28275,28686,993
631,32.649,8101,7622,28763,28325,479
632,32.701,7154,7495,29131,28554,-341
633,32.753,7151,7379,27414,28596,-228
634,32.804,7646,7768,27907,28337,-122
635,32.856,6616,7640,27357,28445,-1024
636,32.908,6647,7616,26378,28698,-969
637,32.96,7706,7580,28595,27898,126
638,33.011,7493,7628,28691,28536,-135
639,33.063,7556,7811,27814,28632,-255
640,33.115,7674,7470,28959,28716,204
641,33.167,7812,7647,28372,28764,165
642,33.218,7119,7507,28499,28157,-388
643,33.27,8266,7659,28218,28524,607
644,33.322,7696,7586,27698,28650,110
645,33.374,7526,7610,28035,28770,-84
646,33.425,7960,7695,27852,28686,265
647,33.477,8052,7513,27191,28626,539
648,33.529,7941,7476,29389,28590,465
649,33.581,7827,7665,28358,28409,162
650,33.632,9297,7792,29751,28241,1505
651,33.684,9369,7823,27880,28367,1546
652,33.736,8773,7774,27908,28121,999
653,33.788,7418,7762,27423,28614,-344
654,33.839,7336,7707,28405,28301,-371
655,33.891,7538,7470,28091,28752,68
656,33.943,7341,7616,26304,28530,-275
657,33.994,8051,7561,27254,28265,490
658,34.046,7102,7817,28957,28217,-715
659,34.098,8100,7707,28220,28560,393
660,34.15,7515,7549,28644,28776,-34
661,34.201,7298,7622,28555,28680,-324
662,34.253,7628,7780,28781,28668,-152
663,34.305,7578,7604,28003,28506,-26
664,34.357,7573,7647,28481,28542,-74
665,34.408,7760,7391,27429,28133,369
666,34.46,7414,7574,27727,28331,-160
667,34.512,7966,7640,30250,28361,326
668,34.564,7261,7482,29379,28337,-221
669,34.615,7189,7586,28205,28818,-397
670,34.667,7049,7671,28501,28464,-622
671,34.719,8045,7592,26522,28409,453
672,34.771,7131,7543,28459,28187,-412
673,34.822,7623,7592,29352,28482,31
674,34.874,7488,7865,27960,28157,-377
675,34.926,7591,7798,28360,28361,-207
676,34.978,7586,7817,28454,28458,-231
677,35.029,7627,7841,29015,28548,-214
678,35.081,7640,7452,29061,28554,188
679,35.133,7284,7622,29526,28427,-338
680,35.185,7525,7519,29319,28458,6
681,35.236,7045,7647,28407,28265,-602
682,35.288,7212,7671,27246,28247,-459
683,35.34,8122,7677,28592,28319,445
684,35.392,8063,7640,29382,28451,423
685,35.443,6969,7501,28157,28542,-532
686,35.495,7528,7592,27261,28211,-64
687,35.547,7184,7683,28266,28373,-499
688,35.598,7933,7756,28346,28596,177
689,35.65,7434,7774,27948,28091,-340
690,35.702,7325,7549,28005,28072,-224
691,35.754,7175,7586,28373,28054,-411
692,35.805,7309,7647,28695,28078,-338
693,35.857,7167,7659,28410,28662,-492
694,35.909,6835,7428,28372,28464,-593
695,35.961,7916,7750,26943,28566,166
696,36.012,7712,7823,26195,28187,-111
697,36.064,7587,7555,26877,27970,32
698,36.116,7476,7756,28375,28109,-280
699,36.168,7451,7622,27621,28427,-171
700,36.219,8007,7586,29463,28596,421
701,36.271,7179,7762,26637,28211,-583
702,36.323,7238,7568,28013,27910,-330
703,36.375,7583,7811,30788,28151,-228
704,36.426,7356,7628,28658,28295,-272
705,36.478,7780,7610,28512,28060,170
706,36.53,7432,7653,28133,27862,-221
707,36.582,7391,7501,28134,28476,-110
708,36.633,7787,7677,26714,28145,110
709,36.685,7318,7659,28736,28048,-341
710,36.737,7031,7719,27742,27850,-688
711,36.789,7973,7701,28899,28458,272
712,36.84,7477,7488,27614,28301,-11
713,36.892,6733,7677,28290,27994,-944
714,36.944,6615,7531,29464,28554,-916
715,36.996,8850,7719,27897,28433,1131
716,37.047,8356,7531,27183,28091,825
717,37.099,7886,7555,28314,28151,331
718,37.151,6878,7495,26970,28494,-617
719,37.202,7430,7604,27860,28145,-174
720,37.254,7097,7604,28311,28572,-507
721,37.306,7151,7452,28529,28355,-301
722,37.358,7649,7568,28309,28313,81
723,37.409,6854,7647,29721,28488,-793
724,37.461,7363,7634,28247,28054,-271
725,37.513,8345,7549,28783,28133,796
726,37.565,7181,7555,28607,28036,-374
727,37.616,7795,7549,29050,28361,246
728,37.668,7754,7622,27289,28133,132
729,37.72,7284,7726,29873,28006,-442
730,37.772,8459,7610,29288,28187,849
731,37.823,7603,7598,30649,28018,5
732,37.875,7085,7537,29887,28445,-452
733,37.927,7661,7750,28722,28259,-89
734,37.979,7570,7689,27472,27922,-119
735,38.03,7414,7713,28334,28518,-299
736,38.082,7987,7732,28509,28409,255
737,38.134,7913,7476,26741,28127,437
738,38.186,6984,7561,26766,28223,-577
739,38.237,7327,7780,27772,28277,-453
740,38.289,7514,7622,28501,27838,-108
741,38.341,7609,7695,27048,28626,-86
742,38.393,7958,7659,28457,28139,299
743,38.444,7307,7622,28412,28283,-315
744,38.496,7410,7726,28924,28698,-316
745,38.548,7451,7409,27618,28343,42
746,38.6,7269,7701,27128,28728,-432
747,38.651,7441,7805,27182,28187,-364
748,38.703,7447,7640,28069,28415,-193
749,38.755,7496,7640,28733,28283,-144
750,38.806,7289,7738,29973,28187,-449
751,38.858,7398,7653,28484,28103,-255
752,38.91,7530,7616,28054,28097,-86
753,38.962,7483,7495,28309,28000,-12
754,39.013,7250,7786,30056,28084,-536
755,39.065,7558,7938,27984,28012,-380
756,39.117,7839,7574,28192,27988,265
757,39.169,7860,7969,29195,28524,-109
758,39.22,8304,7853,28160,28030,451
759,39.272,7479,7768,29539,28451,-289
760,39.324,7402,7507,26158,28512,-105
761,39.376,7959,7805,28595,28385,154
762,39.427,7894,7634,29571,28175,260
763,39.479,7915,7561,27631,28199,354
764,39.531,7258,7555,28244,28548,-297
765,39.583,6946,7531,27313,28319,-585
766,39.634,6869,7361,29000,27940,-492
767,39.686,7608,7653,27130,28488,-45
768,39.738,7349,7525,28259,28283,-176
769,39.79,7297,7519,27112,28397,-222
770,39.841,7870,7634,29209,28445,236
771,39.893,7461,7823,29768,27970,-362
772,39.945,7549,7647,28551,28030,-98
773,39.997,7779,7537,27759,28506,242
774,40.048,7654,7689,28652,28157,-35
775,40.1,7260,7561,28805,28361,-301
776,40.152,6729,7574,27571,28301,-845
777,40.204,7680,7592,30382,28512,88
778,40.255,7663,7416,28769,28127,247
779,40.307,7138,7622,28102,28103,-484
780,40.359,7302,7689,28175,28187,-387
781,40.41,7061,7519,28430,28181,-458
782,40.462,7499,7689,27782,28271,-190
783,40.514,7271,7592,27118,28127,-321
784,40.566,8123,7665,29485,28091,458
785,40.617,7946,7707,27813,28277,239
786,40.669,7495,7549,27349,28006,-54
787,40.721,7409,7537,26740,28427,-128
788,40.773,7178,7574,26678,28187,-396
789,40.824,7266,7537,27167,28127,-271
790,40.876,8036,7501,27910,28289,535
791,40.928,7656,7519,27850,28488,137
792,40.98,7509,7580,27985,28151,-71
793,41.031,7781,7592,28868,28704,189
794,41.083,8113,7555,29782,28500,558
795,41.135,7682,7634,29054,28427,48
796,41.187,7082,7476,28139,28175,-394
797,41.238,7544,7707,28032,28199,-163
798,41.29,9346,7440,27818,28235,1906
799,41.342,7839,7847,28307,28241,-8
800,41.394,7687,7774,28027,27591,-87
801,41.445,7800,7628,29566,28072,172
802,41.497,7413,7762,26235,28036,-349
803,41.549,7717,7665,27377,28247,52
804,41.601,7551,7653,28403,28175,-102
805,41.652,7460,7561,27895,28494,-101
806,41.704,7715,7543,26676,28686,172
807,41.756,7772,7647,28231,28115,125
808,41.808,7848,7580,27920,28277,268
809,41.859,7496,7482,28730,28018,14
810,41.911,6986,7592,27601,27766,-606
811,41.963,7735,7531,28903,28145,204
812,42.015,7621,7476,30177,28247,145
813,42.066,6888,7501,28588,27958,-613
814,42.118,7916,7568,28656,28054,348
815,42.17,7884,7495,28693,28103,389
816,42.221,7797,7634,28570,28572,163
817,42.273,7384,7610,27278,27651,-226
818,42.325,8009,7592,27805,27627,417
819,42.377,7763,7592,28631,28247,171
820,42.428,7380,7446,26949,27705,-66
821,42.48,7679,7440,26981,28169,239
822,42.532,7606,7689,28183,27754,-83
823,42.584,6924,7464,26745,27982,-540
824,42.635,7217,7549,28870,28084,-332
825,42.687,7371,7397,28611,28145,-26
826,42.739,7351,7458,27823,28325,-107
827,42.791,7565,7531,26709,27808,34
828,42.842,7844,7537,27604,27952,307
829,42.894,8147,7555,28481,28042,592
830,42.946,7508,7458,26220,27874,50
831,42.998,7435,7464,29363,28319,-29
832,43.049,7116,7592,28601,28229,-476
833,43.101,7284,7580,27705,27880,-296
834,43.153,7099,7476,28193,28127,-377
835,43.205,7314,7416,27772,27970,-102
836,43.256,6761,7531,28014,28187,-770
837,43.308,7648,7689,27999,28373,-41
838,43.36,7174,7732,27400,28145,-558
839,43.412,7504,7561,28178,28259,-57
840,43.463,7515,7774,28299,27940,-259
841,43.515,7909,7568,27355,28036,341
842,43.567,7517,7422,26571,28030,95
843,43.619,8078,7798,26178,28145,280
844,43.67,7414,7537,27161,27826,-123
845,43.722,7282,7574,27685,28319,-292
846,43.774,7456,7568,28524,28036,-112
847,43.825,7703,7671,27679,28133,32
848,43.877,7459,7659,29244,28325,-200
849,43.929,7767,7525,27537,27922,242
850,43.981,7535,7640,28895,28109,-105
851,44.032,7362,7780,28105,27886,-418
852,44.084,7853,7707,27796,27856,146
853,44.136,7580,7513,28269,28229,67
854,44.188,6988,7653,27138,27796,-665
855,44.239,7530,7519,29344,28403,11
856,44.291,7772,7640,27451,28433,132
857,44.343,7168,7610,28281,27724,-442
858,44.395,7397,7628,27902,27910,-231
859,44.446,8094,7634,27354,27976,460
860,44.498,7491,7586,27427,27886,-95
861,44.55,7133,7434,28799,28361,-301
862,44.602,7884,7501,26697,27838,383
863,44.653,7973,7543,28822,27796,430
864,44.705,7799,7592,28259,28030,207
865,44.757,6828,7622,28850,27633,-794
866,44.809,7805,7482,28951,28301,323
867,44.86,7372,7592,28011,27862,-220
868,44.912,8220,7707,27663,27693,513
869,44.964,7146,7549,26543,27940,-403
870,45.016,7481,7543,28733,27754,-62
871,45.067,7346,7744,26479,27880,-398
872,45.119,8537,7689,27450,28121,848
873,45.171,7680,7695,27536,28373,-15
874,45.223,8103,7519,27962,28127,584
875,45.274,7136,7659,27509,27808,-523
876,45.326,7908,7422,29212,27976,486
877,45.378,7328,7604,27069,27832,-276
878,45.429,7570,7318,27691,28494,252
879,45.481,7361,7470,27777,28199,-109
880,45.533,7106,7488,26854,28229,-382
881,45.585,6852,7701,28206,27820,-849
882,45.636,6653,7294,28383,27964,-641
883,45.688,7225,7750,27127,28169,-525
884,45.74,7738,7543,27502,28500,195
885,45.792,7416,7726,28581,27934,-310
886,45.843,7402,7871,27772,27772,-469
887,45.895,7197,7592,26729,28091,-395
888,45.947,7792,7647,28309,28048,145
889,45.999,7560,7561,28603,27982,-1
890,46.05,7801,7805,28328,27826,-4
891,46.102,7842,7659,28277,28193,183
892,46.154,7335,7385,28786,28644,-50
893,46.206,7761,7525,28997,28614,236
894,46.257,7215,7653,28037,28151,-438
895,46.309,7391,7501,28906,28097,-110
896,46.361,7797,7689,27336,28367,108
897,46.413,7328,7464,28569,27892,-136
898,46.464,7705,7738,28508,28006,-33
899,46.516,7013,7859,27822,27699,-846
900,46.568,7419,7878,26530,28078,-459
901,46.62,7130,7969,27524,28626,-839
902,46.671,7756,7841,27938,27850,-85
903,46.723,7165,7835,28032,28163,-670
904,46.775,6559,7616,28635,28247,-1057
905,46.827,6811,7677,27550,28006,-866
906,46.878,7105,7640,27753,28127,-535
907,46.93,8140,7695,28125,28012,445
908,46.982,7620,7811,28182,27754,-191
909,47.033,7268,7726,27886,28157,-458
910,47.085,6889,7823,27486,27717,-934
911,47.137,7621,7969,29601,28060,-348
912,47.189,7113,7768,27613,27832,-655
913,47.24,7574,7732,27132,27784,-158
914,47.292,8045,7993,27767,28319,52
915,47.344,7663,7671,27536,28042,-8
916,47.396,7166,7634,27550,28175,-468
917,47.447,7486,7598,26247,27934,-112
918,47.499,6866,7902,27712,27922,-1036
919,47.551,7308,7878,28756,28012,-570
920,47.603,7860,7665,27109,27886,195
921,47.654,8142,7817,26753,27916,325
922,47.706,7661,7634,28228,28091,27
923,47.758,7382,7713,26851,28127,-331
924,47.81,8006,7823,26112,27934,183
925,47.861,7935,7829,27464,28355,106
926,47.913,7298,7871,28336,28542,-573
927,47.965,7770,7713,29352,27754,57
928,48.017,7619,7744,28806,27814,-125
929,48.068,6683,7647,26425,28470,-964
930,48.12,7683,7944,28589,27922,-261
931,48.172,7821,7750,27422,28127,71
932,48.224,7184,7847,27754,28060,-663
933,48.275,7390,7853,29870,28542,-463
934,48.327,7083,7732,28347,28078,-649
935,48.379,7641,7823,27350,27970,-182
936,48.431,7595,7713,26991,28217,-118
937,48.482,7423,7634,28052,28211,-211
938,48.534,7602,7701,27596,27928,-99
939,48.586,7813,7440,26808,27994,373
940,48.637,7966,7677,27607,27922,289
941,48.689,7078,7628,28362,28470,-550
942,48.741,7674,7726,26919,28331,-52
943,48.793,7002,7726,27894,28500,-724
944,48.844,6838,7732,26505,28181,-894
945,48.896,7421,8072,27749,28470,-651
946,48.948,7340,7902,27537,28229,-562
947,49.0,7159,7671,28324,28048,-512
948,49.051,7383,7689,28422,27940,-306
949,49.103,7559,7902,27144,27760,-343
950,49.155,7441,7713,25895,27705,-272
951,49.207,7466,7902,28315,28175,-436
952,49.258,7092,7811,27526,27868,-719
953,49.31,7230,7811,28182,28247,-581
954,49.362,7304,7871,26996,28115,-567
955,49.414,7366,7786,28554,28181,-420
956,49.465,7066,7890,27735,28163,-824
957,49.517,7137,7786,28533,27766,-649
958,49.569,7651,7732,27444,27645,-81
959,49.621,7552,7859,26600,28121,-307
960,49.672,6675,7659,27864,28054,-984
961,49.724,7536,7726,28282,28109,-190
962,49.776,7021,7580,28372,28211,-559
963,49.828,7936,7969,27001,27543,-33
964,49.879,7734,7817,27788,28385,-83
965,49.931,7063,7926,27838,27868,-863
966,49.983,6912,7811,27365,27730,-899
967,50.035,7142,7750,26855,28072,-608
968,50.086,7566,7829,28637,28241,-263
969,50.138,7345,7580,28133,28030,-235
970,50.19,6729,7975,28730,27633,-1246
971,50.241,7295,7446,26846,27681,-151
972,50.293,7862,7744,27948,28000,118
973,50.345,7624,7920,28563,28006,-296
974,50.397,8166,7756,26584,27916,410
975,50.448,7156,7683,28398,28133,-527
976,50.5,7289,7811,29145,27880,-522
977,50.552,7559,7622,27613,27483,-63
978,50.604,7531,7719,27730,28217,-188
979,50.655,7932,7726,27179,27838,206
980,50.707,7678,7774,28043,28385,-96
981,50.759,6765,7932,29356,28060,-1167
982,50.811,8115,7762,27622,27814,353
983,50.862,7258,7683,28308,27940,-425
984,50.914,7403,7653,27367,28193,-250
985,50.966,7187,7647,27331,28319,-460
986,51.018,7218,7640,26582,27928,-422
987,51.069,7266,7537,28181,27717,-271
988,51.121,7368,7470,27530,28181,-102
989,51.173,7462,7373,27425,28199,89
990,51.225,7554,7561,27901,28253,-7
991,51.276,7353,7592,28581,28036,-239
992,51.328,8091,7482,29440,28301,609
993,51.38,7060,7397,27370,27838,-337
994,51.432,7346,7464,28021,28355,-118
995,51.483,7026,7640,27647,28385,-614
996,51.535,7827,7440,29063,28024,387
997,51.587,7605,7440,27658,28072,165
998,51.639,7379,7622,27263,28066,-243
999,51.69,8135,7628,28355,28199,507
