frame,Time [s],CH1,BGND1,CH2,BGND2,intensity
0,0.0,13539,11507,31313,31922,2032
1,0.052,13685,11083,30986,31794,2602
2,0.103,15666,11525,31979,31441,4141
3,0.155,13008,10950,31452,31556,2058
4,0.207,14713,10690,33212,31691,4023
5,0.259,14719,11126,31488,31173,3593
6,0.31,14139,10968,32218,31404,3171
7,0.362,15301,10926,31777,31630,4375
8,0.414,14661,11101,29339,31544,3560
9,0.466,14306,10545,31745,31282,3761
10,0.517,13380,10593,30423,31313,2787
11,0.569,14145,10545,32004,31733,3600
12,0.621,12572,10248,31951,31240,2324
13,0.673,14055,10624,30378,31538,3431
14,0.724,12911,10569,31258,31246,2342
15,0.776,13355,10478,31915,31825,2877
16,0.828,13013,10738,31127,31745,2275
17,0.88,13390,11029,31154,31502,2361
18,0.931,12837,11071,32882,31940,1766
19,0.983,11064,11440,31063,31569,-376
20,1.035,11725,10654,31014,31794,1071
21,1.087,10095,10751,30653,31063,-656
22,1.138,11303,10630,30541,31355,673
23,1.19,13005,10914,28805,31258,2091
24,1.242,11498,10890,30908,31033,608
25,1.294,11016,10648,30767,31508,368
26,1.345,11361,10605,31399,31782,756
27,1.397,11141,10382,31724,31630,759
28,1.449,12471,10920,32041,31691,1551
29,1.501,11143,10968,30198,31100,175
30,1.552,11475,10914,31477,31879,561
31,1.604,11632,11259,30745,31471,373
32,1.656,11847,10872,32335,31447,975
33,1.707,10977,10968,30382,31849,9
34,1.759,10958,10539,31826,31483,419
35,1.811,11008,10472,31968,32166,536
36,1.863,11288,10551,31016,31520,737
37,1.914,11893,10811,29188,31636,1082
38,1.966,14693,10932,30215,31173,3761
39,2.018,13850,10490,32109,31167,3360
40,2.07,14266,10557,31985,31477,3709
41,2.121,12575,10775,31638,31477,1800
42,2.173,15471,11295,30575,31867,4176
43,2.225,15043,11065,30396,31703,3978
44,2.277,11549,10926,32704,31703,623
45,2.328,11773,10212,31053,31556,1561
46,2.38,12245,10388,32335,31563,1857
47,2.432,11073,10412,30706,32050,661
48,2.484,11975,10478,32018,32281,1497
49,2.535,10867,10418,31290,31410,449
50,2.587,10552,10539,31114,31946,13
51,2.639,11577,11017,32575,31898,560
52,2.691,10530,10781,34559,32032,-251
53,2.742,11679,10878,30822,31550,801
54,2.794,10711,11005,31909,31867,-294
55,2.846,11203,10944,30882,32233,259
56,2.898,10783,11047,31430,31733,-264
57,2.949,10424,10775,32555,31563,-351
58,3.001,11154,10539,32344,31471,615
59,3.053,10943,10835,33129,31751,108
60,3.105,11761,11216,31551,31611,545
61,3.156,10626,10841,29821,32147,-215
62,3.208,11599,11204,30692,31380,395
63,3.26,11207,10980,32788,31904,227
64,3.311,11505,10787,32686,31837,718
65,3.363,13324,11283,31015,31831,2041
66,3.415,11263,10829,30186,31794,434
67,3.467,11312,11126,32641,31788,186
68,3.518,11676,10793,32516,31849,883
69,3.57,11979,11295,31541,31892,684
70,3.622,11337,11192,32156,31636,145
71,3.674,11327,10878,32027,31410,449
72,3.725,11594,11404,30893,31812,190
73,3.777,12589,10956,31191,32129,1633
74,3.829,11348,11011,31873,31776,337
75,3.881,11289,10805,33374,31709,484
76,3.932,12386,10920,32574,31831,1466
77,3.984,13669,11023,30637,31648,2646
78,4.036,11770,10533,32473,32172,1237
79,4.088,12061,10738,32033,32196,1323
80,4.139,11586,10363,30918,32312,1223
81,4.191,12153,10738,30328,31611,1415
82,4.243,13405,10902,31630,31648,2503
83,4.295,12302,10987,32803,31684,1315
84,4.346,13849,10605,31510,31885,3244
85,4.398,19339,11029,32218,31965,8310
86,4.45,21986,11168,30997,31587,10818
87,4.502,19577,10805,32862,32507,8772
88,4.553,19783,11567,31312,32153,8216
89,4.605,24334,11894,32338,31946,12440
90,4.657,21814,11301,33175,31489,10513
91,4.709,26400,11192,30723,31898,15208
92,4.76,25176,10920,31259,31715,14256
93,4.812,25589,11797,30204,31727,13792
94,4.864,26292,11216,33377,31026,15076
95,4.915,21896,11186,32058,31544,10710
96,4.967,15757,10987,32278,31727,4770
97,5.019,23213,11229,32611,32093,11984
98,5.071,24423,11186,30341,32099,13237
99,5.122,24244,11301,31344,31971,12943
100,5.174,23546,11235,31963,31849,12311
101,5.226,24932,10987,30304,32038,13945
102,5.278,24505,11065,31242,31983,13440
103,5.329,23041,10575,31952,31825,12466
104,5.381,14444,11005,30486,32300,3439
105,5.433,15648,10902,32418,31861,4746
106,5.485,22543,11398,31584,31593,11145
107,5.536,17985,10968,30437,32026,7017
108,5.588,16990,11343,32484,31940,5647
109,5.64,16134,11271,33033,31855,4863
110,5.692,18261,11464,32382,31276,6797
111,5.743,16624,11108,32167,31703,5516
112,5.795,17294,10811,32454,31794,6483
113,5.847,16262,11446,31071,31416,4816
114,5.899,14761,11283,33467,31873,3478
115,5.95,14842,11204,32887,32153,3638
116,6.002,13806,10793,32289,31496,3013
117,6.054,14819,11071,32428,31989,3748
118,6.106,13894,11144,30775,32166,2750
119,6.157,15314,10841,32365,31636,4473
120,6.209,14158,10702,31439,31721,3456
121,6.261,14352,10805,31457,32080,3547
122,6.313,14760,10775,31805,32019,3985
123,6.364,14506,11150,30573,32093,3356
124,6.416,13881,11307,31204,31514,2574
125,6.468,16173,11265,32158,31885,4908
126,6.519,19972,11410,33086,32166,8562
127,6.571,22763,11803,31054,31148,10960
128,6.623,19426,11513,32093,31422,7913
129,6.675,16465,11319,31928,31209,5146
130,6.726,12558,11047,30936,31733,1511
131,6.778,13497,10968,31523,31605,2529
132,6.83,15999,11343,29864,31770,4656
133,6.882,12905,10908,33156,31593,1997
134,6.933,17452,11229,30756,31489,6223
135,6.985,13784,11513,30671,32056,2271
136,7.037,12087,11501,32810,32141,586
137,7.089,12875,11053,33022,31867,1822
138,7.14,15064,11458,31880,31648,3606
139,7.192,13619,11392,30884,31508,2227
140,7.244,16980,11531,30726,32233,5449
141,7.296,18977,11150,31512,31691,7827
142,7.347,23812,12015,31075,31642,11797
143,7.399,14730,11634,30354,31544,3096
144,7.451,11848,11017,31626,31477,831
145,7.503,12483,11277,31650,31349,1206
146,7.554,12959,11374,31728,30935,1585
147,7.606,13294,11882,32857,31758,1412
148,7.658,10919,11180,30690,31355,-261
149,7.71,11305,10448,32265,32062,857
150,7.761,13791,10751,32548,32147,3040
151,7.813,15140,10745,29880,31995,4395
152,7.865,13865,10775,30870,31556,3090
153,7.917,11007,10696,31538,31928,311
154,7.968,11891,10648,32473,31593,1243
155,8.02,12050,11428,32563,32093,622
156,8.072,11230,11307,32495,31745,-77
157,8.123,12160,11440,31054,32202,720
158,8.175,10791,11150,32136,31648,-359
159,8.227,10704,10841,33717,31599,-137
160,8.279,10886,10841,31413,31837,45
161,8.33,11264,10418,30430,31727,846
162,8.382,12298,10714,31922,32068,1584
163,8.434,13348,11343,30942,31977,2005
164,8.486,15254,11543,31399,31691,3711
165,8.537,14501,11598,29951,32080,2903
166,8.589,14665,11622,30222,32160,3043
167,8.641,10835,11343,32483,32178,-508
168,8.693,11332,11041,32005,32172,291
169,8.744,11985,11301,30775,32007,684
170,8.796,13185,11543,31620,31684,1642
171,8.848,12174,11555,31999,31410,619
172,8.9,11195,10793,30653,31989,402
173,8.951,10503,11471,32424,32160,-968
174,9.003,11398,11017,31793,31550,381
175,9.055,12675,11598,32185,31867,1077
176,9.107,10476,11549,31366,32263,-1073
177,9.158,11557,11374,32110,32001,183
178,9.21,11259,11573,31083,32038,-314
179,9.262,12992,12184,32576,32324,808
180,9.314,12818,11882,30412,31989,936
181,9.365,12186,11356,31977,32300,830
182,9.417,12740,11277,32711,32123,1463
183,9.469,11613,11265,32195,32422,348
184,9.521,11950,11204,32397,31879,746
185,9.572,10460,11265,31348,31788,-805
186,9.624,11148,11495,32954,31739,-347
187,9.676,11137,11277,30936,32007,-140
188,9.727,10237,10884,31193,32495,-647
189,9.779,10514,11186,33037,31587,-672
190,9.831,10466,11622,31986,31867,-1156
191,9.883,11042,11416,32557,31977,-374
192,9.934,10903,10938,33467,31228,-35
193,9.986,10949,11132,30852,32348,-183
194,10.038,10716,11259,31578,31276,-543
195,10.09,12455,11289,31957,32239,1166
196,10.141,10048,11289,32684,31489,-1241
197,10.193,10285,11156,32386,32214,-871
198,10.245,10658,11235,31143,32013,-577
199,10.297,11773,11180,32642,31873,593
200,10.348,10791,10962,32620,31885,-171
201,10.4,12939,11259,31179,31715,1680
202,10.452,10351,10974,30467,31782,-623
203,10.504,12012,11053,29706,31788,959
204,10.555,11449,11168,32111,32391,281
205,10.607,11250,11561,32257,31642,-311
206,10.659,11445,11821,30489,31435,-376
207,10.711,11647,11906,32725,31910,-259
208,10.762,10783,11325,32055,31703,-542
209,10.814,12655,11846,32674,31715,809
210,10.866,11764,12106,32379,32507,-342
211,10.918,12949,11501,31974,31465,1448
212,10.969,11259,11138,30375,31800,121
213,11.021,11308,11229,31533,32184,79
214,11.073,12003,11101,31487,31630,902
215,11.125,11986,11362,31246,31642,624
216,11.176,11708,11325,32215,32172,383
217,11.228,10935,11271,31254,31867,-336
218,11.28,11171,11664,32405,32263,-493
219,11.331,10738,11706,32175,31855,-968
220,11.383,11242,10914,32399,31806,328
221,11.435,9915,10974,31749,32160,-1059
222,11.487,11532,10878,32403,31916,654
223,11.538,11404,11235,32967,31599,169
224,11.59,11760,11065,31396,32001,695
225,11.642,10450,11319,32640,31715,-869
226,11.694,11306,11380,30155,31489,-74
227,11.745,11112,11785,31845,31928,-673
228,11.797,10964,11967,33107,32531,-1003
229,11.849,10346,11967,32693,32013,-1621
230,11.901,10961,11350,31260,31581,-389
231,11.952,10382,11065,30950,32117,-683
232,12.004,10962,11410,34200,31611,-448
233,12.056,11333,11712,31491,31630,-379
234,12.108,11209,10763,32671,31563,446
235,12.159,10773,11083,31843,32135,-310
236,12.211,10915,10866,32650,32026,49
237,12.263,11483,11325,31366,31867,158
238,12.315,10309,11446,30646,32129,-1137
239,12.366,12186,11065,31330,32044,1121
240,12.418,11418,11864,31085,31916,-446
241,12.47,10839,11192,31382,32324,-353
242,12.522,13121,11301,31902,31617,1820
243,12.573,11779,11120,31967,32044,659
244,12.625,12146,10811,31401,31843,1335
245,12.677,10399,10545,32015,31916,-146
246,12.729,10052,11005,31449,31800,-953
247,12.78,11537,10944,31574,32026,593
248,12.832,11865,11174,31692,31691,691
249,12.884,13279,11210,33094,31502,2069
250,12.935,11766,11210,30943,32196,556
251,12.987,11105,11210,29847,31946,-105
252,13.039,11036,11350,32919,31672,-314
253,13.091,10904,11464,31720,31770,-560
254,13.142,10911,10993,31909,31965,-82
255,13.194,11928,10866,31399,31952,1062
256,13.246,10129,11053,33152,31502,-924
257,13.298,11093,10884,31962,31873,209
258,13.349,9966,11319,32711,31849,-1353
259,13.401,9880,11362,30616,32007,-1482
260,13.453,10466,11229,32160,32068,-763
261,13.505,11670,10793,31560,31794,877
262,13.556,10717,10738,31166,31855,-21
263,13.608,10604,10823,32800,32227,-219
264,13.66,11016,10527,31473,31812,489
265,13.712,11201,10400,33863,31727,801
266,13.763,10926,10557,29865,31788,369
267,13.815,11553,10611,32856,32422,942
268,13.867,12238,10872,32429,32062,1366
269,13.919,11618,11023,30396,31721,595
270,13.97,10876,10950,29852,31898,-74
271,14.022,10672,10696,31112,31849,-24
272,14.074,10516,10515,31702,32251,1
273,14.126,13928,10690,31720,32013,3238
274,14.177,12345,10714,31769,32026,1631
275,14.229,12037,11204,30939,32440,833
276,14.281,11357,10793,32720,31623,564
277,14.333,11375,10557,31008,31806,818
278,14.384,9642,10835,32108,32641,-1193
279,14.436,10532,10563,32067,32787,-31
280,14.488,10906,10738,31467,32068,168
281,14.54,13044,11495,31671,31946,1549
282,14.591,10567,11452,30525,32050,-885
283,14.643,10598,10587,31284,31867,11
284,14.695,10306,11071,31080,32001,-765
285,14.746,10206,11108,31594,32105,-902
286,14.798,10085,10805,31979,32385,-720
287,14.85,10270,11108,30634,31825,-838
288,14.902,11139,10993,33297,31940,146
289,14.953,11968,10587,31795,32019,1381
290,15.005,11055,10394,32911,32044,661
291,15.057,10065,10484,32103,32458,-419
292,15.109,10731,10738,32106,32495,-7
293,15.16,11143,10884,31501,32026,259
294,15.212,10526,10630,31939,32135,-104
295,15.264,11116,10769,33818,32105,347
296,15.316,10796,10757,32344,31733,39
297,15.367,10454,10563,32958,32330,-109
298,15.419,10444,10575,32915,32013,-131
299,15.471,10698,10509,32152,32623,189
300,15.523,11069,10273,31100,32312,796
301,15.574,10683,10866,31615,32221,-183
302,15.626,10477,10127,34122,32373,350
303,15.678,10158,10702,31540,32355,-544
304,15.73,10402,10666,31190,31989,-264
305,15.781,10861,10853,32422,32019,8
306,15.833,10229,10285,33244,31916,-56
307,15.885,9741,10254,31646,32099,-513
308,15.937,9981,10496,32178,31867,-515
309,15.988,10358,10950,31655,31758,-592
310,16.04,10384,10817,32470,32227,-433
311,16.092,10062,10551,31529,32196,-489
312,16.144,10717,11356,31838,32513,-639
313,16.195,11639,10817,32358,31684,822
314,16.247,10554,10829,32183,31928,-275
315,16.299,11152,10327,31771,32342,825
316,16.35,10613,10714,33289,32105,-101
317,16.402,11012,10793,32231,32208,219
318,16.454,9861,10581,31110,32160,-720
319,16.506,10180,10962,31517,32245,-782
320,16.557,12825,10932,32577,31965,1893
321,16.609,11335,11241,31974,32068,94
322,16.661,9962,11126,33368,32586,-1164
323,16.713,10824,11035,32567,32391,-211
324,16.764,9602,10418,31089,32379,-816
325,16.816,10546,10394,33146,32190,152
326,16.868,10584,10557,30789,32452,27
327,16.92,10497,10424,32912,32141,73
328,16.971,12131,10557,30740,32001,1574
329,17.023,12416,11059,31966,31885,1357
330,17.075,10347,10763,32694,32026,-416
331,17.127,11914,11041,31781,32263,873
332,17.178,11098,10999,32208,32178,99
333,17.23,10462,11035,31547,31794,-573
334,17.282,10536,10835,30963,31818,-299
335,17.334,11361,11622,31991,32495,-261
336,17.385,12239,11216,30676,32147,1023
337,17.437,12183,10817,32090,32543,1366
338,17.489,10496,10926,32292,31952,-430
339,17.541,11808,11108,30106,32147,700
340,17.592,11505,11083,31828,31879,422
341,17.644,11776,11259,31091,31922,517
342,17.696,12333,10793,33618,32135,1540
343,17.748,15547,11398,31974,31989,4149
344,17.799,13588,11973,31605,31934,1615
345,17.851,11022,11198,32294,31989,-176
346,17.903,14148,11295,32916,31971,2853
347,17.954,11565,10993,30798,32464,572
348,18.006,9909,10968,32262,32221,-1059
349,18.058,11677,11198,31987,31849,479
350,18.11,10610,10418,31170,31855,192
351,18.161,10362,10835,31340,31691,-473
352,18.213,11386,10987,33713,32166,399
353,18.265,11059,10787,31218,32019,272
354,18.317,11233,11452,31511,32038,-219
355,18.368,12008,11216,32486,32214,792
356,18.42,11099,10732,34054,32019,367
357,18.472,11737,10763,31728,32738,974
358,18.524,11161,11114,32117,32147,47
359,18.575,12413,11005,30526,32105,1408
360,18.627,12507,11706,30647,31867,801
361,18.679,11279,10769,32170,31587,510
362,18.731,10773,10732,30485,32001,41
363,18.782,12474,10968,32747,31617,1506
364,18.834,10928,11144,30291,32019,-216
365,18.886,12431,11083,32472,32556,1348
366,18.938,12342,10763,33302,31745,1579
367,18.989,10289,10726,32009,32178,-437
368,19.041,10917,10805,31270,31642,112
369,19.093,11835,11259,31045,32178,576
370,19.145,12801,10732,31936,32318,2069
371,19.196,11318,10902,32280,32117,416
372,19.248,12164,11114,31412,31837,1050
373,19.3,10957,10987,31321,32348,-30
374,19.352,11859,11029,33245,32495,830
375,19.403,11267,10944,30075,32007,323
376,19.455,12544,10841,31832,32306,1703
377,19.507,11781,11047,30254,32233,734
378,19.558,11145,11071,32739,31855,74
379,19.61,11833,11265,32137,32019,568
380,19.662,12077,11150,31654,32196,927
381,19.714,12053,11271,32579,31928,782
382,19.765,12574,10962,31615,31666,1612
383,19.817,11101,11525,31847,32208,-424
384,19.869,10004,11180,32735,32068,-1176
385,19.921,10669,11374,33966,32312,-705
386,19.972,10674,11108,30375,32196,-434
387,20.024,10380,11174,31407,31843,-794
388,20.076,11180,11537,32210,32001,-357
389,20.128,11822,11694,30520,32379,128
390,20.179,10176,11658,30064,31648,-1482
391,20.231,12724,11622,32149,31825,1102
392,20.283,10920,10714,31660,32233,206
393,20.335,11180,10648,31626,32141,532
394,20.386,10954,10672,31208,32361,282
395,20.438,10182,10617,31205,31764,-435
396,20.49,11095,10261,33541,31861,834
397,20.542,10481,10430,32687,31892,51
398,20.593,10584,11011,31786,32074,-427
399,20.645,12316,10811,31989,32233,1505
400,20.697,12752,10545,30850,31630,2207
401,20.749,11130,11180,30567,31758,-50
402,20.8,10920,11428,32358,31983,-508
403,20.852,11343,11434,32737,32129,-91
404,20.904,10954,11144,32183,32306,-190
405,20.956,11787,11688,31811,31794,99
406,21.007,11286,11604,32338,31758,-318
407,21.059,11312,12057,31666,32641,-745
408,21.111,11673,11392,30722,31861,281
409,21.162,11361,11567,31879,31758,-206
410,21.214,10427,10805,31538,31691,-378
411,21.266,10026,11150,30744,32068,-1124
412,21.318,9907,11410,32934,32221,-1503
413,21.369,10669,11120,30587,32422,-451
414,21.421,11312,11283,31744,32026,29
415,21.473,9908,10999,33517,32178,-1091
416,21.525,10844,11719,31884,32269,-875
417,21.576,11538,11483,32093,31977,55
418,21.628,10808,11386,32199,32257,-578
419,21.68,11101,10920,33333,32275,181
420,21.732,10439,11235,31887,31959,-796
421,21.783,11097,11362,32371,32153,-265
422,21.835,10653,11464,30928,32056,-811
423,21.887,11882,11464,29433,31818,418
424,21.939,12343,11350,32550,32086,993
425,21.99,11665,11688,30647,31745,-23
426,22.042,10954,11283,33053,32056,-329
427,22.094,10856,11229,32938,32166,-373
428,22.146,11719,11204,32663,32586,515
429,22.197,11673,10920,33325,31971,753
430,22.249,11507,11350,31135,31831,157
431,22.301,11905,11198,32799,32099,707
432,22.353,11408,11029,32303,32275,379
433,22.404,11479,11380,31364,32257,99
434,22.456,10240,10666,31301,32019,-426
435,22.508,11344,10708,32781,32068,636
436,22.56,11037,11077,31902,32227,-40
437,22.611,10963,11235,29674,32598,-272
438,22.663,10795,10805,30113,32196,-10
439,22.715,11279,10702,32889,31843,577
440,22.766,11463,10630,32116,31983,833
441,22.818,11293,10932,31265,31940,361
442,22.87,12048,10847,33361,32196,1201
443,22.922,11166,10859,32548,32068,307
444,22.973,11917,11059,31237,31617,858
445,23.025,11394,10757,31210,31812,637
446,23.077,11205,11138,32692,32196,67
447,23.129,11319,11047,31600,31946,272
448,23.18,11843,10920,32993,32044,923
449,23.232,11798,11174,32284,32147,624
450,23.284,11538,10817,31517,32312,721
451,23.336,11787,11083,32520,32093,704
452,23.387,11579,11047,30652,31892,532
453,23.439,11407,11210,32690,31885,197
454,23.491,10829,10980,30817,31952,-151
455,23.543,10746,11410,33750,32568,-664
456,23.594,10925,10751,30085,32038,174
457,23.646,11018,10763,32560,32074,255
458,23.698,12480,10793,31808,32062,1687
459,23.75,12953,11229,31168,32086,1724
460,23.801,11695,10896,32546,32178,799
461,23.853,12177,10702,31383,32446,1475
462,23.905,10779,10194,32022,32306,585
463,23.957,11772,10944,32936,32074,828
464,24.008,10694,10660,32901,31995,34
465,24.06,10809,10884,31227,32263,-75
466,24.112,11215,11289,32966,32312,-74
467,24.164,11273,10866,30266,32062,407
468,24.215,12045,11174,32221,32355,871
469,24.267,11125,10775,30215,32251,350
470,24.319,11409,10351,32730,32671,1058
471,24.37,10997,10436,33172,31825,561
472,24.422,12650,10902,32789,31946,1748
473,24.474,14823,11144,34011,31904,3679
474,24.526,14157,10793,31187,32147,3364
475,24.577,11949,10823,31532,31684,1126
476,24.629,13798,10866,31378,32123,2932
477,24.681,12376,10841,31429,32184,1535
478,24.733,12153,10745,31422,31934,1408
479,24.784,11895,10890,32202,31898,1005
480,24.836,12473,10817,32047,32105,1656
481,24.888,13164,11144,32017,31959,2020
482,24.94,11284,11192,33465,32367,92
483,24.991,11656,11174,31282,31867,482
484,25.043,13521,10642,32869,31776,2879
485,25.095,18617,11186,32414,32513,7431
486,25.147,12408,11011,32986,31873,1397
487,25.198,13384,11416,31244,31959,1968
488,25.25,13490,11186,33178,31861,2304
489,25.302,13455,11132,32720,32166,2323
490,25.354,14410,11283,30645,31800,3127
491,25.405,11130,11071,33317,31855,59
492,25.457,11650,11174,30220,32288,476
493,25.509,11260,11198,32201,32172,62
494,25.561,11074,10835,32918,32056,239
495,25.612,13025,11017,32156,32044,2008
496,25.664,11990,10859,32499,31867,1131
497,25.716,12178,11398,31763,32385,780
498,25.768,10811,11077,33551,32239,-266
499,25.819,10989,11023,30821,32019,-34
500,25.871,10270,10980,32122,31739,-710
501,25.923,11867,11071,32253,32330,796
502,25.974,11397,10974,32487,31928,423
503,26.026,12652,11017,32042,31940,1635
504,26.078,11321,11174,32223,32489,147
505,26.13,11530,11059,31336,32239,471
506,26.181,12645,11283,32362,31952,1362
507,26.233,13874,11888,31546,32099,1986
508,26.285,12175,11525,32847,32190,650
509,26.337,11122,11658,33280,31812,-536
510,26.388,10257,10920,32452,31855,-663
511,26.44,11374,11567,30837,32751,-193
512,26.492,11111,11241,32105,31678,-130
513,26.544,11337,11489,33339,32141,-152
514,26.595,11969,10811,32500,32312,1158
515,26.647,11820,11095,31951,31581,725
516,26.699,10588,10926,33553,32208,-338
517,26.751,11193,10745,32749,32190,448
518,26.802,11058,10805,32173,32202,253
519,26.854,11629,10829,34559,31940,800
520,26.906,11488,11265,30347,31800,223
521,26.958,11288,11803,30940,32361,-515
522,27.009,11920,11053,33095,32269,867
523,27.061,12622,11319,31816,32123,1303
524,27.113,11791,11283,31744,31983,508
525,27.165,10775,11126,32251,32202,-351
526,27.216,11839,11664,32510,31672,175
527,27.268,12206,11247,31504,31910,959
528,27.32,11205,11053,32515,32245,152
529,27.372,11236,10847,30335,32007,389
530,27.423,11866,10950,33052,32141,916
531,27.475,11680,10938,32524,31605,742
532,27.527,12085,11289,31153,32013,796
533,27.578,11084,11797,31179,32093,-713
534,27.63,12340,11192,31863,31934,1148
535,27.682,12283,11489,31550,32093,794
536,27.734,11661,11495,30466,32257,166
537,27.785,11209,11428,31396,31879,-219
538,27.837,12454,10980,32123,32093,1474
539,27.889,11612,11077,31234,32300,535
540,27.941,11530,10968,31880,32007,562
541,27.992,11817,11017,31703,31630,800
542,28.044,10461,10745,31192,31873,-284
543,28.096,9707,10297,31146,31946,-590
544,28.148,10383,10720,31283,31727,-337
545,28.199,9914,10363,31911,32153,-449
546,28.251,10599,10315,30990,32476,284
547,28.303,10282,10787,32494,32294,-505
548,28.355,10126,10533,31895,32409,-407
549,28.406,11461,10297,31550,32184,1164
550,28.458,11266,11023,31884,32007,243
551,28.51,11101,10678,31226,32330,423
552,28.562,10611,10309,32302,32501,302
553,28.613,10215,10339,31728,32080,-124
554,28.665,11007,10267,31248,32397,740
555,28.717,10096,10152,30999,31910,-56
556,28.769,9869,10158,32808,31672,-289
557,28.82,11311,10726,30820,32214,585
558,28.872,10273,10430,30098,32281,-157
559,28.924,11056,10478,34015,32007,578
560,28.976,11395,10436,30993,32019,959
561,29.027,10072,10769,31488,31928,-697
562,29.079,10476,10684,33221,32099,-208
563,29.131,10315,10805,33599,32032,-490
564,29.182,11629,11277,33827,32178,352
565,29.234,11870,10932,33090,32050,938
566,29.286,9887,11162,31182,32166,-1275
567,29.338,10415,10581,31802,32038,-166
568,29.389,10242,10382,32916,32239,-140
569,29.441,10034,10599,30949,32355,-565
570,29.493,9781,10218,31739,31831,-437
571,29.545,9807,10551,32999,32562,-744
572,29.596,10111,10478,31859,32300,-367
573,29.648,10617,10515,31292,31843,102
574,29.7,11758,10672,32652,31885,1086
575,29.752,11983,10624,32898,32160,1359
576,29.803,9951,10654,32533,32330,-703
577,29.855,10216,10805,32173,31952,-589
578,29.907,11231,10285,32538,31825,946
579,29.959,11394,10557,32012,31818,837
580,30.01,10837,10527,32927,32093,310
581,30.062,9257,10672,32920,32172,-1415
582,30.114,11352,10726,32276,32214,626
583,30.166,10338,10285,32365,31892,53
584,30.217,11080,10569,32102,32111,511
585,30.269,9585,10684,30606,32202,-1099
586,30.321,10130,10799,31730,32300,-669
587,30.373,11914,10436,32392,32129,1478
588,30.424,10688,10751,31535,32074,-63
589,30.476,10364,10460,31966,32275,-96
590,30.528,10835,10557,32070,31691,278
591,30.58,10487,10527,30673,32348,-40
592,30.631,10132,10817,31035,32068,-685
593,30.683,10576,10394,32732,32385,182
594,30.735,10389,10666,32420,32300,-277
595,30.786,10362,10999,33425,32556,-637
596,30.838,11004,11065,31865,32117,-61
597,30.89,12654,10684,32249,32361,1970
598,30.942,12052,10938,32541,32452,1114
599,30.993,11113,10974,32425,31904,139
600,31.045,10038,11144,32566,31910,-1106
601,31.097,11111,10841,32672,32013,270
602,31.149,10798,10890,33952,32013,-92
603,31.2,10549,10642,32701,31831,-93
604,31.252,10615,10859,32290,32141,-244
605,31.304,10050,10527,32185,32574,-477
606,31.356,11062,10321,31384,32422,741
607,31.407,10563,10763,33162,32434,-200
608,31.459,9511,10738,32176,31983,-1227
609,31.511,11003,10884,32652,31989,119
610,31.563,11010,10527,31057,32403,483
611,31.614,11334,10708,31811,32275,626
612,31.666,10989,10738,31362,32324,251
613,31.718,10078,10442,34711,32336,-364
614,31.77,11145,10430,31088,32190,715
615,31.821,10113,10254,31467,32342,-141
616,31.873,11026,10521,31745,32507,505
617,31.925,10546,10242,34300,32288,304
618,31.977,10653,10545,33369,32086,108
619,32.028,10927,10460,32067,32105,467
620,32.08,11217,10133,32374,31563,1084
621,32.132,10581,10581,30420,32623,0
622,32.184,9925,10170,33206,32391,-245
623,32.235,10106,10430,31690,32294,-324
624,32.287,10358,10527,32109,32367,-169
625,32.339,10989,10230,32165,31983,759
626,32.39,11210,10418,31576,32227,792
627,32.442,10064,10200,30960,32543,-136
628,32.494,9992,10726,32413,32153,-734
629,32.546,11350,10980,32173,32117,370
630,32.597,10680,11307,31324,32415,-627
631,32.649,11050,11452,32050,31989,-402
632,32.701,10025,11277,31807,32306,-1252
633,32.753,11354,10545,30563,32556,809
634,32.804,11416,10660,31693,31739,756
635,32.856,9639,10333,31705,32214,-694
636,32.908,10434,10533,32215,32093,-99
637,32.96,11411,10563,32412,32342,848
638,33.011,12534,10878,32435,32184,1656
639,33.063,10376,10581,32598,32379,-205
640,33.115,10588,10757,33015,32196,-169
641,33.167,10660,11047,33389,31940,-387
642,33.218,11476,11005,31641,31855,471
643,33.27,11120,10908,30989,32281,212
644,33.322,10561,10496,32600,32415,65
645,33.374,9691,10382,32717,32093,-691
646,33.425,11951,10884,31906,32007,1067
647,33.477,10221,10745,33697,32184,-524
648,33.529,11330,10872,31845,32214,458
649,33.581,11618,10454,31075,32147,1164
650,33.632,10670,10624,31421,32330,46
651,33.684,10777,10636,31693,32263,141
652,33.736,9982,10648,30739,32300,-666
653,33.788,11565,10781,31624,32397,784
654,33.839,10479,10593,31022,32476,-114
655,33.891,11365,10763,30390,32470,602
656,33.943,12049,10980,32254,32068,1069
657,33.994,12510,10944,32501,32610,1566
658,34.046,12392,10581,30914,32056,1811
659,34.098,11860,11041,31353,32044,819
660,34.15,11160,10642,32529,31843,518
661,34.201,10558,10751,31669,32324,-193
662,34.253,11048,10587,31578,32068,461
663,34.305,11032,10648,31999,32184,384
664,34.357,11184,10527,30475,32318,657
665,34.408,11701,10406,31887,32708,1295
666,34.46,11809,10527,31169,32147,1282
667,34.512,12336,10702,32129,32446,1634
668,34.564,11591,10624,31792,32367,967
669,34.615,13400,10775,32520,32324,2625
670,34.667,10338,10787,29906,32373,-449
671,34.719,10765,10974,31519,31721,-209
672,34.771,10479,10587,30822,32056,-108
673,34.822,10795,10896,32503,32190,-101
674,34.874,12405,11368,32101,32208,1037
675,34.926,11098,10878,31287,32294,220
676,34.978,10504,10557,31992,32671,-53
677,35.029,13232,10914,33158,32056,2318
678,35.081,12230,10557,31453,32239,1673
679,35.133,12229,11089,31817,32440,1140
680,35.185,11347,11065,32853,32501,282
681,35.236,11439,10781,33142,32385,658
682,35.288,11191,11005,31871,32062,186
683,35.34,10622,10932,30076,32068,-310
684,35.392,10933,10999,32538,32026,-66
685,35.443,10621,11416,32063,32288,-795
686,35.495,12776,11464,33380,31965,1312
687,35.547,11630,11531,31705,32683,99
688,35.598,11129,11204,31801,32854,-75
689,35.65,11749,12118,32093,31910,-369
690,35.702,11272,11483,31542,32275,-211
691,35.754,11963,11229,33558,32196,734
692,35.805,10936,11114,33977,32830,-178
693,35.857,11088,11495,32470,32726,-407
694,35.909,11572,11319,33356,32074,253
695,35.961,13726,11876,33338,32239,1850
696,36.012,11473,11483,33942,32647,-10
697,36.064,12521,11186,32547,32556,1335
698,36.116,12411,11501,32695,32556,910
699,36.168,12193,11222,32522,32562,971
700,36.219,11576,10847,32267,32458,729
701,36.271,11925,10968,32909,32318,957
702,36.323,11497,11101,33316,32355,396
703,36.375,12867,11616,33983,32221,1251
704,36.426,12652,11646,30582,32452,1006
705,36.478,11869,11325,31384,31952,544
706,36.53,10781,11446,31578,32428,-665
707,36.582,12694,11428,33100,32208,1266
708,36.633,11849,11350,34104,31843,499
709,36.685,11354,10932,32601,32434,422
710,36.737,10912,11864,33762,32129,-952
711,36.789,11480,11120,30535,32166,360
712,36.84,11930,11749,31580,32147,181
713,36.892,11362,11858,31516,32446,-496
714,36.944,10066,11555,32224,32044,-1489
715,36.996,10596,11186,32534,32324,-590
716,37.047,10626,11362,33588,32373,-736
717,37.099,12081,10902,31931,32562,1179
718,37.151,11165,11204,32639,31885,-39
719,37.202,10857,10974,31661,32074,-117
720,37.254,10395,10515,31882,31794,-120
721,37.306,10716,10829,33022,32635,-113
722,37.358,9838,10980,31353,31794,-1142
723,37.409,10846,10617,31492,32409,229
724,37.461,10605,10158,31036,32294,447
725,37.513,10441,10345,32886,32281,96
726,37.565,9578,10793,31457,32257,-1215
727,37.616,11654,10775,32681,31898,879
728,37.668,10714,10781,32587,32184,-67
729,37.72,11821,10841,32078,32647,980
730,37.772,10880,10781,32949,32263,99
731,37.823,10631,10236,33305,32367,395
732,37.875,10702,10890,33148,32300,-188
733,37.927,12822,11029,33180,32324,1793
734,37.979,10722,10460,32083,32446,262
735,38.03,15876,10817,31585,32178,5059
736,38.082,13923,10442,31483,31940,3481
737,38.134,13853,10781,33611,31940,3072
738,38.186,13062,10551,30938,32013,2511
739,38.237,11033,10799,31843,31867,234
740,38.289,10748,10999,32767,31965,-251
741,38.341,10721,10872,30776,31946,-151
742,38.393,13567,11011,31759,31910,2556
743,38.444,14246,10539,32717,31715,3707
744,38.496,28891,10745,31475,32117,18146
745,38.548,10314,10678,32481,31928,-364
746,38.6,12056,11017,33496,31776,1039
747,38.651,11682,10787,33713,31928,895
748,38.703,10852,10878,32574,32147,-26
749,38.755,10227,10726,33180,32196,-499
750,38.806,11196,10696,31281,31630,500
751,38.858,9906,10690,32747,32623,-784
752,38.91,10907,10878,31779,31831,29
753,38.962,12439,11059,33382,31758,1380
754,39.013,11470,10605,32593,32391,865
755,39.065,11918,11017,31818,32446,901
756,39.117,10914,10418,32559,32275,496
757,39.169,10640,10436,31227,31648,204
758,39.22,9651,10484,33247,32147,-833
759,39.272,9973,10993,31635,32604,-1020
760,39.324,13212,11374,31029,31916,1838
761,39.376,12056,11416,32726,31855,640
762,39.427,10655,10630,31624,32019,25
763,39.479,11216,10950,30905,32111,266
764,39.531,11373,10872,31492,31959,501
765,39.583,12264,11477,32670,32233,787
766,39.634,12521,11023,32898,32269,1498
767,39.686,12270,11035,31906,31861,1235
768,39.738,10707,10611,32586,32598,96
769,39.79,10075,10896,33804,32184,-821
770,39.841,11010,10757,31824,32294,253
771,39.893,10518,10630,31380,31928,-112
772,39.945,9487,10557,33383,32141,-1070
773,39.997,11687,10908,33017,32330,779
774,40.048,11391,10781,32716,31916,610
775,40.1,11353,11059,30479,32355,294
776,40.152,11021,10757,30588,32202,264
777,40.204,10860,11035,31936,32616,-175
778,40.255,11503,10781,31579,32434,722
779,40.307,10031,11011,30319,32336,-980
780,40.359,10973,10714,32121,32635,259
781,40.41,10221,10817,32584,32208,-596
782,40.462,9755,10696,33707,32909,-941
783,40.514,11950,10339,33311,32141,1611
784,40.566,10355,10890,32286,32623,-535
785,40.617,10422,10412,31068,32233,10
786,40.669,10375,10714,33963,32422,-339
787,40.721,11316,10660,32383,32147,656
788,40.773,9966,10714,33112,32294,-748
789,40.824,11416,10690,33456,32166,726
790,40.876,10260,10466,31847,32184,-206
791,40.928,10743,10285,33814,32099,458
792,40.98,9793,10551,31005,32757,-758
793,41.031,9683,10902,33206,32604,-1219
794,41.083,10588,10684,31858,32324,-96
795,41.135,10290,10666,31925,31684,-376
796,41.187,10652,10127,30717,32373,525
797,41.238,9680,10702,31653,31916,-1022
798,41.29,12419,10829,33146,32086,1590
799,41.342,9887,10926,31122,32062,-1039
800,41.394,9962,10829,32491,32032,-867
801,41.445,11417,10660,33120,32300,757
802,41.497,9355,10503,30832,32361,-1148
803,41.549,9464,10515,31702,32129,-1051
804,41.601,10129,10805,33165,32288,-676
805,41.652,10073,11222,32729,32842,-1149
806,41.704,10159,10672,33724,32440,-513
807,41.756,10064,10593,32031,32885,-529
808,41.808,12014,11132,31643,32147,882
809,41.859,13048,11434,31614,32355,1614
810,41.911,10432,10914,33277,31965,-482
811,41.963,9637,10503,32768,32153,-866
812,42.015,10568,10847,33860,32580,-279
813,42.066,10289,10569,32968,32196,-280
814,42.118,8696,10636,32858,32178,-1940
815,42.17,9855,10430,32155,32056,-575
816,42.221,11397,10859,32233,32434,538
817,42.273,10492,10648,31648,32641,-156
818,42.325,11701,10545,31129,32683,1156
819,42.377,10640,10660,33019,32641,-20
820,42.428,11065,10503,32612,32257,562
821,42.48,10993,10654,32712,32062,339
822,42.532,11770,10926,32974,32452,844
823,42.584,9919,10587,32631,31867,-668
824,42.635,9815,10545,32991,32434,-730
825,42.687,10401,10593,30474,31934,-192
826,42.739,9909,10630,32055,32318,-721
827,42.791,10106,10279,30233,32489,-173
828,42.842,10628,10442,32566,32489,186
829,42.894,11140,10654,31000,32214,486
830,42.946,9935,10351,32615,31971,-416
831,42.998,11116,10781,32556,31758,335
832,43.049,9873,10503,32385,32001,-630
833,43.101,11024,10974,32554,32690,50
834,43.153,9760,10720,32042,32269,-960
835,43.205,9459,10442,33139,32026,-983
836,43.256,9143,10182,33025,32677,-1039
837,43.308,9215,10418,32711,32318,-1203
838,43.36,10826,10430,32795,32275,396
839,43.412,11279,10533,30562,32342,746
840,43.463,10729,10327,33179,32513,402
841,43.515,9652,10285,32441,31995,-633
842,43.567,10118,10140,33204,32257,-22
843,43.619,10311,10581,33383,31837,-270
844,43.67,12546,10527,31880,32196,2019
845,43.722,10066,10660,32379,32385,-594
846,43.774,10188,10684,31925,32964,-496
847,43.825,10454,10363,32854,32233,91
848,43.877,10516,10412,30973,32214,104
849,43.929,10027,10400,31260,32300,-373
850,43.981,9990,10327,33083,32939,-337
851,44.032,10824,10496,32584,32781,328
852,44.084,10445,10799,31068,32269,-354
853,44.136,10134,10363,32740,32300,-229
854,44.188,9756,10303,32260,32458,-547
855,44.239,11081,10642,32262,32422,439
856,44.291,9824,10406,32098,32824,-582
857,44.343,10142,10484,32952,32044,-342
858,44.395,10224,10944,32302,32568,-720
859,44.446,10568,10763,32499,31934,-195
860,44.498,10795,10666,32692,32342,129
861,44.55,10246,10454,32899,32214,-208
862,44.602,10916,11035,31767,32001,-119
863,44.653,11503,10980,32071,32501,523
864,44.705,18471,11446,32696,32178,7025
865,44.757,14860,11350,32434,32007,3510
866,44.809,10668,10460,31031,32348,208
867,44.86,11558,10829,33063,32623,729
868,44.912,10641,11071,32016,32324,-430
869,44.964,10957,10575,33022,32257,382
870,45.016,10039,10654,31863,32355,-615
871,45.067,9869,10400,30370,32300,-531
872,45.119,10164,10521,31302,32464,-357
873,45.171,9824,10509,31285,32470,-685
874,45.223,10214,10339,32338,31831,-125
875,45.274,10902,10859,31539,32446,43
876,45.326,10968,10648,31633,32952,320
877,45.378,10416,10672,33534,31952,-256
878,45.429,10722,10412,30734,32543,310
879,45.481,10817,10805,32586,32306,12
880,45.533,12879,11041,32391,32373,1838
881,45.585,10706,11017,31724,32153,-311
882,45.636,11835,10896,30531,32878,939
883,45.688,11043,11247,32432,32257,-204
884,45.74,10109,10720,32773,32318,-611
885,45.792,10043,10793,31177,32117,-750
886,45.843,12047,11247,31531,32330,800
887,45.895,9922,10932,31371,31916,-1010
888,45.947,10026,10484,32399,32592,-458
889,45.999,10155,10708,30814,32525,-553
890,46.05,10942,10738,33029,32690,204
891,46.102,10035,10418,32845,32196,-383
892,46.154,13002,10509,32331,32275,2493
893,46.206,11405,10484,31163,32269,921
894,46.257,10161,10509,31812,32281,-348
895,46.309,9857,10400,32116,32598,-543
896,46.361,10242,10254,32741,32324,-12
897,46.413,9783,10660,30172,32257,-877
898,46.464,9744,10369,32975,32409,-625
899,46.516,9654,10484,32852,32013,-830
900,46.568,10439,10224,31678,32842,215
901,46.62,10482,10490,31032,32616,-8
902,46.671,11076,10720,33022,32239,356
903,46.723,10191,10460,33253,32294,-269
904,46.775,10258,10884,31583,32409,-626
905,46.827,10186,10720,31266,32361,-534
906,46.878,9870,10993,32424,32233,-1123
907,46.93,11009,10442,32282,32318,567
908,46.982,11250,10611,31685,32671,639
909,47.033,10200,10158,33496,32452,42
910,47.085,10547,10599,32676,33067,-52
911,47.137,10815,10442,31086,32647,373
912,47.189,10247,10351,30990,32147,-104
913,47.24,10428,10382,32305,32537,46
914,47.292,10474,10805,31695,32269,-331
915,47.344,11095,10605,31906,32495,490
916,47.396,10351,10345,31558,32342,6
917,47.447,9239,10793,32482,32604,-1554
918,47.499,10313,10539,31940,32355,-226
919,47.551,10000,10212,31120,32623,-212
920,47.603,10700,10454,32428,32489,246
921,47.654,10450,10309,31487,32391,141
922,47.706,12121,10206,32756,32464,1915
923,47.758,9491,10333,34449,32355,-842
924,47.81,10518,10890,32004,32300,-372
925,47.861,11610,10636,34241,32549,974
926,47.913,11415,10557,30737,32166,858
927,47.965,11688,10369,31584,32086,1319
928,48.017,10296,10696,31656,32221,-400
929,48.068,10516,10563,31484,32482,-47
930,48.12,9975,10484,33927,32422,-509
931,48.172,10727,10261,29561,31940,466
932,48.224,10801,11011,32483,32397,-210
933,48.275,10563,10466,31351,32257,97
934,48.327,10292,10460,32048,32537,-168
935,48.379,9960,10279,32284,32495,-319
936,48.431,11263,10872,32054,32263,391
937,48.482,11092,10799,29900,32495,293
938,48.534,11514,10872,32392,32805,642
939,48.586,10203,10708,30775,32428,-505
940,48.637,10227,10823,31838,32403,-596
941,48.689,9567,11247,33377,32440,-1680
942,48.741,10991,10605,33644,32440,386
943,48.793,10779,11192,31843,32251,-413
944,48.844,11499,11011,31078,32129,488
945,48.896,10233,10884,32805,32288,-651
946,48.948,9307,10775,30863,32446,-1468
947,49.0,9849,10454,32729,32153,-605
948,49.051,10273,10932,32168,32294,-659
949,49.103,11008,11150,31517,32397,-142
950,49.155,10759,11029,32565,32842,-270
951,49.207,10609,10708,32201,32184,-99
952,49.258,11175,10775,30518,32501,400
953,49.31,11327,10708,33025,32013,619
954,49.362,10008,10587,30868,32952,-579
955,49.414,9862,10315,32407,32702,-453
956,49.465,9606,10690,31091,32714,-1084
957,49.517,9729,10896,32298,32391,-1167
958,49.569,10215,10866,34512,32038,-651
959,49.621,10714,10987,30988,32202,-273
960,49.672,10597,11041,31066,32641,-444
961,49.724,11388,10999,32079,32160,389
962,49.776,10344,10642,31662,32531,-298
963,49.828,9924,11095,32663,32099,-1171
964,49.879,9720,10720,33161,32507,-1000
965,49.931,10537,10859,31587,32281,-322
966,49.983,10358,11065,31456,32221,-707
967,50.035,10191,10920,33194,32312,-729
968,50.086,11024,11592,31315,32738,-568
969,50.138,13691,11313,32105,32665,2378
970,50.19,12228,10944,34566,32263,1284
971,50.241,11135,11471,31218,32531,-336
972,50.293,9294,10400,31966,32824,-1106
973,50.345,9719,10636,32542,32872,-917
974,50.397,9811,10648,32487,32257,-837
975,50.448,10026,10037,31394,32318,-11
976,50.5,10627,10140,30196,32616,487
977,50.552,9699,10242,32774,32836,-543
978,50.604,9958,10242,32550,32263,-284
979,50.655,10582,10630,32315,32525,-48
980,50.707,10128,9982,32361,32202,146
981,50.759,9955,10224,30888,32221,-269
982,50.811,9591,10224,30463,32537,-633
983,50.862,10571,10382,32006,32988,189
984,50.914,10563,10515,31959,32409,48
985,50.966,9983,10279,32110,32671,-296
986,51.018,10857,10345,32752,32251,512
987,51.069,10104,10079,33702,32464,25
988,51.121,10361,10617,31369,32019,-256
989,51.173,10695,10267,32854,32818,428
990,51.225,10551,10085,31172,32202,466
991,51.276,9984,10424,31359,32422,-440
992,51.328,9326,10291,30888,32245,-965
993,51.38,10327,10630,31985,32269,-303
994,51.432,10216,10611,32905,33073,-395
995,51.483,10565,10291,31606,32080,274
996,51.535,10887,10273,31758,32635,614
997,51.587,10728,10357,32681,32269,371
998,51.639,10864,10043,32811,32501,821
999,51.69,10137,10037,31070,32574,100
