frame,Time [s],CH1,BGND1,CH2,BGND2,intensity
0,0.0,8468,8717,39499,37677,-249
1,0.052,8731,8356,40374,38408,375
2,0.103,8780,8711,40615,37970,69
3,0.155,8575,8741,41271,38841,-166
4,0.207,8793,8699,41728,38024,94
5,0.259,7732,8567,40471,37415,-835
6,0.31,7610,8579,39924,38128,-969
7,0.362,8654,8585,42417,37367,69
8,0.414,9005,8603,39831,38207,402
9,0.466,8446,8434,38778,38384,12
10,0.517,8382,8524,39271,38201,-142
11,0.569,8680,8591,40543,37561,89
12,0.621,9098,8542,38991,37896,556
13,0.673,8521,8615,38309,37714,-94
14,0.724,7899,8452,39447,37233,-553
15,0.776,8640,8627,38549,38207,13
16,0.828,8860,8452,39797,37781,408
17,0.88,8465,8536,39399,37628,-71
18,0.931,8245,8536,39836,37513,-291
19,0.983,8221,8434,41120,37896,-213
20,1.035,7881,8603,40315,36867,-722
21,1.087,8485,8470,40163,37549,15
22,1.138,8510,8476,39906,38256,34
23,1.19,8139,8524,40078,38274,-385
24,1.242,8520,8597,39120,38201,-77
25,1.294,8408,8470,40056,38079,-62
26,1.345,9209,8657,41389,37762,552
27,1.397,8602,8470,40215,37829,132
28,1.449,8798,8633,39000,37878,165
29,1.501,8761,8440,39926,37811,321
30,1.552,7820,8579,38936,37391,-759
31,1.604,7500,8753,38861,38213,-1253
32,1.656,8548,8295,41008,37878,253
33,1.707,8427,8235,41486,37665,192
34,1.759,7993,8332,41986,38439,-339
35,1.811,9053,8307,39904,37933,746
36,1.863,8743,8729,39467,37945,14
37,1.914,7697,8458,41011,38067,-761
38,1.966,8065,8476,40613,38024,-411
39,2.018,8429,8651,37040,38195,-222
40,2.07,9449,8940,40418,37689,509
41,2.121,8352,8639,39308,38396,-287
42,2.173,8423,8518,39485,38219,-95
43,2.225,7886,8398,39371,38128,-512
44,2.277,8447,8765,39808,38073,-318
45,2.328,9167,8627,40659,38134,540
46,2.38,8500,8452,40825,37976,48
47,2.432,8645,8567,41122,39060,78
48,2.484,8029,8699,40304,38640,-670
49,2.535,8538,8488,40583,38353,50
50,2.587,8103,8362,37536,37805,-259
51,2.639,7864,8452,39864,38091,-588
52,2.691,7591,8404,42367,38164,-813
53,2.742,7677,8464,41003,37994,-787
54,2.794,8808,8253,39884,38646,555
55,2.846,9021,8380,38560,38104,641
56,2.898,8067,8380,39215,38146,-313
57,2.949,8379,8295,38989,37360,84
58,3.001,8789,8554,40244,38816,235
59,3.053,8615,8518,41576,38451,97
60,3.105,8125,8404,39655,38536,-279
61,3.156,7774,8470,39176,38305,-696
62,3.208,8871,8494,39672,38536,377
63,3.26,8321,8392,39102,38037,-71
64,3.311,8000,8259,40120,38713,-259
65,3.363,8153,8362,40083,38122,-209
66,3.415,7876,8199,40199,37440,-323
67,3.467,8783,8247,39907,38140,536
68,3.518,8599,8494,39515,37866,105
69,3.57,8833,8434,39067,37251,399
70,3.622,8275,8380,39135,37963,-105
71,3.674,8476,8446,39693,38018,30
72,3.725,8959,8500,39604,37951,459
73,3.777,8821,8458,39700,37610,363
74,3.829,8997,8307,39291,37951,690
75,3.881,8067,8295,39076,38225,-228
76,3.932,7397,8301,38754,38000,-904
77,3.984,9252,8356,38127,37787,896
78,4.036,7741,8320,38463,38110,-579
79,4.088,8623,8265,39083,38451,358
80,4.139,7821,8458,38886,38146,-637
81,4.191,8735,8362,38364,37555,373
82,4.243,8080,8609,40770,37805,-529
83,4.295,8138,8536,40890,37574,-398
84,4.346,8584,8494,40089,37994,90
85,4.398,7852,8386,39311,37622,-534
86,4.45,8577,8326,38899,38396,251
87,4.502,8340,8313,40870,37823,27
88,4.553,7925,8289,38906,37744,-364
89,4.605,8244,8488,40634,38012,-244
90,4.657,8901,8133,37026,37945,768
91,4.709,8714,8139,37972,37970,575
92,4.76,8002,8422,38802,38694,-420
93,4.812,8452,8404,38770,38171,48
94,4.864,7830,8476,37997,37988,-646
95,4.915,8455,8410,39872,38171,45
96,4.967,7082,8422,38431,38956,-1340
97,5.019,8564,8627,38254,38000,-63
98,5.071,7952,8295,40061,36812,-343
99,5.122,7900,8283,37324,38146,-383
100,5.174,8178,8338,37766,37409,-160
101,5.226,7920,8506,39990,37117,-586
102,5.278,8893,8440,38137,37610,453
103,5.329,9001,8332,38259,37488,669
104,5.381,9452,8416,35971,37330,1036
105,5.433,7938,8470,38040,38171,-532
106,5.485,7995,8458,39184,38158,-463
107,5.536,7826,8326,39567,37561,-500
108,5.588,8476,8398,39639,38250,78
109,5.64,8110,8452,39707,38152,-342
110,5.692,8515,8428,38631,37555,87
111,5.743,7676,8338,40342,37775,-662
112,5.795,8330,8265,38601,38055,65
113,5.847,8334,8446,39455,37342,-112
114,5.899,8387,8301,38215,38073,86
115,5.95,8567,8223,38470,37360,344
116,6.002,8832,8320,37513,37689,512
117,6.054,8140,8356,39834,37665,-216
118,6.106,8089,8494,38202,37829,-405
119,6.157,9334,8217,38507,37019,1117
120,6.209,7715,8307,39291,37677,-592
121,6.261,8481,8283,38370,38341,198
122,6.313,8412,8464,39676,38000,-52
123,6.364,7998,8109,40617,37714,-111
124,6.416,8390,8277,39402,37531,113
125,6.468,7652,8344,36781,37592,-692
126,6.519,8387,8277,40759,37811,110
127,6.571,8075,8338,38109,37641,-263
128,6.623,8213,8386,39260,38475,-173
129,6.675,8630,8187,38420,38024,443
130,6.726,7812,8265,40330,38487,-453
131,6.778,8005,8500,38081,37762,-495
132,6.83,8268,8223,39544,37988,45
133,6.882,7974,8295,39122,38439,-321
134,6.933,7558,8229,40016,37610,-671
135,6.985,7633,8048,40236,37342,-415
136,7.037,8208,8386,40115,37592,-178
137,7.089,8087,8229,40627,37208,-142
138,7.14,7220,8289,41982,37452,-1069
139,7.192,8101,8464,40549,37775,-363
140,7.244,8162,8193,39354,38030,-31
141,7.296,8430,8289,38617,37878,141
142,7.347,8889,8223,41133,38024,666
143,7.399,8768,8446,40563,38073,322
144,7.451,8078,8410,39310,37732,-332
145,7.503,7588,8265,37496,37476,-677
146,7.554,7520,8350,39669,37421,-830
147,7.606,7533,8289,39342,37269,-756
148,7.658,8546,8464,39152,38164,82
149,7.71,8251,8181,40095,37367,70
150,7.761,7757,8434,39420,37793,-677
151,7.813,8329,8434,40431,37373,-105
152,7.865,8426,8693,38088,37598,-267
153,7.917,8226,8235,38576,37568,-9
154,7.968,8662,8398,38340,37555,264
155,8.02,8002,8127,37687,37598,-125
156,8.072,8117,8193,38348,36581,-76
157,8.123,7648,8542,37158,37665,-894
158,8.175,8691,8392,38360,36940,299
159,8.227,7596,8356,38331,37574,-760
160,8.279,8322,8332,37776,37287,-10
161,8.33,8054,7976,39389,37708,78
162,8.382,7949,8326,40592,37580,-377
163,8.434,8476,8458,35602,38396,18
164,8.486,8588,8073,38872,37836,515
165,8.537,8189,8500,39556,37665,-311
166,8.589,8540,8277,39938,37354,263
167,8.641,8295,8554,39375,37769,-259
168,8.693,8397,8410,38072,37860,-13
169,8.744,8180,8097,39447,38049,83
170,8.796,8281,8241,38204,37641,40
171,8.848,7561,8368,38460,37714,-807
172,8.9,8213,8205,41497,37750,8
173,8.951,8340,8374,38518,37257,-34
174,9.003,8862,8163,39899,38037,699
175,9.055,8524,8115,37820,37957,409
176,9.107,8098,8386,39840,37915,-288
177,9.158,7419,8241,39042,38262,-822
178,9.21,7552,8307,38648,38219,-755
179,9.262,7946,8271,39016,37574,-325
180,9.314,8555,8271,39258,37903,284
181,9.365,8538,8223,37889,38420,315
182,9.417,7978,8320,38049,37513,-342
183,9.469,8199,8073,37406,37866,126
184,9.521,7907,8193,39214,38158,-286
185,9.572,8493,8283,37111,38341,210
186,9.624,7814,8326,36577,37994,-512
187,9.676,7665,8103,40442,37665,-438
188,9.727,8598,8368,38252,37348,230
189,9.779,8036,8416,38710,37811,-380
190,9.831,7883,8464,36735,37470,-581
191,9.883,8480,8289,37183,38012,191
192,9.934,8034,8247,38985,37458,-213
193,9.986,8457,8091,40201,37695,366
194,10.038,7963,8277,39059,37641,-314
195,10.09,8204,8145,38925,37464,59
196,10.141,8788,8289,38522,37683,499
197,10.193,8312,8127,39049,37470,185
198,10.245,7437,8295,40472,37982,-858
199,10.297,7667,8193,38002,38061,-526
200,10.348,8295,8181,37279,37762,114
201,10.4,7755,8157,38188,37488,-402
202,10.452,8038,8428,38882,37513,-390
203,10.504,8632,8157,39729,37409,475
204,10.555,7321,8175,39893,37367,-854
205,10.607,8219,8494,38674,37494,-275
206,10.659,8024,8151,38232,37787,-127
207,10.711,7459,7964,36044,37872,-505
208,10.762,8033,8103,38222,37446,-70
209,10.814,8010,8416,43026,38414,-406
210,10.866,7493,8223,36722,37695,-730
211,10.918,7015,8115,38043,37689,-1100
212,10.969,8546,8241,38529,37068,305
213,11.021,7975,8139,36914,37708,-164
214,11.073,8306,8344,39098,37860,-38
215,11.125,8099,8253,38049,37683,-154
216,11.176,8125,8163,38206,37689,-38
217,11.228,7919,8374,39018,38640,-455
218,11.28,8753,8585,39521,37781,168
219,11.331,8965,8181,36229,37159,784
220,11.383,8548,8151,37400,37769,397
221,11.435,8508,8386,39205,38140,122
222,11.487,8106,8151,39308,38128,-45
223,11.538,7237,8181,39464,37720,-944
224,11.59,8524,8711,38918,38079,-187
225,11.642,8055,8283,37470,37513,-228
226,11.694,7614,8410,38661,37756,-796
227,11.745,7674,8344,40817,37543,-670
228,11.797,9821,8235,39424,37263,1586
229,11.849,8388,8253,39208,38177,135
230,11.901,9073,8139,36449,37939,934
231,11.952,8143,8097,38721,38104,46
232,12.004,7885,8030,39030,37196,-145
233,12.056,8122,8121,38797,38311,1
234,12.108,8738,8434,39408,38110,304
235,12.159,8276,8494,39811,37903,-218
236,12.211,7780,8235,37913,38030,-455
237,12.263,8293,8217,38630,38298,76
238,12.315,8034,8151,40779,38037,-117
239,12.366,8130,8036,39133,38920,94
240,12.418,7692,8271,39398,38110,-579
241,12.47,8837,8121,38619,37994,716
242,12.522,8666,8229,37775,37689,437
243,12.573,7665,8320,39506,37720,-655
244,12.625,8462,8085,36970,37446,377
245,12.677,8854,8259,39265,38347,595
246,12.729,8594,8115,38260,37848,479
247,12.78,7489,8163,38591,38231,-674
248,12.832,8179,8289,38584,37318,-110
249,12.884,8076,8169,38225,37050,-93
250,12.935,8236,8151,38440,37756,85
251,12.987,8419,8277,37481,37671,142
252,13.039,8046,8199,38292,38274,-153
253,13.091,8157,8265,38221,38030,-108
254,13.142,8042,8193,37928,38055,-151
255,13.194,8535,8332,40020,37415,203
256,13.246,8416,8301,37356,38152,115
257,13.298,8140,8042,39946,38116,98
258,13.349,8455,8211,38025,37769,244
259,13.401,8760,8356,37530,37702,404
260,13.453,8446,8452,38002,37787,-6
261,13.505,7745,8621,38798,37769,-876
262,13.556,8183,8277,38290,37903,-94
263,13.608,7835,8073,38409,37099,-238
264,13.66,8951,8326,37524,38158,625
265,13.712,8182,7964,39836,37561,218
266,13.763,8495,8036,39019,37251,459
267,13.815,8398,8211,39264,37123,187
268,13.867,7420,8042,37384,38359,-622
269,13.919,8434,8103,37634,37202,331
270,13.97,8219,8368,37480,38207,-149
271,14.022,7898,8380,37744,37586,-482
272,14.074,8782,8139,37440,37738,643
273,14.126,7954,8199,39205,37836,-245
274,14.177,7701,8097,40398,38560,-396
275,14.229,7774,8338,39671,37805,-564
276,14.281,7659,8326,40643,38012,-667
277,14.333,7958,8145,39195,38231,-187
278,14.384,8395,8157,37724,38329,238
279,14.436,7904,8332,39241,37147,-428
280,14.488,7532,8253,39056,37860,-721
281,14.54,8113,7982,37726,38231,131
282,14.591,7997,8217,38421,37653,-220
283,14.643,7284,8181,38957,37330,-897
284,14.695,7946,8193,37384,38030,-247
285,14.746,8353,8277,38775,37957,76
286,14.798,8436,7976,38465,36952,460
287,14.85,7865,7940,37865,38012,-75
288,14.902,8012,8193,38939,38152,-181
289,14.953,7466,8048,37255,38201,-582
290,15.005,8164,8103,38242,37226,61
291,15.057,7789,8145,38446,38286,-356
292,15.109,7924,8247,38993,37586,-323
293,15.16,7791,7988,36126,38323,-197
294,15.212,8213,8301,38814,38268,-88
295,15.264,7574,7994,38340,38030,-420
296,15.316,8711,8073,39005,37610,638
297,15.367,7594,8139,37200,38024,-545
298,15.419,8487,8169,40922,38761,318
299,15.471,8803,8175,38142,38073,628
300,15.523,8106,8067,37498,37829,39
301,15.574,7880,8301,38592,37799,-421
302,15.626,7436,8127,37212,37665,-691
303,15.678,8907,8006,37547,37805,901
304,15.73,8004,8217,37103,37604,-213
305,15.781,7759,8145,37108,37726,-386
306,15.833,8540,8157,37310,38713,383
307,15.885,8421,8386,38806,37890,35
308,15.937,8072,8247,39075,38311,-175
309,15.988,8306,8145,37714,37184,161
310,16.04,7862,8434,37636,37884,-572
311,16.092,8186,8320,37536,37896,-134
312,16.144,8204,8103,38902,38219,101
313,16.195,8457,8350,39612,37494,107
314,16.247,8682,8289,38539,37464,393
315,16.299,7819,8301,38936,37829,-482
316,16.35,8313,8109,36478,38146,204
317,16.402,8312,8277,38284,37744,35
318,16.454,8022,8133,38422,37415,-111
319,16.506,8307,8199,38387,38439,108
320,16.557,7974,8151,38144,37976,-177
321,16.609,8713,8145,39895,37903,568
322,16.661,7710,8289,38532,37379,-579
323,16.713,8396,8205,39706,38049,191
324,16.764,9142,8199,38890,37647,943
325,16.816,8586,8048,37683,38372,538
326,16.868,7703,8247,38529,37793,-544
327,16.92,8051,8307,40365,37811,-256
328,16.971,7288,8175,40386,38469,-887
329,17.023,7928,8295,39515,37762,-367
330,17.075,7949,8103,38391,38286,-154
331,17.127,8431,8344,37761,37988,87
332,17.178,7945,8217,38997,37726,-272
333,17.23,7673,8362,39574,38311,-689
334,17.282,8540,8181,39652,38560,359
335,17.334,7582,8127,39788,37367,-545
336,17.385,8252,8036,37810,37951,216
337,17.437,8709,8073,36916,38043,636
338,17.489,7856,8277,39196,38140,-421
339,17.541,8390,8259,38460,38152,131
340,17.592,7817,8338,38490,38615,-521
341,17.644,8343,8229,37765,37653,114
342,17.696,8558,8277,37871,37811,281
343,17.748,8851,8018,37218,38073,833
344,17.799,8828,8097,39251,37805,731
345,17.851,7799,7976,38990,38012,-177
346,17.903,8252,8127,38083,37659,125
347,17.954,8242,7982,37176,37708,260
348,18.006,8605,8229,38655,37427,376
349,18.058,8204,8048,39685,37744,156
350,18.11,7368,8313,39825,37884,-945
351,18.161,8292,8307,38300,38061,-15
352,18.213,8820,8380,39534,38055,440
353,18.265,8359,8326,39656,37440,33
354,18.317,8227,8181,38999,37610,46
355,18.368,7849,8374,39818,37775,-525
356,18.42,7573,8217,39283,37622,-644
357,18.472,8148,8187,37929,37744,-39
358,18.524,8015,8199,37824,37921,-184
359,18.575,8128,8205,39903,37507,-77
360,18.627,7533,8217,39608,38213,-684
361,18.679,8458,8139,38020,38043,319
362,18.731,7974,8067,37957,37665,-93
363,18.782,8298,8362,37350,37866,-64
364,18.834,7929,8338,39347,38439,-409
365,18.886,8091,8145,35961,38384,-54
366,18.938,7720,7898,38018,38493,-178
367,18.989,7985,7970,40055,37957,15
368,19.041,8907,8060,38012,37970,847
369,19.093,7717,8060,38531,38049,-343
370,19.145,8279,8079,41447,38402,200
371,19.196,7983,7777,40636,37732,206
372,19.248,8248,8085,38932,38024,163
373,19.3,7803,8018,37708,37976,-215
374,19.352,8198,8030,37485,38774,168
375,19.403,8533,8362,40116,37890,171
376,19.455,8204,8085,39322,37799,119
377,19.507,7554,8199,39654,37860,-645
378,19.558,7820,8199,38019,38256,-379
379,19.61,7848,8067,38007,38268,-219
380,19.662,7646,8295,38488,38298,-649
381,19.714,7989,7976,36640,37129,13
382,19.765,7970,8109,37901,38280,-139
383,19.817,8187,8085,41283,37598,102
384,19.869,8273,8211,38918,38408,62
385,19.921,7950,7988,39235,38506,-38
386,19.972,7780,8277,36387,38128,-497
387,20.024,7904,8060,37996,37939,-156
388,20.076,8809,8175,38306,37970,634
389,20.128,7482,8127,37886,38566,-645
390,20.179,7936,8193,38143,38311,-257
391,20.231,8417,8060,37818,38542,357
392,20.283,7963,7946,39797,38207,17
393,20.335,8077,8187,39357,37708,-110
394,20.386,8278,8187,37411,37531,91
395,20.438,7919,7970,38250,38451,-51
396,20.49,8230,8265,36695,37708,-35
397,20.542,8338,8079,37690,38116,259
398,20.593,7748,8030,38240,37909,-282
399,20.645,8461,7928,38260,39127,533
400,20.697,7827,8211,38561,37836,-384
401,20.749,7461,8145,36094,38122,-684
402,20.8,7708,8030,38767,38786,-322
403,20.852,7940,8012,38349,37793,-72
404,20.904,8341,8169,38172,38390,172
405,20.956,7760,8109,38217,38737,-349
406,21.007,8217,7982,39449,38140,235
407,21.059,7624,8097,38532,37927,-473
408,21.111,7797,8241,37036,38213,-444
409,21.162,7885,8313,39202,38207,-428
410,21.214,7687,7952,37501,37878,-265
411,21.266,8311,8139,38461,38238,172
412,21.318,7998,8151,38407,37671,-153
413,21.369,7963,8229,39045,37829,-266
414,21.421,7789,8157,40337,38396,-368
415,21.473,8528,8163,39905,38146,365
416,21.525,8447,8175,37423,38591,272
417,21.576,7893,8054,38554,38396,-161
418,21.628,8238,8277,40112,38652,-39
419,21.68,8504,8060,39945,38914,444
420,21.732,8491,8181,37759,38932,310
421,21.783,7706,7946,38001,38378,-240
422,21.835,7990,8115,37353,38268,-125
423,21.887,7557,8000,39392,38122,-443
424,21.939,7698,8060,37407,38524,-362
425,21.99,7642,8253,39857,38908,-611
426,22.042,7916,8313,37569,38646,-397
427,22.094,8050,8060,39035,38396,-10
428,22.146,8381,8199,38346,38268,182
429,22.197,7601,8085,38908,37848,-484
430,22.249,7256,8151,39645,37829,-895
431,22.301,8151,8024,38249,37970,127
432,22.353,8807,8223,39857,38822,584
433,22.404,8336,8253,36791,38956,83
434,22.456,8217,8073,37998,37836,144
435,22.508,7956,8024,38160,38104,-68
436,22.56,7980,8151,39591,38238,-171
437,22.611,7919,7940,39323,38244,-21
438,22.663,7284,8000,39320,38475,-716
439,22.715,8112,8169,40638,38889,-57
440,22.766,7892,8127,37744,38043,-235
441,22.818,8288,7940,37878,38493,348
442,22.87,8617,7952,38133,38853,665
443,22.922,7388,8012,40014,38317,-624
444,22.973,7625,8103,38184,38512,-478
445,23.025,7967,8205,38115,38597,-238
446,23.077,8063,8048,39266,38292,15
447,23.129,8297,8133,39080,37616,164
448,23.18,8906,8181,39650,37604,725
449,23.232,7394,8121,40148,38024,-727
450,23.284,8804,8024,39565,37884,780
451,23.336,7517,8085,39019,38335,-568
452,23.387,7290,8115,39800,38554,-825
453,23.439,7864,8151,37620,38761,-287
454,23.491,7690,7880,40585,38219,-190
455,23.543,8595,8006,38649,37915,589
456,23.594,8463,8127,39217,38694,336
457,23.646,7706,8000,38943,38201,-294
458,23.698,7968,8103,40123,38518,-135
459,23.75,8213,8000,40682,38061,213
460,23.801,8307,7970,38783,37854,337
461,23.853,8409,7982,38555,38512,427
462,23.905,7870,8121,37581,37976,-251
463,23.957,7760,8030,39874,37750,-270
464,24.008,8306,8060,37734,39425,246
465,24.06,8003,8211,39561,37933,-208
466,24.112,8115,7994,38531,39090,121
467,24.164,7676,8205,40714,38828,-529
468,24.215,8124,8175,38381,38615,-51
469,24.267,8419,8109,37387,38347,310
470,24.319,8026,8133,38126,37817,-107
471,24.37,8253,8253,37547,38554,0
472,24.422,8128,7964,40482,37659,164
473,24.474,7766,8091,39510,38140,-325
474,24.526,8377,7982,40933,38402,395
475,24.577,8683,8157,39760,38920,526
476,24.629,8348,8193,38528,38390,155
477,24.681,9921,8151,36825,38402,1770
478,24.733,8544,8169,38374,39060,375
479,24.784,9165,8121,38131,38469,1044
480,24.836,8204,8139,38693,38451,65
481,24.888,8131,8151,38796,38554,-20
482,24.94,8416,8163,39073,38524,253
483,24.991,8071,7934,40544,37647,137
484,25.043,8172,7928,39702,37988,244
485,25.095,7750,8175,38493,38347,-425
486,25.147,7098,8000,39444,38908,-902
487,25.198,7722,8145,40113,37921,-423
488,25.25,7857,8006,38398,39267,-149
489,25.302,7895,8103,38940,38335,-208
490,25.354,7778,7892,39113,39334,-114
491,25.405,8308,8199,39403,38652,109
492,25.457,7493,8283,38975,38597,-790
493,25.509,7836,7964,37835,38597,-128
494,25.561,8183,8103,37178,39504,80
495,25.612,7661,8181,38255,38499,-520
496,25.664,7212,8187,39952,38493,-975
497,25.716,8429,8229,40220,38810,200
498,25.768,7869,8127,39830,39687,-258
499,25.819,8109,8109,40650,38968,0
500,25.871,8776,8054,39160,38104,722
501,25.923,8514,8181,37663,38475,333
502,25.974,7688,8030,40902,39620,-342
503,26.026,8122,8121,38930,38055,1
504,26.078,7786,8030,37803,38280,-244
505,26.13,7691,8006,38142,39413,-315
506,26.181,7929,8054,40591,38871,-125
507,26.233,8142,7946,39458,39108,196
508,26.285,7473,7898,40013,38195,-425
509,26.337,8137,8073,38875,38774,64
510,26.388,7809,8006,39237,38609,-197
511,26.44,8166,8067,40590,38865,99
512,26.492,8992,8085,38281,38347,907
513,26.544,7698,8073,37578,38250,-375
514,26.595,7786,8036,39270,38664,-250
515,26.647,8075,8259,39197,38365,-184
516,26.699,8873,8091,40449,39212,782
517,26.751,7718,8109,40003,39048,-391
518,26.802,7811,8139,38410,38883,-328
519,26.854,8141,8073,38226,38469,68
520,26.906,9411,8259,41144,38725,1152
521,26.958,8377,8277,39038,38493,100
522,27.009,7714,8042,38345,38731,-328
523,27.061,7764,8235,37189,38518,-471
524,27.113,8253,8091,37294,38006,162
525,27.165,8103,8127,37415,38554,-24
526,27.216,7762,7970,38576,39023,-208
527,27.268,8141,8115,37731,38999,26
528,27.32,7732,8223,36793,38451,-491
529,27.372,7884,8018,40929,38914,-134
530,27.423,7880,8187,41502,39115,-307
531,27.475,8518,8295,42116,38731,223
532,27.527,8522,8181,40288,39602,341
533,27.578,7874,8356,39362,38658,-482
534,27.63,8589,8091,38240,38956,498
535,27.682,8123,8103,40579,39687,20
536,27.734,7911,8289,39745,38493,-378
537,27.785,8209,8187,40593,38347,22
538,27.837,8330,8211,38726,38725,119
539,27.889,7774,7982,37641,38518,-208
540,27.941,7818,8109,39398,38091,-291
541,27.992,7509,8127,39122,38061,-618
542,28.044,8519,8103,39466,39230,416
543,28.096,7153,8145,39838,39657,-992
544,28.148,8660,8193,39989,39456,467
545,28.199,8409,8012,39635,38256,397
546,28.251,7799,8006,39658,38396,-207
547,28.303,7785,8121,40787,38335,-336
548,28.355,7682,8283,39645,39212,-601
549,28.406,7990,8030,39858,38920,-40
550,28.458,7883,8253,41557,39060,-370
551,28.51,8580,8006,37372,38725,574
552,28.562,7931,7958,40012,38231,-27
553,28.613,8296,8133,39350,38445,163
554,28.665,8602,7874,37877,38487,728
555,28.717,8212,8241,40150,39242,-29
556,28.769,8544,8012,40278,39456,532
557,28.82,7520,8356,38077,38518,-836
558,28.872,7694,8067,38720,39084,-373
559,28.924,7448,8006,39272,38195,-558
560,28.976,8364,7946,38013,38231,418
561,29.027,8401,8193,40355,38560,208
562,29.079,7527,8103,38265,38901,-576
563,29.131,8322,7892,41758,38347,430
564,29.182,7192,7952,40951,38378,-760
565,29.234,8297,8048,38694,39133,249
566,29.286,8381,8006,39655,38536,375
567,29.338,7995,7946,39972,38530,49
568,29.389,8028,8097,41828,38676,-69
569,29.441,8491,8048,40994,39553,443
570,29.493,8329,8060,41290,38804,269
571,29.545,8059,7874,40585,38573,185
572,29.596,8207,8109,39633,38420,98
573,29.648,7491,8199,39675,38451,-708
574,29.7,8437,8054,40860,39035,383
575,29.752,8162,8169,39511,38579,-7
576,29.803,8123,7892,39075,39242,231
577,29.855,8454,8091,39983,39108,363
578,29.907,7908,8024,38873,39778,-116
579,29.959,8528,8042,38947,38365,486
580,30.01,7303,7820,41195,38390,-517
581,30.062,7880,8024,38784,38804,-144
582,30.114,8492,8109,39709,38110,383
583,30.166,7217,8054,37521,38231,-837
584,30.217,7945,8091,39497,38591,-146
585,30.269,8321,8133,39029,38725,188
586,30.321,8071,8121,39099,39218,-50
587,30.373,7962,8199,38929,37854,-237
588,30.424,8344,8127,39019,38877,217
589,30.476,7735,8205,40709,38700,-470
590,30.528,8302,8217,39698,38268,85
591,30.58,7663,8241,41043,38713,-578
592,30.631,8040,8181,38764,39249,-141
593,30.683,7790,7970,39676,38426,-180
594,30.735,7188,8018,40329,38774,-830
595,30.786,7401,7970,39276,38384,-569
596,30.838,8012,8000,39746,38140,12
597,30.89,7786,7940,39657,38000,-154
598,30.942,7708,7988,40227,39169,-280
599,30.993,7825,7856,38308,38792,-31
600,31.045,8277,8121,39805,38171,156
601,31.097,7750,7994,38831,39115,-244
602,31.149,7424,7994,39650,39376,-570
603,31.2,7553,7970,40183,38761,-417
604,31.252,7899,8241,40046,39090,-342
605,31.304,8784,8163,39203,38579,621
606,31.356,7735,8205,37740,38591,-470
607,31.407,8306,8211,40311,39322,95
608,31.459,7309,8332,36831,38853,-1023
609,31.511,8155,8103,39214,38250,52
610,31.563,7840,8145,39686,39401,-305
611,31.614,8515,8018,39446,38877,497
612,31.666,8289,8283,38628,38932,6
613,31.718,8973,8332,39360,38317,641
614,31.77,8532,8205,40873,38506,327
615,31.821,7931,8048,39012,39017,-117
616,31.873,8205,8109,39762,38207,96
617,31.925,7776,8048,40473,38993,-272
618,31.977,8179,8265,41436,38292,-86
619,32.028,8162,8115,39928,38895,47
620,32.08,7895,7976,40730,38883,-81
621,32.132,7525,8079,40345,39711,-554
622,32.184,8163,7982,38285,38341,181
623,32.235,8233,8199,39942,38566,34
624,32.287,7740,8060,39835,38573,-320
625,32.339,7589,8121,40389,39577,-532
626,32.39,8570,7874,39152,38932,696
627,32.442,7585,8211,40450,39017,-626
628,32.494,7772,8079,39656,39730,-307
629,32.546,7994,8024,39735,38841,-30
630,32.597,7988,8163,40135,38780,-175
631,32.649,8194,8067,39981,39108,127
632,32.701,8043,8060,40404,38646,-17
633,32.753,7783,8247,40557,38530,-464
634,32.804,8173,8000,38765,38402,173
635,32.856,8017,8060,39251,38920,-43
636,32.908,8361,8139,39928,39267,222
637,32.96,8109,8115,38358,39029,-6
638,33.011,7857,7928,39466,38956,-71
639,33.063,8880,8217,40074,39255,663
640,33.115,8862,8127,39231,39194,735
641,33.167,9250,8048,39885,39121,1202
642,33.218,7898,8217,41312,39175,-319
643,33.27,7925,8193,42261,38670,-268
644,33.322,7650,8067,40193,38767,-417
645,33.374,7772,8169,39548,38676,-397
646,33.425,7776,8139,40016,39486,-363
647,33.477,8361,7976,40582,38859,385
648,33.529,7926,8145,38503,39127,-219
649,33.581,7840,8289,39338,39279,-449
650,33.632,7970,8217,38756,38847,-247
651,33.684,8081,7988,40134,38822,93
652,33.736,7540,8073,40447,38286,-533
653,33.788,8324,7964,39752,38914,360
654,33.839,8438,8217,40517,39261,221
655,33.891,7883,8235,39331,38847,-352
656,33.943,8947,8205,38613,39395,742
657,33.994,7681,8018,39876,39169,-337
658,34.046,7912,8079,40842,38914,-167
659,34.098,8258,8079,40265,38774,179
660,34.15,8331,8091,39723,38956,240
661,34.201,7913,8109,39519,38609,-196
662,34.253,7997,8217,39490,38548,-220
663,34.305,8096,7988,38871,38506,108
664,34.357,7806,7916,39720,39145,-110
665,34.408,7836,8018,38485,38883,-182
666,34.46,7514,8006,41251,38865,-492
667,34.512,7732,8000,41236,39182,-268
668,34.564,7371,8036,39213,38573,-665
669,34.615,8266,8121,41119,38767,145
670,34.667,8520,7964,38424,39498,556
671,34.719,7690,8073,42376,39760,-383
672,34.771,7263,8073,39583,39553,-810
673,34.822,8540,8048,40299,39194,492
674,34.874,8398,8036,40356,38548,362
675,34.926,7830,8157,40619,38944,-327
676,34.978,8899,8054,40023,38828,845
677,35.029,8556,8121,39126,38737,435
678,35.081,8411,8067,39156,39297,344
679,35.133,8298,7970,38596,38938,328
680,35.185,7297,8036,42313,39188,-739
681,35.236,8577,8109,40021,38920,468
682,35.288,7445,8006,39049,39303,-561
683,35.34,7930,8042,39803,39803,-112
684,35.392,7833,8121,40799,40083,-288
685,35.443,7994,7970,42499,39297,24
686,35.495,8039,8211,39573,39644,-172
687,35.547,8180,8006,40394,39590,174
688,35.598,7787,8012,40007,39383,-225
689,35.65,7988,7904,41563,39255,84
690,35.702,7925,8109,41218,39614,-184
691,35.754,7662,8085,40129,39675,-423
692,35.805,8002,7898,41051,39127,104
693,35.857,8443,8006,42850,38993,437
694,35.909,8492,8042,40408,39383,450
695,35.961,9005,8247,39357,39035,758
696,36.012,7525,8301,40359,39163,-776
697,36.064,7990,7982,39306,39687,8
698,36.116,7578,7994,40155,39925,-416
699,36.168,8069,8030,40453,39626,39
700,36.219,7341,8000,41319,39437,-659
701,36.271,7926,7976,38988,38975,-50
702,36.323,8116,7813,42194,39510,303
703,36.375,7305,8163,40060,38968,-858
704,36.426,7548,8085,40867,39054,-537
705,36.478,7792,8169,41801,39376,-377
706,36.53,7979,8012,40837,39328,-33
707,36.582,7934,8115,40183,40059,-181
708,36.633,7555,8018,40058,38987,-463
709,36.685,7281,7994,40320,39705,-713
710,36.737,7972,8097,39990,39468,-125
711,36.789,7224,8067,40476,38713,-843
712,36.84,8100,8048,41949,39376,52
713,36.892,8302,8060,40302,39035,242
714,36.944,7136,7994,40219,39334,-858
715,36.996,7926,8030,41208,39255,-104
716,37.047,8107,8181,40115,38755,-74
717,37.099,7513,8042,39957,39115,-529
718,37.151,7402,8042,38999,39748,-640
719,37.202,7538,8024,39756,39413,-486
720,37.254,8383,8259,40222,38926,124
721,37.306,7704,8085,41254,38895,-381
722,37.358,7589,8560,41157,38408,-971
723,37.409,8016,8145,38793,39316,-129
724,37.461,8501,8289,39009,39236,212
725,37.513,7886,8187,38407,39334,-301
726,37.565,8684,7952,40770,38975,732
727,37.616,7505,7988,39977,39200,-483
728,37.668,8010,7916,39932,38597,94
729,37.72,7523,8036,39084,38359,-513
730,37.772,7344,8097,42392,39200,-753
731,37.823,8172,8006,41509,39919,166
732,37.875,8145,8133,40849,38975,12
733,37.927,8563,8060,40584,39370,503
734,37.979,7654,8067,40817,38804,-413
735,38.03,7921,8115,39563,38585,-194
736,38.082,7630,7952,40379,40028,-322
737,38.134,7616,8012,39002,39468,-396
738,38.186,7752,8085,41004,39529,-333
739,38.237,8656,8097,37880,38962,559
740,38.289,8120,8193,40679,38603,-73
741,38.341,8241,8103,39303,39352,138
742,38.393,7731,7922,39530,38177,-191
743,38.444,7256,8006,40859,39407,-750
744,38.496,7584,8151,40841,39096,-567
745,38.548,7809,8121,38556,39182,-312
746,38.6,7562,8356,41263,39383,-794
747,38.651,7970,7928,40499,38439,42
748,38.703,8099,8332,40965,39364,-233
749,38.755,7520,8175,39072,39632,-655
750,38.806,10853,8386,41445,39584,2467
751,38.858,10226,8036,40448,39699,2190
752,38.91,7843,7982,39159,39255,-139
753,38.962,7986,8042,42164,40059,-56
754,39.013,8647,8030,41151,39931,617
755,39.065,8458,8109,40567,38877,349
756,39.117,10767,8175,38160,39334,2592
757,39.169,11264,8356,40313,39553,2908
758,39.22,15130,8506,39758,38469,6624
759,39.272,15927,8283,40966,39060,7644
760,39.324,16863,8338,40345,39979,8525
761,39.376,16991,8446,40133,39541,8545
762,39.427,18772,8350,39715,39188,10422
763,39.479,18037,8380,39091,38713,9657
764,39.531,14735,8452,40255,39462,6283
765,39.583,14093,8295,40337,39279,5798
766,39.634,18916,8446,40427,39273,10470
767,39.686,17124,8235,39237,39340,8889
768,39.738,16100,8416,40526,39328,7684
769,39.79,14414,8187,40205,39279,6227
770,39.841,13923,8470,40796,38908,5453
771,39.893,16779,8494,40103,39303,8285
772,39.945,14414,8235,40436,39090,6179
773,39.997,12157,8307,39862,39242,3850
774,40.048,14417,8320,39331,39571,6097
775,40.1,17516,8223,40579,39571,9293
776,40.152,16227,8283,41303,38993,7944
777,40.204,14677,8428,40257,38926,6249
778,40.255,15100,8145,39140,39133,6955
779,40.307,15633,8211,40339,38250,7422
780,40.359,15055,8326,39325,38822,6729
781,40.41,14742,8422,40730,39102,6320
782,40.462,16230,8536,40138,39017,7694
783,40.514,16243,8627,40912,39383,7616
784,40.566,17714,8458,39264,39584,9256
785,40.617,16720,8482,40002,39035,8238
786,40.669,14870,8699,39617,39218,6171
787,40.721,13422,8313,41318,39084,5109
788,40.773,14254,8205,39953,39571,6049
789,40.824,15505,8289,40648,39182,7216
790,40.876,16218,8476,40832,39121,7742
791,40.928,15921,8259,40215,39127,7662
792,40.98,16778,8223,40170,39127,8555
793,41.031,15555,8440,39859,39675,7115
794,41.083,13432,8518,42007,39236,4914
795,41.135,15062,8175,41042,38463,6887
796,41.187,15582,8271,40764,39115,7311
797,41.238,14269,8434,40844,39425,5835
798,41.29,12402,8368,40215,38975,4034
799,41.342,16224,8320,42416,38914,7904
800,41.394,17804,8259,42169,39785,9545
801,41.445,15445,8295,40929,38975,7150
802,41.497,13383,8229,39908,38761,5154
803,41.549,15062,8187,39108,38816,6875
804,41.601,16059,8512,40856,39157,7547
805,41.652,13775,8313,41307,39328,5462
806,41.704,16467,8301,41220,39480,8166
807,41.756,16392,8494,39642,38938,7898
808,41.808,15717,8344,40835,39230,7373
809,41.859,15640,8283,39443,38999,7357
810,41.911,15724,8295,41545,39151,7429
811,41.963,18690,8332,42914,39480,10358
812,42.015,16702,8157,40550,39035,8545
813,42.066,16668,8344,41256,39383,8324
814,42.118,16670,8518,40563,39212,8152
815,42.17,15979,8374,39579,39316,7605
816,42.221,16247,8458,41662,38938,7789
817,42.273,16738,8446,39137,39480,8292
818,42.325,17778,8259,39102,38597,9519
819,42.377,17313,8548,39795,39200,8765
820,42.428,14410,8157,41407,39041,6253
821,42.48,13144,8205,40086,39785,4939
822,42.532,15656,8410,39399,38621,7246
823,42.584,15905,8217,39580,40321,7688
824,42.635,15774,8277,41846,39876,7497
825,42.687,13697,8344,40384,39973,5353
826,42.739,13210,8301,41217,39833,4909
827,42.791,13760,8187,39517,39389,5573
828,42.842,13642,8283,40500,38725,5359
829,42.894,16166,8380,42038,38962,7786
830,42.946,16045,8434,39041,39334,7611
831,42.998,16009,7988,40072,39492,8021
832,43.049,17907,8585,40823,40619,9322
833,43.101,16979,8458,41937,39492,8521
834,43.153,16510,8488,41508,39584,8022
835,43.205,16765,8458,38900,39754,8307
836,43.256,14350,8205,40317,39644,6145
837,43.308,14391,8121,40462,39742,6270
838,43.36,12837,8253,41751,39693,4584
839,43.412,10494,8115,40437,39632,2379
840,43.463,7799,7886,41074,39358,-87
841,43.515,9628,8211,40027,39236,1417
842,43.567,8949,8121,40899,39249,828
843,43.619,8937,8133,41503,39108,804
844,43.67,7635,7928,40943,39486,-293
845,43.722,8273,8036,38873,39535,237
846,43.774,7566,7838,38956,39669,-272
847,43.825,8397,7976,40481,39602,421
848,43.877,8489,7922,41043,38761,567
849,43.929,7944,8024,38603,38688,-80
850,43.981,8616,7994,40105,38554,622
851,44.032,9892,8151,40650,38439,1741
852,44.084,8946,8115,41694,39510,831
853,44.136,9846,8229,42349,40101,1617
854,44.188,10090,7970,39657,39979,2120
855,44.239,10218,8042,40885,38603,2176
856,44.291,9226,8265,41145,39529,961
857,44.343,9193,7952,39662,39291,1241
858,44.395,9543,8079,40641,39291,1464
859,44.446,8706,8073,41101,39267,633
860,44.498,8757,8006,39988,39157,751
861,44.55,8064,8012,42218,39644,52
862,44.602,8804,8223,42270,39590,581
863,44.653,8593,7844,42299,40388,749
864,44.705,9447,7946,41896,40290,1501
865,44.757,9126,8139,40562,39242,987
866,44.809,8624,7970,40268,39175,654
867,44.86,10031,8332,40205,39638,1699
868,44.912,10044,7868,40015,39346,2176
869,44.964,9948,8060,39446,39121,1888
870,45.016,9023,8163,41178,39230,860
871,45.067,9883,8199,40212,39858,1684
872,45.119,9237,8109,40187,40071,1128
873,45.171,9211,8091,39583,39742,1120
874,45.223,8510,8109,40225,39297,401
875,45.274,9191,8030,41039,39084,1161
876,45.326,8674,8060,39856,39401,614
877,45.378,8301,7928,41768,38384,373
878,45.429,8613,7795,41523,38676,818
879,45.481,8143,8163,41290,38743,-20
880,45.533,8144,7874,39573,39370,270
881,45.585,8189,7940,40509,39687,249
882,45.636,7901,7970,41479,39663,-69
883,45.688,7974,7988,38748,39127,-14
884,45.74,7970,8181,40271,39352,-211
885,45.792,7515,8030,39990,39389,-515
886,45.843,8275,8217,42082,38993,58
887,45.895,8217,8103,39760,39919,114
888,45.947,8027,7844,41688,39340,183
889,45.999,8328,8235,41137,39492,93
890,46.05,8697,8121,40659,39316,576
891,46.102,7689,8000,39978,39352,-311
892,46.154,8226,7850,40896,40065,376
893,46.206,8254,7699,40239,39145,555
894,46.257,8258,8006,41463,38713,252
895,46.309,6929,8018,39858,38786,-1089
896,46.361,7506,7952,40454,39638,-446
897,46.413,7925,7910,43006,39833,15
898,46.464,8496,8169,42517,39626,327
899,46.516,8654,8091,41784,39255,563
900,46.568,8042,7886,42641,39535,156
901,46.62,8216,7838,40566,38688,378
902,46.671,8196,8091,38577,40077,105
903,46.723,7310,8006,39298,39340,-696
904,46.775,8282,7994,42227,40211,288
905,46.827,7555,7934,41371,39845,-379
906,46.878,7608,8103,40466,39852,-495
907,46.93,8216,8199,40772,39620,17
908,46.982,7864,7958,41437,40144,-94
909,47.033,8153,8097,40842,39401,56
910,47.085,7721,8127,41361,38640,-406
911,47.137,8512,8000,42573,38944,512
912,47.189,7551,8338,41265,39267,-787
913,47.24,9367,7880,40249,39401,1487
914,47.292,7827,8091,39945,38834,-264
915,47.344,8677,8054,41799,39486,623
916,47.396,7761,7910,40511,39693,-149
917,47.447,7427,8157,40646,39255,-730
918,47.499,8026,8109,40573,39724,-83
919,47.551,7701,7880,41925,39949,-179
920,47.603,9021,8133,41225,39486,888
921,47.654,7236,8163,40091,39437,-927
922,47.706,8206,8054,39300,39462,152
923,47.758,8126,7904,41897,39523,222
924,47.81,8095,8223,40212,39139,-128
925,47.861,8475,8181,40505,40418,294
926,47.913,8393,8253,41245,39029,140
927,47.965,8102,8181,41205,39925,-79
928,48.017,7774,8091,40766,39486,-317
929,48.068,8296,7958,39772,39912,338
930,48.12,7965,8175,40627,39364,-210
931,48.172,7811,8157,40939,39200,-346
932,48.224,7979,8247,41122,40065,-268
933,48.275,7903,8000,41575,39687,-97
934,48.327,8811,8121,38823,39864,690
935,48.379,7978,7910,41914,40223,68
936,48.431,7835,8193,40127,39309,-358
937,48.482,7381,8169,42767,39413,-788
938,48.534,8588,8109,40491,39072,479
939,48.586,7740,8289,41022,39206,-549
940,48.637,7642,8139,41048,40217,-497
941,48.689,7689,7880,41507,40375,-191
942,48.741,8088,8169,42305,39803,-81
943,48.793,8016,8350,40774,38688,-334
944,48.844,8166,8307,41275,40260,-141
945,48.896,7759,7970,40918,39754,-211
946,48.948,7924,8151,40746,40284,-227
947,49.0,8006,8030,40564,39285,-24
948,49.051,7803,8085,41460,39309,-282
949,49.103,8245,8211,41666,39730,34
950,49.155,7815,7994,41031,39602,-179
951,49.207,7453,8091,40572,39169,-638
952,49.258,7661,8097,39638,38743,-436
953,49.31,8060,8127,40490,39303,-67
954,49.362,7668,8187,40277,39669,-519
955,49.414,8211,8042,41592,38950,169
956,49.465,7662,8283,41319,39937,-621
957,49.517,8547,8259,41356,39718,288
958,49.569,8366,8476,40548,40040,-110
959,49.621,7673,8223,41790,40290,-550
960,49.672,8675,7916,41311,40126,759
961,49.724,7613,8187,41014,39084,-574
962,49.776,7714,7874,39539,39413,-160
963,49.828,8365,8097,41728,39407,268
964,49.879,7769,7856,40452,39541,-87
965,49.931,7887,8085,38640,40034,-198
966,49.983,8033,8085,41838,39054,-52
967,50.035,7628,8187,39745,39267,-559
968,50.086,8649,8091,38599,39937,558
969,50.138,8192,8175,42516,39023,17
970,50.19,7738,8151,40710,39297,-413
971,50.241,7854,8109,40682,39693,-255
972,50.293,6938,8079,42669,39267,-1141
973,50.345,8149,8121,40860,39462,28
974,50.397,7439,8109,42500,39048,-670
975,50.448,8143,8103,40456,40028,40
976,50.5,8318,8187,41194,39206,131
977,50.552,7511,8199,41210,39395,-688
978,50.604,8432,8326,39817,40229,106
979,50.655,8507,8157,40055,39791,350
980,50.707,8603,8133,40770,39864,470
981,50.759,7453,7946,41282,39797,-493
982,50.811,7505,8307,41988,39626,-802
983,50.862,8371,7982,42805,38621,389
984,50.914,7431,7952,41180,39870,-521
985,50.966,8052,7850,41381,39218,202
986,51.018,7890,8030,40947,39955,-140
987,51.069,8397,7988,40755,39115,409
988,51.121,7574,7892,40184,39468,-318
989,51.173,8323,7964,40675,39285,359
990,51.225,7974,8018,40573,39614,-44
991,51.276,8374,8193,40137,39443,181
992,51.328,7631,7934,42107,38871,-303
993,51.38,8635,8012,39437,39718,623
994,51.432,7923,8127,39456,39498,-204
995,51.483,8664,8187,41381,39303,477
996,51.535,7912,8018,42404,39803,-106
997,51.587,7448,7856,40626,38810,-408
998,51.639,7703,8036,39792,39218,-333
999,51.69,8045,7868,41441,40113,177
