frame,Time [s],CH1,BGND1,CH2,BGND2,intensity
0,0.0,29163,28652,48025,53052,511
1,0.052,32133,28731,52107,52694,3402
2,0.103,29090,29084,50471,53223,6
3,0.155,26533,28749,51073,52645,-2216
4,0.207,28168,27963,52511,53229,205
5,0.259,26245,26989,52204,52913,-744
6,0.31,25053,27915,51135,53648,-2862
7,0.362,29422,27445,50333,53599,1977
8,0.414,26301,27756,52784,53028,-1455
9,0.466,27224,27799,50563,52196,-575
10,0.517,32203,27787,51010,53174,4416
11,0.569,32499,28177,49693,53247,4322
12,0.621,30713,28962,52254,53763,1751
13,0.673,28527,27525,53681,53034,1002
14,0.724,27459,27129,50905,52925,330
15,0.776,26111,26276,50101,52864,-165
16,0.828,25053,26392,49839,53089,-1339
17,0.88,24272,26483,51786,53186,-2211
18,0.931,24635,26970,51306,52822,-2335
19,0.983,25988,25740,51038,53125,248
20,1.035,29435,26867,50337,52925,2568
21,1.087,29485,27579,50260,52651,1906
22,1.138,27967,26507,51669,52852,1460
23,1.19,27920,27464,48853,53271,456
24,1.242,25775,27945,50523,53289,-2170
25,1.294,25610,27884,49682,53253,-2274
26,1.345,23399,26745,51825,52943,-3346
27,1.397,28346,26885,50783,52724,1461
28,1.449,27407,26020,49369,53022,1387
29,1.501,27613,26714,49449,53101,899
30,1.552,25707,26629,52250,52755,-922
31,1.604,26051,26312,48188,52718,-261
32,1.656,24347,25734,50297,53417,-1387
33,1.707,26103,26489,51635,53162,-386
34,1.759,27052,27153,49218,53235,-101
35,1.811,24728,26928,49043,52858,-2200
36,1.863,25032,24996,51725,53223,36
37,1.914,23364,24881,50324,53028,-1517
38,1.966,25606,25721,49112,52925,-115
39,2.018,22549,24905,50278,52579,-2356
40,2.07,27235,25313,50291,52967,1922
41,2.121,25198,25691,50704,52822,-493
42,2.173,23305,26270,51262,53101,-2965
43,2.225,24243,27226,50236,53265,-2983
44,2.277,29825,26227,51718,53217,3598
45,2.328,25509,25502,50475,52682,7
46,2.38,23126,26130,51191,52676,-3004
47,2.432,22179,26477,51462,52761,-4298
48,2.484,23987,24741,50366,52809,-754
49,2.535,25146,25283,51642,52481,-137
50,2.587,25802,25849,49598,53162,-47
51,2.639,23881,26233,50586,52609,-2352
52,2.691,24141,24826,52265,52882,-685
53,2.742,24077,25313,50746,52840,-1236
54,2.794,24716,24229,51256,53028,487
55,2.846,24056,25441,51209,53174,-1385
56,2.898,24709,25204,54428,54019,-495
57,2.949,22960,25423,52688,52730,-2463
58,3.001,21641,24198,50535,52512,-2557
59,3.053,21908,25057,50523,52925,-3149
60,3.105,22872,25392,51127,52816,-2520
61,3.156,23057,25094,48653,52755,-2037
62,3.208,23162,25807,52634,53496,-2645
63,3.26,24601,25143,50826,52621,-542
64,3.311,23199,25124,51652,53162,-1925
65,3.363,28166,25350,52929,52925,2816
66,3.415,29372,26117,52433,53052,3255
67,3.467,25798,25855,51872,52797,-57
68,3.518,26388,25088,49809,52973,1300
69,3.57,28486,25764,52558,53308,2722
70,3.622,26824,25240,51269,53344,1584
71,3.674,24346,25636,50753,53101,-1290
72,3.725,24607,25063,52523,53302,-456
73,3.777,26879,27768,53625,53004,-889
74,3.829,31152,27896,52554,52907,3256
75,3.881,25077,25831,52292,53344,-754
76,3.932,24795,26075,50212,52961,-1280
77,3.984,25835,24192,50909,52433,1643
78,4.036,23024,25575,51288,53144,-2551
79,4.088,23662,24539,50320,53040,-877
80,4.139,21418,24680,53116,53119,-3262
81,4.191,21332,23376,50242,52864,-2044
82,4.243,24412,24564,50537,52597,-152
83,4.295,23370,24369,51992,52949,-999
84,4.346,21660,23985,53670,53411,-2325
85,4.398,23409,25459,52364,52184,-2050
86,4.45,23461,23461,49041,53016,0
87,4.502,22443,25307,50075,52700,-2864
88,4.553,24471,24162,49715,52749,309
89,4.605,24076,25855,51017,52907,-1779
90,4.657,22600,25301,51420,53010,-2701
91,4.709,22585,24564,48905,52931,-1979
92,4.76,24350,25350,52342,53028,-1000
93,4.812,22143,23083,51522,52414,-940
94,4.864,24016,24594,49628,52512,-578
95,4.915,22503,23577,51361,52645,-1074
96,4.967,21687,24028,50607,53356,-2341
97,5.019,21648,25167,51099,52226,-3519
98,5.071,23762,24405,49456,52870,-643
99,5.122,22796,24783,50855,52852,-1987
100,5.174,21735,23120,52261,51947,-1385
101,5.226,21842,23626,49663,52664,-1784
102,5.278,19977,21920,50099,53387,-1943
103,5.329,20538,22358,50214,53004,-1820
104,5.381,21670,23181,52597,52724,-1511
105,5.433,23140,23291,50304,52846,-151
106,5.485,25216,23936,50750,52560,1280
107,5.536,23812,23242,51590,53004,570
108,5.588,24295,23492,52673,52894,803
109,5.64,22323,23309,51187,52597,-986
110,5.692,23546,23565,53326,52633,-19
111,5.743,29045,22870,50782,52907,6175
112,5.795,26502,24241,51921,53071,2261
113,5.847,25254,23626,52179,52986,1628
114,5.899,21004,25155,49480,52572,-4151
115,5.95,20351,23278,51054,53028,-2927
116,6.002,18821,21902,50944,53059,-3081
117,6.054,19188,21664,52962,53138,-2476
118,6.106,21022,22115,51426,52560,-1093
119,6.157,22461,22791,50015,52816,-330
120,6.209,23635,23516,52061,52469,119
121,6.261,23040,24046,52021,52834,-1006
122,6.313,22800,24022,52131,52834,-1222
123,6.364,21433,23035,50105,52955,-1602
124,6.416,25249,23419,51947,53344,1830
125,6.468,21497,22620,50516,52876,-1123
126,6.519,24259,23278,50971,52925,981
127,6.571,24260,23016,48587,52214,1244
128,6.623,23722,23449,50653,52032,273
129,6.675,25280,24643,51303,53630,637
130,6.726,22580,23425,50130,52171,-845
131,6.778,25652,25295,49736,52153,357
132,6.83,23822,25264,51169,52518,-1442
133,6.882,25483,23961,49920,52803,1522
134,6.933,26320,22566,49806,52688,3754
135,6.985,22552,22517,50200,52980,35
136,7.037,20282,22249,48838,52105,-1967
137,7.089,19869,22200,49548,52536,-2331
138,7.14,21335,21694,51261,52876,-359
139,7.192,20083,22474,51473,52196,-2391
140,7.244,21339,22127,51368,53387,-788
141,7.296,26174,22523,49106,53156,3651
142,7.347,22037,22127,51628,52664,-90
143,7.399,21005,23260,51442,52876,-2255
144,7.451,20510,22596,53740,53071,-2086
145,7.503,22633,23419,52236,53478,-786
146,7.554,20733,21774,50453,53028,-1041
147,7.606,20992,21792,48847,53247,-800
148,7.658,18477,21646,51179,53138,-3169
149,7.71,18921,21499,51602,52487,-2578
150,7.761,20255,21134,49375,52901,-879
151,7.813,19235,21707,51156,52852,-2472
152,7.865,19527,22145,49135,53217,-2618
153,7.917,22029,23479,50261,52919,-1450
154,7.968,20115,22663,51538,52761,-2548
155,8.02,20790,22968,51339,52992,-2178
156,8.072,19695,21603,49772,52931,-1908
157,8.123,21042,21451,49803,52226,-409
158,8.175,20075,21274,49221,52688,-1199
159,8.227,22275,21506,50640,52335,769
160,8.279,22014,21000,50783,52086,1014
161,8.33,20897,22486,50006,52773,-1589
162,8.382,20571,22541,52137,52973,-1970
163,8.434,19862,22462,50053,52961,-2600
164,8.486,21121,22791,51411,52901,-1670
165,8.537,21129,23193,49227,52518,-2064
166,8.589,22045,21664,48916,53356,381
167,8.641,22094,23205,50087,52664,-1111
168,8.693,23108,23096,50775,52730,12
169,8.744,22619,23053,51443,53642,-434
170,8.796,22484,23473,48596,53417,-989
171,8.848,20842,21700,48416,53296,-858
172,8.9,23816,22377,51882,53235,1439
173,8.951,20385,21700,49317,53235,-1315
174,9.003,19656,21268,52518,52749,-1612
175,9.055,20083,22139,51266,53016,-2056
176,9.107,22305,22164,49804,52439,141
177,9.158,18154,20421,50944,52949,-2267
178,9.21,20018,21828,50443,53131,-1810
179,9.262,20562,21664,48490,52524,-1102
180,9.314,20818,22413,49806,53265,-1595
181,9.365,20929,21841,52052,52238,-912
182,9.417,24060,22042,50940,52402,2018
183,9.469,22464,21384,50972,52585,1080
184,9.521,19927,22036,49923,52809,-2109
185,9.572,19329,21189,49440,52603,-1860
186,9.624,20297,20805,51763,53375,-508
187,9.676,19241,21298,52957,52469,-2057
188,9.727,20924,21987,48886,52803,-1063
189,9.779,18964,21128,50048,52779,-2164
190,9.831,22607,21902,51505,53241,705
191,9.883,24534,21292,50486,52858,3242
192,9.934,18511,19934,51129,52068,-1423
193,9.986,19220,20257,51473,52694,-1037
194,10.038,21501,21804,49222,53460,-303
195,10.09,19602,21688,50254,52986,-2086
196,10.141,18853,21658,53613,52548,-2805
197,10.193,21826,22084,51141,53156,-258
198,10.245,26899,21743,47232,53782,5156
199,10.297,22962,21408,52757,52469,1554
200,10.348,20028,21055,50714,53022,-1027
201,10.4,23817,21146,48955,53514,2671
202,10.452,22238,21652,51621,53077,586
203,10.504,20488,22931,50685,52670,-2443
204,10.555,22215,22182,50306,53435,33
205,10.607,20185,21719,50608,53478,-1534
206,10.659,18957,19885,51073,52834,-928
207,10.711,18891,20555,50706,52809,-1664
208,10.762,17575,20293,48370,52724,-2718
209,10.814,22390,20634,49645,52822,1756
210,10.866,21679,20841,50082,53812,838
211,10.918,23323,20860,50693,53034,2463
212,10.969,20551,21110,49515,53022,-559
213,11.021,18303,20896,50579,53283,-2593
214,11.073,19978,20933,48918,52487,-955
215,11.125,21132,20811,48142,53016,321
216,11.176,20020,20098,48781,52688,-78
217,11.228,21090,21408,50558,52931,-318
218,11.28,22575,19928,50493,53745,2647
219,11.331,22301,20037,52666,52967,2264
220,11.383,18551,20458,50704,53040,-1907
221,11.435,20616,21189,50444,53375,-573
222,11.487,20332,21378,48203,52931,-1046
223,11.538,19223,20190,50500,52092,-967
224,11.59,18951,19690,49133,52730,-739
225,11.642,20075,19660,50475,52931,415
226,11.694,19349,20683,49825,53660,-1334
227,11.745,21508,20074,52173,53569,1434
228,11.797,22266,20799,49772,52907,1467
229,11.849,19620,20671,52874,53387,-1051
230,11.901,21860,21329,49228,52882,531
231,11.952,19616,21250,50187,53101,-1634
232,12.004,21729,21481,49791,53526,248
233,12.056,24261,21103,51893,52834,3158
234,12.108,21633,20890,50104,52627,743
235,12.159,18997,20732,49873,53861,-1735
236,12.211,18931,20366,53015,52360,-1435
237,12.263,18546,20835,51284,52992,-2289
238,12.315,18280,19848,51180,53229,-1568
239,12.366,20718,20525,52054,52384,193
240,12.418,23763,20098,49966,53229,3665
241,12.47,21325,20768,49833,52676,557
242,12.522,20707,21426,51230,53131,-719
243,12.573,19112,20147,50864,52846,-1035
244,12.625,18095,20019,51730,52919,-1924
245,12.677,22490,20287,49719,52803,2203
246,12.729,20093,21055,50829,53125,-962
247,12.78,21249,20823,48170,53563,426
248,12.832,18824,20756,52525,53478,-1932
249,12.884,22870,21097,51786,53004,1773
250,12.935,20564,20531,49095,53289,33
251,12.987,20499,20835,51173,52658,-336
252,13.039,19655,20872,50813,53229,-1217
253,13.091,18966,20117,49428,52846,-1151
254,13.142,19456,20342,50767,53575,-886
255,13.194,20392,20701,52092,54019,-309
256,13.246,22115,22054,52163,53551,61
257,13.298,19984,20238,51092,52761,-254
258,13.349,18995,21122,51548,52846,-2127
259,13.401,20688,20238,53402,52998,450
260,13.453,23187,20123,51704,53144,3064
261,13.505,20268,20177,50277,52433,91
262,13.556,17575,20738,50805,53624,-3163
263,13.608,21715,19903,49279,53138,1812
264,13.66,19484,20482,50273,52888,-998
265,13.712,19730,19970,52044,52955,-240
266,13.763,18098,20774,51528,53314,-2676
267,13.815,20207,20226,52987,53089,-19
268,13.867,20518,20378,51413,52797,140
269,13.919,24789,19982,49461,52967,4807
270,13.97,19795,20031,48920,53277,-236
271,14.022,19139,20525,51760,52767,-1386
272,14.074,19119,21103,49681,53332,-1984
273,14.126,18607,20640,52120,53411,-2033
274,14.177,20271,19775,50933,53927,496
275,14.229,17729,19556,51072,53423,-1827
276,14.281,18558,19836,50870,53016,-1278
277,14.333,20627,20269,50213,52998,358
278,14.384,19138,21810,51126,52487,-2672
279,14.436,20745,21554,50411,52803,-809
280,14.488,17361,19958,50878,52572,-2597
281,14.54,17443,19081,51602,53447,-1638
282,14.591,17874,19361,51622,53089,-1487
283,14.643,23021,19946,51485,52834,3075
284,14.695,19017,20226,52357,53040,-1209
285,14.746,19282,18831,50644,53217,451
286,14.798,18553,19111,51412,52761,-558
287,14.85,20042,20257,51454,53107,-215
288,14.902,19712,19909,48893,53326,-197
289,14.953,18756,20330,50761,53150,-1574
290,15.005,19589,19617,51631,53630,-28
291,15.057,18326,18612,50975,53125,-286
292,15.109,18017,18660,50906,53709,-643
293,15.16,19288,19867,50986,52585,-579
294,15.212,17089,19586,49632,52743,-2497
295,15.264,18035,20141,48493,52068,-2106
296,15.316,18539,19306,47625,52633,-767
297,15.367,18199,20074,49525,53004,-1875
298,15.419,20363,20068,49789,52876,295
299,15.471,19003,19696,51820,52943,-693
300,15.523,18699,20281,48665,53593,-1582
301,15.574,17507,19251,51080,53824,-1744
302,15.626,16959,18411,50920,53083,-1452
303,15.678,17527,19367,50133,52809,-1840
304,15.73,17988,19026,50922,53703,-1038
305,15.781,16898,19014,50871,53144,-2116
306,15.833,18475,19513,52640,53028,-1038
307,15.885,18655,19580,51043,53259,-925
308,15.937,18211,19751,50951,53296,-1540
309,15.988,17840,19660,51880,53612,-1820
310,16.04,18315,19379,51952,54158,-1064
311,16.092,19386,18916,51286,53144,470
312,16.144,17755,19069,48195,52335,-1314
313,16.195,18960,19519,50044,53168,-559
314,16.247,19454,19684,49339,53004,-230
315,16.299,21011,20707,51274,53405,304
316,16.35,17180,19349,51069,52961,-2169
317,16.402,15924,19251,50591,53526,-3327
318,16.454,18162,19842,50796,52305,-1680
319,16.506,18362,19922,51938,53217,-1560
320,16.557,19430,20732,51111,52749,-1302
321,16.609,22054,21237,49611,53490,817
322,16.661,20430,20854,51492,52967,-424
323,16.713,20089,20616,50887,53131,-527
324,16.764,20211,20884,51195,53593,-673
325,16.816,21975,19915,51169,52755,2060
326,16.868,19594,19690,52182,53071,-96
327,16.92,17299,19812,51665,52579,-2513
328,16.971,17768,18539,50683,52973,-771
329,17.023,18286,18478,52845,52973,-192
330,17.075,17458,19465,54074,53350,-2007
331,17.127,16969,18557,51491,52992,-1588
332,17.178,17350,18703,50137,52931,-1353
333,17.23,18311,19276,51531,52651,-965
334,17.282,17633,18210,50911,53077,-577
335,17.334,16785,18563,48924,52724,-1778
336,17.385,18819,18149,49766,53441,670
337,17.437,18010,18563,50779,53277,-553
338,17.489,20720,19002,51501,53520,1718
339,17.541,21205,19306,53871,54049,1899
340,17.592,19281,19355,52192,53788,-74
341,17.644,18156,18959,50592,53332,-803
342,17.696,26618,20756,52523,53223,5862
343,17.748,21919,20726,49631,53806,1193
344,17.799,17653,19654,50044,54092,-2001
345,17.851,17076,19026,50278,53940,-1950
346,17.903,21390,18989,49916,53563,2401
347,17.954,20194,20220,52020,53283,-26
348,18.006,20512,19519,49328,52773,993
349,18.058,17369,19093,51915,53320,-1724
350,18.11,17475,19434,50811,53520,-1959
351,18.161,19707,20153,50966,52682,-446
352,18.213,22067,18989,48157,53794,3078
353,18.265,20971,18849,50178,53460,2122
354,18.317,21894,18922,51688,52360,2972
355,18.368,22284,19733,51564,53144,2551
356,18.42,25310,19879,53097,53721,5431
357,18.472,20981,18801,50715,54049,2180
358,18.524,17853,19178,50226,53125,-1325
359,18.575,16585,18819,51818,53405,-2234
360,18.627,20059,19215,51479,53514,844
361,18.679,18514,19288,49917,53794,-774
362,18.731,19257,19154,52179,53447,103
363,18.782,19046,19379,50336,53794,-333
364,18.834,18173,19081,52674,53393,-908
365,18.886,19054,18709,50723,53271,345
366,18.938,17386,19660,50964,53302,-2274
367,18.989,17405,19282,50657,53338,-1877
368,19.041,17372,18862,51539,53125,-1490
369,19.093,17280,18983,51493,53861,-1703
370,19.145,19158,18392,51397,53350,766
371,19.196,16958,19270,51863,53393,-2312
372,19.248,19178,19251,47941,53660,-73
373,19.3,18299,19483,48458,53217,-1184
374,19.352,19595,21207,50842,53557,-1612
375,19.403,18243,19861,51675,53138,-1618
376,19.455,16632,19666,50537,53198,-3034
377,19.507,17279,19513,50981,53745,-2234
378,19.558,18461,20933,52077,53533,-2472
379,19.61,19622,21128,50381,53605,-1506
380,19.662,20507,20311,51097,53375,196
381,19.714,20755,20860,50584,53454,-105
382,19.765,19560,21384,50751,53144,-1824
383,19.817,19003,20738,50721,53545,-1735
384,19.869,19191,20683,52011,52998,-1492
385,19.921,18593,19312,51582,52876,-719
386,19.972,19773,18447,54347,53259,1326
387,20.024,17388,20372,50892,53180,-2984
388,20.076,17670,20050,51020,53381,-2380
389,20.128,18208,21524,51559,53296,-3316
390,20.179,18941,21292,51483,53296,-2351
391,20.231,17900,20043,52403,53502,-2143
392,20.283,20158,18935,49237,53429,1223
393,20.335,19713,19568,51951,53283,145
394,20.386,22386,19641,50069,53788,2745
395,20.438,18703,18916,52995,53891,-213
396,20.49,17604,18472,51804,53976,-868
397,20.542,17195,19903,51605,53350,-2708
398,20.593,18294,19026,51274,54553,-732
399,20.645,19125,19148,51529,53210,-23
400,20.697,20378,19946,50636,53551,432
401,20.749,21908,20720,50136,53533,1188
402,20.8,19413,19629,52469,53113,-216
403,20.852,17544,19264,50163,54316,-1720
404,20.904,19226,19178,52482,53052,48
405,20.956,18518,19647,50518,53259,-1129
406,21.007,16672,19221,51022,54231,-2549
407,21.059,20875,19422,50351,53648,1453
408,21.111,16441,19227,49263,53180,-2786
409,21.162,17690,19209,51693,54122,-1519
410,21.214,18804,19203,49882,54201,-399
411,21.266,17408,20421,51278,53599,-3013
412,21.318,16523,19459,52602,53526,-2936
413,21.369,18439,19952,50001,54322,-1513
414,21.421,20220,20549,51880,53575,-329
415,21.473,19556,20001,51025,53089,-445
416,21.525,18327,19745,50722,53769,-1418
417,21.576,17550,19794,53264,53514,-2244
418,21.628,18109,19946,50836,54298,-1837
419,21.68,17810,19203,51532,54019,-1393
420,21.732,17405,19142,51300,53776,-1737
421,21.783,17769,19166,51189,53733,-1397
422,21.835,18025,18740,51798,53466,-715
423,21.887,16445,18569,52300,54079,-2124
424,21.939,19271,18392,52243,54231,879
425,21.99,18965,18941,52951,53818,24
426,22.042,18213,18862,50551,53612,-649
427,22.094,16700,17552,51327,54037,-852
428,22.146,18549,17966,52682,53338,583
429,22.197,16410,17594,52386,54128,-1184
430,22.249,16330,17613,51191,53721,-1283
431,22.301,15984,17515,50410,53812,-1531
432,22.353,19250,18593,52003,53982,657
433,22.404,16239,18660,49883,53842,-2421
434,22.456,16975,17515,51901,54474,-540
435,22.508,18603,18088,51912,53861,515
436,22.56,17766,18600,49748,54280,-834
437,22.611,19779,18898,48551,53806,881
438,22.663,19450,18539,50549,53830,911
439,22.715,17737,19063,51821,53593,-1326
440,22.766,16911,18264,49575,53539,-1353
441,22.818,20095,18642,53539,53016,1453
442,22.87,17828,18155,52423,53952,-327
443,22.922,15938,17759,52408,54061,-1821
444,22.973,16242,17137,51922,53569,-895
445,23.025,16627,17680,51822,54098,-1053
446,23.077,16210,17710,52570,53940,-1500
447,23.129,15698,18216,49853,53539,-2518
448,23.18,17615,18441,50772,53763,-826
449,23.232,16528,18191,51751,54219,-1663
450,23.284,17062,18679,50814,53162,-1617
451,23.336,17785,18368,52265,54134,-583
452,23.387,17233,19270,50005,53247,-2037
453,23.439,19564,19477,52988,53186,87
454,23.491,17721,18886,52502,53587,-1165
455,23.543,18665,18039,51462,54286,626
456,23.594,17097,17613,52103,54675,-516
457,23.646,18875,17680,49136,53745,1195
458,23.698,18509,17942,52161,53763,567
459,23.75,16188,17881,51219,53739,-1693
460,23.801,19335,17588,50505,53520,1747
461,23.853,18896,17594,52011,54359,1302
462,23.905,20329,17759,52319,54450,2570
463,23.957,17904,17265,51693,53757,639
464,24.008,18044,17436,50619,53855,608
465,24.06,17021,18027,51189,53909,-1006
466,24.112,19404,18941,49980,53484,463
467,24.164,19033,18575,50344,53229,458
468,24.215,16148,18258,49673,53733,-2110
469,24.267,16575,17405,53190,53375,-830
470,24.319,17439,17137,51202,54128,302
471,24.37,15785,18191,51187,54225,-2406
472,24.422,15955,17625,51910,54013,-1670
473,24.474,16158,17607,51953,54006,-1449
474,24.526,16242,17131,52259,54140,-889
475,24.577,15882,17698,51738,54316,-1816
476,24.629,17194,17582,51303,54000,-388
477,24.681,16747,17789,50967,53994,-1042
478,24.733,16562,17619,51356,54736,-1057
479,24.784,16517,17692,49801,54280,-1175
480,24.836,17982,17820,51299,54073,162
481,24.888,17247,18392,49821,54280,-1145
482,24.94,18255,18813,51905,54110,-558
483,24.991,16343,18045,52311,54468,-1702
484,25.043,17192,18490,52225,54031,-1298
485,25.095,18263,18191,52738,53569,72
486,25.147,17234,19032,48571,53861,-1798
487,25.198,19763,18015,51316,54098,1748
488,25.25,17734,17235,51786,54881,499
489,25.302,21377,17722,53487,54632,3655
490,25.354,18948,17363,52162,54657,1585
491,25.405,16632,17387,50040,54098,-755
492,25.457,18598,18015,51365,54389,583
493,25.509,19975,18691,51479,54347,1284
494,25.561,17751,17704,51171,54055,47
495,25.612,16276,17710,53629,54426,-1434
496,25.664,15595,16918,49508,53915,-1323
497,25.716,16176,17150,50784,54881,-974
498,25.768,16841,17357,50045,54231,-516
499,25.819,19020,18405,51828,54152,615
500,25.871,20363,18051,52405,54164,2312
501,25.923,16271,18399,49298,54663,-2128
502,25.974,17598,17942,52069,54250,-344
503,26.026,18594,17667,50987,54256,927
504,26.078,16568,17460,52422,54420,-892
505,26.13,15945,17875,50723,54092,-1930
506,26.181,15752,17253,52471,55228,-1501
507,26.233,16357,17917,50571,54432,-1560
508,26.285,16192,17868,52962,54000,-1676
509,26.337,17772,18691,49775,53848,-919
510,26.388,16924,18143,52392,54888,-1219
511,26.44,16108,18338,50525,54754,-2230
512,26.492,18694,18405,52064,54329,289
513,26.544,17498,18782,52281,54243,-1284
514,26.595,17739,17345,51692,54128,394
515,26.647,17239,17357,54721,54578,-118
516,26.699,15843,17308,50274,54322,-1465
517,26.751,15412,17881,49758,54365,-2469
518,26.802,17145,17741,50858,53672,-596
519,26.854,16143,17899,51507,54687,-1756
520,26.906,17332,18167,50941,54845,-835
521,26.958,17407,17789,50215,55307,-382
522,27.009,17004,17022,49776,54693,-18
523,27.061,17774,17741,51880,54256,33
524,27.113,19632,17789,50449,53751,1843
525,27.165,17339,17704,52129,53842,-365
526,27.216,17798,18289,52889,54651,-491
527,27.268,16676,19842,52699,54553,-3166
528,27.32,16421,18514,52230,54037,-2093
529,27.372,18478,18782,52887,54243,-304
530,27.423,16707,18106,50930,54644,-1399
531,27.475,17256,16808,51853,54894,448
532,27.527,15954,16729,51020,54037,-775
533,27.578,14757,16571,53666,54699,-1814
534,27.63,16087,17016,51501,54049,-929
535,27.682,16129,17777,54353,54152,-1648
536,27.734,16207,17083,51446,54177,-876
537,27.785,17991,17588,51409,54584,403
538,27.837,18641,18283,52432,54888,358
539,27.889,20006,19069,54030,55185,937
540,27.941,17138,17887,52981,54699,-749
541,27.992,17849,17454,52691,54602,395
542,28.044,17635,17351,51691,55495,284
543,28.096,16095,17009,54350,54736,-914
544,28.148,16040,16437,51637,54061,-397
545,28.199,15773,17009,52995,54450,-1236
546,28.251,16218,17564,52634,54875,-1346
547,28.303,17960,18100,51989,54517,-140
548,28.355,15757,18356,52784,54426,-2599
549,28.406,16136,17741,52388,54894,-1605
550,28.458,17135,18459,50931,54256,-1324
551,28.51,18153,17722,51533,54250,431
552,28.562,17151,17424,50584,54669,-273
553,28.613,15756,17119,52305,54900,-1363
554,28.665,17857,17893,49437,54341,-36
555,28.717,18431,17692,51801,54942,739
556,28.769,16851,16711,51772,55392,140
557,28.82,14298,16248,53857,54225,-1950
558,28.872,16113,16540,51469,54401,-427
559,28.924,16393,16918,50790,54657,-525
560,28.976,17906,16949,52997,55222,957
561,29.027,16104,17454,51620,54335,-1350
562,29.079,16227,17521,53607,54754,-1294
563,29.131,15687,17741,52453,54395,-2054
564,29.182,16424,17607,52974,53927,-1183
565,29.234,17978,17418,51371,53800,560
566,29.286,17987,17003,49726,54644,984
567,29.338,17654,17211,53188,54590,443
568,29.389,16875,17972,49802,54967,-1097
569,29.441,16243,16973,52128,55501,-730
570,29.493,16555,17253,52238,54280,-698
571,29.545,16246,16936,51008,55823,-690
572,29.596,16988,18137,52337,54979,-1149
573,29.648,17613,17320,50273,55246,293
574,29.7,16769,17607,52088,54827,-838
575,29.752,19758,18399,49199,54723,1359
576,29.803,17571,18228,52874,54037,-657
577,29.855,18938,18100,51178,54304,838
578,29.907,19163,17686,52346,54219,1477
579,29.959,17588,17399,53967,54778,189
580,30.01,18109,18033,50944,54809,76
581,30.062,18381,16912,49075,54292,1469
582,30.114,16320,16333,52490,54280,-13
583,30.166,16925,16851,50149,54304,74
584,30.217,18429,17674,52493,54821,755
585,30.269,16852,17119,52377,54979,-267
586,30.321,15627,16778,51087,54316,-1151
587,30.373,15500,17144,51253,54681,-1644
588,30.424,16068,17217,51540,54596,-1149
589,30.476,15639,16827,52205,55003,-1188
590,30.528,16592,16857,49561,53976,-265
591,30.58,16684,17235,52702,53964,-551
592,30.631,16045,16766,52628,54875,-721
593,30.683,15078,16613,51431,54559,-1535
594,30.735,16571,17387,51424,54851,-816
595,30.786,18064,17144,53560,54699,920
596,30.838,17253,16790,52554,54839,463
597,30.89,15529,17083,52392,55033,-1554
598,30.942,14380,16748,51971,54474,-2368
599,30.993,16074,16888,51268,54851,-814
600,31.045,16553,17820,52016,55240,-1267
601,31.097,16943,17546,53402,54383,-603
602,31.149,16295,17412,51715,54450,-1117
603,31.2,17553,17016,50626,55173,537
604,31.252,15977,16632,51112,54863,-655
605,31.304,15111,16260,52303,54602,-1149
606,31.356,15393,16528,52963,54559,-1135
607,31.407,14840,16546,52001,55094,-1706
608,31.459,17950,16967,51399,54572,983
609,31.511,14908,17296,51079,55100,-2388
610,31.563,16301,17265,51639,54833,-964
611,31.614,18522,17119,54144,55349,1403
612,31.666,14247,16796,53443,54037,-2549
613,31.718,15918,17040,53155,55118,-1122
614,31.77,14784,17552,51468,54651,-2768
615,31.821,16420,18118,52222,54316,-1698
616,31.873,17235,17692,50210,55775,-457
617,31.925,14744,18569,53235,55240,-3825
618,31.977,15155,17345,51330,54942,-2190
619,32.028,15944,18630,54671,55179,-2686
620,32.08,15581,17064,50910,54960,-1483
621,32.132,17143,16754,49573,54535,389
622,32.184,17081,17990,53134,55264,-909
623,32.235,14519,16516,51836,54730,-1997
624,32.287,14286,16029,51909,54821,-1743
625,32.339,14960,17003,52599,54529,-2043
626,32.39,14944,16528,53061,54651,-1584
627,32.442,15342,17016,51366,54754,-1674
628,32.494,15573,16644,55252,55392,-1071
629,32.546,17296,16808,53476,54414,488
630,32.597,16365,16973,48707,56182,-608
631,32.649,14219,16778,51098,54493,-2559
632,32.701,17745,16942,52831,55519,803
633,32.753,16580,17698,50413,55064,-1118
634,32.804,15816,17180,48763,56249,-1364
635,32.856,14392,17278,52924,54857,-2886
636,32.908,16569,17204,50521,55210,-635
637,32.96,15132,16985,51934,55550,-1853
638,33.011,15490,17009,53238,54894,-1519
639,33.063,16580,16936,51649,54930,-356
640,33.115,14970,17868,51738,55574,-2898
641,33.167,16339,17527,52882,55355,-1188
642,33.218,16877,17113,52562,54772,-236
643,33.27,15242,16278,53155,55246,-1036
644,33.322,15254,16412,52490,55112,-1158
645,33.374,15167,16772,51182,54930,-1605
646,33.425,15680,16991,51447,55179,-1311
647,33.477,15319,17046,52788,55769,-1727
648,33.529,17123,17649,51832,55829,-526
649,33.581,17437,17649,51432,55696,-212
650,33.632,15144,16936,52932,55951,-1792
651,33.684,16055,17332,53805,55671,-1277
652,33.736,14484,16979,51523,55033,-2495
653,33.788,19391,17345,51465,54784,2046
654,33.839,16088,17083,53143,56000,-995
655,33.891,16760,16863,51419,54596,-103
656,33.943,16462,16766,52087,55368,-304
657,33.994,15363,16955,52390,55538,-1592
658,34.046,16843,16449,50316,55526,394
659,34.098,14375,15876,51892,54924,-1501
660,34.15,15420,17137,51748,54900,-1717
661,34.201,16269,17198,50760,55623,-929
662,34.253,17590,18021,51627,55690,-431
663,34.305,16401,17387,52663,54596,-986
664,34.357,15162,16979,51221,55568,-1817
665,34.408,16664,17223,51181,54742,-559
666,34.46,15838,16729,51640,55289,-891
667,34.512,15811,16906,52667,55635,-1095
668,34.564,15110,15815,51624,54584,-705
669,34.615,14199,16041,54176,55568,-1842
670,34.667,13758,15937,51163,55568,-2179
671,34.719,15769,16181,51410,54918,-412
672,34.771,15777,16242,52933,55422,-465
673,34.822,14872,16175,53663,54778,-1303
674,34.874,15702,16406,50014,54936,-704
675,34.926,16056,16967,51311,55343,-911
676,34.978,16303,17040,52700,54730,-737
677,35.029,16675,16815,52754,55410,-140
678,35.081,16185,16961,53124,55927,-776
679,35.133,15420,17905,53050,55756,-2485
680,35.185,17647,17083,52250,55252,564
681,35.236,15019,16961,51698,55289,-1942
682,35.288,19040,18472,52644,55319,568
683,35.34,16972,18076,51173,55276,-1104
684,35.392,16285,16942,53549,55015,-657
685,35.443,16796,17808,52714,55386,-1012
686,35.495,14429,18155,52761,55829,-3726
687,35.547,17026,17046,53565,54863,-20
688,35.598,15837,16144,50797,54863,-307
689,35.65,15419,16748,51073,55289,-1329
690,35.702,14883,16839,53776,55137,-1956
691,35.754,15601,15943,52129,55258,-342
692,35.805,14465,16023,51374,55094,-1558
693,35.857,15191,16528,52732,55131,-1337
694,35.909,14816,16936,53352,55477,-2120
695,35.961,17870,16888,54218,55374,982
696,36.012,14470,16016,52896,55398,-1546
697,36.064,15919,16693,53247,55398,-774
698,36.116,15647,17655,54435,55605,-2008
699,36.168,18474,17552,52846,54772,922
700,36.219,16526,16303,53309,54948,223
701,36.271,16098,16626,51054,55866,-528
702,36.323,15163,15803,52879,55987,-640
703,36.375,13876,15754,50219,55914,-1878
704,36.426,16834,15968,51649,56127,866
705,36.478,17006,16449,51047,55623,557
706,36.53,17732,16559,50798,55410,1173
707,36.582,15782,16991,51785,55605,-1209
708,36.633,18151,17253,53544,55185,898
709,36.685,16893,16425,53142,55501,468
710,36.737,13572,16589,54443,55945,-3017
711,36.789,14780,16626,53447,55647,-1846
712,36.84,15445,16985,50270,55519,-1540
713,36.892,14520,16681,51154,55975,-2161
714,36.944,16363,17125,50481,56145,-762
715,36.996,16535,16571,51493,55380,-36
716,37.047,15380,16053,51815,56261,-673
717,37.099,16347,16808,54792,55769,-461
718,37.151,16596,16821,51767,55295,-225
719,37.202,16642,16741,54238,55398,-99
720,37.254,16100,16583,50085,55513,-483
721,37.306,16361,16699,53196,56072,-338
722,37.358,16224,16577,51737,55374,-353
723,37.409,17308,16577,53745,55258,731
724,37.461,15742,16656,52147,55447,-914
725,37.513,16446,17613,51867,55914,-1167
726,37.565,18827,18423,51235,55070,404
727,37.616,19285,17607,51442,55963,1678
728,37.668,17763,16973,53497,55106,790
729,37.72,15440,16845,52536,55319,-1405
730,37.772,15270,16894,53987,55811,-1624
731,37.823,15666,16985,52368,55519,-1319
732,37.875,20310,17527,51091,55641,2783
733,37.927,16566,16382,52017,55927,184
734,37.979,18483,17058,54469,55580,1425
735,38.03,15250,17326,51840,55404,-2076
736,38.082,15231,17107,51019,56078,-1876
737,38.134,14486,16741,50461,56054,-2255
738,38.186,14512,16650,53927,56376,-2138
739,38.237,15891,17186,53061,55799,-1295
740,38.289,16662,16656,51195,55191,6
741,38.341,14939,17314,51983,55872,-2375
742,38.393,14838,16851,49986,55416,-2013
743,38.444,15719,16668,50016,55191,-949
744,38.496,17571,16723,53823,55459,848
745,38.548,15951,17217,51394,55623,-1266
746,38.6,15570,16479,52547,55556,-909
747,38.651,15911,16059,50101,55483,-148
748,38.703,15064,17076,52255,55380,-2012
749,38.755,16785,17649,52764,55325,-864
750,38.806,15309,16833,51142,55665,-1524
751,38.858,14796,16138,52565,55945,-1342
752,38.91,14216,16613,50108,55489,-2397
753,38.962,14633,15821,50054,54821,-1188
754,39.013,15002,17332,52095,56370,-2330
755,39.065,16560,17704,52882,55234,-1144
756,39.117,16885,17198,50876,55459,-313
757,39.169,15486,16827,52277,55015,-1341
758,39.22,16795,15627,51736,56401,1168
759,39.272,17739,16894,54705,56151,845
760,39.324,14981,17253,50956,56200,-2272
761,39.376,15305,16492,52706,55690,-1187
762,39.427,16024,16242,51481,55848,-218
763,39.479,15582,16029,53385,55951,-447
764,39.531,15967,16674,51457,55270,-707
765,39.583,17667,16949,51876,55744,718
766,39.634,17012,16632,49127,55562,380
767,39.686,15841,16358,51888,55611,-517
768,39.738,16825,16083,51621,56054,742
769,39.79,23824,16242,51683,55380,7582
770,39.841,24133,15852,50477,55009,8281
771,39.893,25130,16211,52156,55191,8919
772,39.945,29989,16888,53649,55264,13101
773,39.997,26575,16845,51468,56145,9730
774,40.048,26486,16766,52093,56498,9720
775,40.1,27099,15974,51028,55963,11125
776,40.152,25890,16443,52653,56504,9447
777,40.204,25736,16382,51553,56291,9354
778,40.255,29735,17308,52578,55756,12427
779,40.307,20598,15846,52244,56006,4752
780,40.359,26882,17162,53020,55428,9720
781,40.41,24746,17546,51586,56595,7200
782,40.462,27602,16857,53419,56078,10745
783,40.514,25594,17217,54055,55447,8377
784,40.566,27641,16419,52828,56157,11222
785,40.617,16762,16601,52746,56000,161
786,40.669,19519,16016,53062,56358,3503
787,40.721,21905,16821,50954,55896,5084
788,40.773,24818,16766,53247,56072,8052
789,40.824,21248,15815,52166,56358,5433
790,40.876,21931,15785,53340,56577,6146
791,40.928,19969,15968,51597,56121,4001
792,40.98,20415,16333,54880,55872,4082
793,41.031,19384,15852,55379,56322,3532
794,41.083,18096,15730,52698,56091,2366
795,41.135,20798,15828,54614,56267,4970
796,41.187,22093,16784,53157,56303,5309
797,41.238,21952,17296,52522,57057,4656
798,41.29,21658,16760,52562,56212,4898
799,41.342,22284,16370,53438,56042,5914
800,41.394,22335,16930,53147,56036,5405
801,41.445,18886,16607,52594,56054,2279
802,41.497,19554,15980,51771,56255,3574
803,41.549,21555,16248,51715,56577,5307
804,41.601,21359,16534,51670,56060,4825
805,41.652,21912,15895,52755,56291,6017
806,41.704,21929,16327,51523,56273,5602
807,41.756,21607,15882,52008,56388,5725
808,41.808,29776,16760,53517,56024,13016
809,41.859,24152,16120,55131,56425,8032
810,41.911,21375,15943,50019,56322,5432
811,41.963,24797,17040,51362,56838,7757
812,42.015,19736,16498,53095,55896,3238
813,42.066,21493,16632,52205,55477,4861
814,42.118,26072,15821,52042,55829,10251
815,42.17,26705,15864,49961,56467,10841
816,42.221,24806,15968,52757,56303,8838
817,42.273,23714,16699,51948,56352,7015
818,42.325,23692,16400,52414,55726,7292
819,42.377,26352,16949,51467,57039,9403
820,42.428,21824,16875,51449,57355,4949
821,42.48,24887,16839,51452,56899,8048
822,42.532,27585,17619,52034,56644,9966
823,42.584,28772,17631,54992,56625,11141
824,42.635,25599,17917,50645,56990,7682
825,42.687,24291,18234,51921,56267,6057
826,42.739,27035,18057,52361,57178,8978
827,42.791,25913,17137,52548,56668,8776
828,42.842,24564,17217,54250,56437,7347
829,42.894,25397,17338,52881,56595,8059
830,42.946,21850,16613,51198,56048,5237
831,42.998,21837,17113,49816,56559,4724
832,43.049,25244,17089,52441,57300,8155
833,43.101,23345,16169,51646,56777,7176
834,43.153,23673,16492,52045,56042,7181
835,43.205,25918,17271,51713,55927,8647
836,43.256,23658,17168,51058,56382,6490
837,43.308,28978,18356,52583,56753,10622
838,43.36,22737,17722,53910,56710,5015
839,43.412,26211,17430,53396,56540,8781
840,43.463,21333,16211,53170,56589,5122
841,43.515,15486,16175,53948,55872,-689
842,43.567,22285,17716,51595,56613,4569
843,43.619,26110,18155,53616,55592,7955
844,43.67,25931,17966,50044,56619,7965
845,43.722,29849,18533,53884,56498,11316
846,43.774,22530,18392,52883,56583,4138
847,43.825,19334,16339,51656,57282,2995
848,43.877,19403,16047,53208,57695,3356
849,43.929,19519,17387,52465,57233,2132
850,43.981,20617,16285,54494,56151,4332
851,44.032,20280,16187,52927,57069,4093
852,44.084,20325,16352,53427,56285,3973
853,44.136,20905,16248,52190,56960,4657
854,44.188,19412,17174,53335,57525,2238
855,44.239,23559,16157,52391,56546,7402
856,44.291,24733,16230,52605,56978,8503
857,44.343,20552,16169,52188,56473,4383
858,44.395,23652,16352,52216,56844,7300
859,44.446,25841,15791,52678,56419,10050
860,44.498,26484,16467,53103,56905,10017
861,44.55,27162,16498,55428,56881,10664
862,44.602,24850,16029,51566,56273,8821
863,44.653,24988,15852,52079,57257,9136
864,44.705,23569,15334,54222,56334,8235
865,44.757,24377,15889,53962,57111,8488
866,44.809,25408,16193,52228,56862,9215
867,44.86,22561,15736,51969,56656,6825
868,44.912,19437,15456,51729,56267,3981
869,44.964,22752,16157,51299,56212,6595
870,45.016,22981,16126,51595,56309,6855
871,45.067,25758,16473,54573,55975,9285
872,45.119,25300,15919,52192,56638,9381
873,45.171,24455,16467,52450,56783,7988
874,45.223,22409,16352,52818,57288,6057
875,45.274,23325,15828,52628,56917,7497
876,45.326,21996,15931,52422,57026,6065
877,45.378,26256,17381,53209,56595,8875
878,45.429,24257,16613,52198,56874,7644
879,45.481,24133,17028,51627,57136,7105
880,45.533,24168,16674,53382,56431,7494
881,45.585,23984,16144,52752,56583,7840
882,45.636,22074,15913,52765,57039,6161
883,45.688,25408,15925,51383,56656,9483
884,45.74,23760,16090,53894,56291,7670
885,45.792,25439,16449,51002,56109,8990
886,45.843,23964,15834,50587,56571,8130
887,45.895,26339,15426,50233,56893,10913
888,45.947,22739,15633,52792,56078,7106
889,45.999,22596,15462,54746,56765,7134
890,46.05,17802,15724,53574,55690,2078
891,46.102,20996,15639,54830,57002,5357
892,46.154,22483,16315,52659,56607,6168
893,46.206,26355,16035,50576,56601,10320
894,46.257,25981,16224,52190,55902,9757
895,46.309,23961,16516,53219,56522,7445
896,46.361,22407,16973,51401,56984,5434
897,46.413,19960,15706,51853,57452,4254
898,46.464,19260,15663,53001,56437,3597
899,46.516,18866,14975,53632,58144,3891
900,46.568,24363,15578,52054,56789,8785
901,46.62,15802,15145,52047,56382,657
902,46.671,16432,15462,55700,57057,970
903,46.723,17091,15486,53884,56953,1605
904,46.775,16294,15834,51683,56923,460
905,46.827,16432,15255,53501,57075,1177
906,46.878,17918,15066,51304,57130,2852
907,46.93,16963,14640,52465,56559,2323
908,46.982,16337,15182,52845,55939,1155
909,47.033,13079,15206,49947,56419,-2127
910,47.085,14383,15687,53645,56765,-1304
911,47.137,14999,15578,52849,56796,-579
912,47.189,15863,15925,53165,57190,-62
913,47.24,15124,15072,51840,57330,52
914,47.292,14821,15218,52390,57494,-397
915,47.344,15605,15937,55272,56170,-332
916,47.396,16034,15876,55754,57178,158
917,47.447,15552,15694,52679,56249,-142
918,47.499,17280,15407,49729,57245,1873
919,47.551,14835,15809,52527,57385,-974
920,47.603,14647,14780,52933,57306,-133
921,47.654,13553,15298,51375,56741,-1745
922,47.706,15533,15535,51320,57136,-2
923,47.758,14568,15432,53378,57136,-864
924,47.81,14194,14969,54918,56820,-775
925,47.861,14662,15255,51974,56674,-593
926,47.913,15126,15340,52690,56765,-214
927,47.965,14328,14627,53558,56917,-299
928,48.017,14466,14506,54688,57105,-40
929,48.068,14718,14682,53792,56656,36
930,48.12,14735,14701,54538,57215,34
931,48.172,14842,14585,52147,57336,257
932,48.224,14044,14426,51894,57154,-382
933,48.275,14208,14475,52796,56504,-267
934,48.327,13844,14774,50797,57105,-930
935,48.379,13243,14743,50984,57227,-1500
936,48.431,14174,14895,52065,57367,-721
937,48.482,14670,14713,51812,57342,-43
938,48.534,13364,15151,52536,56874,-1787
939,48.586,14746,14950,53890,56559,-204
940,48.637,14473,16016,50735,56425,-1543
941,48.689,14405,15968,51074,56625,-1563
942,48.741,16056,15828,51760,57130,228
943,48.793,14111,15298,50806,56455,-1187
944,48.844,14849,14536,53555,56893,313
945,48.896,13356,15773,52202,57276,-2417
946,48.948,14092,15036,51850,56607,-944
947,49.0,14948,14609,52966,56844,339
948,49.051,13810,14670,53494,56741,-860
949,49.103,14155,14688,52627,56789,-533
950,49.155,13008,14548,53681,57197,-1540
951,49.207,14286,14731,52860,56984,-445
952,49.258,13305,13957,53171,56947,-652
953,49.31,13598,14439,52832,56789,-841
954,49.362,14132,14713,53595,57124,-581
955,49.414,14598,14908,53483,57251,-310
956,49.465,13821,14993,51947,56352,-1172
957,49.517,13339,15322,53033,56905,-1983
958,49.569,14398,15206,51279,57026,-808
959,49.621,13510,15170,54613,56407,-1660
960,49.672,13627,14749,53564,57513,-1122
961,49.724,13240,14183,50300,57355,-943
962,49.776,15132,15182,52659,57853,-50
963,49.828,13534,15030,53802,56243,-1496
964,49.879,17647,15054,52140,57203,2593
965,49.931,14801,15681,51747,57142,-880
966,49.983,15141,15060,51329,57105,81
967,50.035,15934,15493,54704,57148,441
968,50.086,14672,14999,54185,56820,-327
969,50.138,13987,15200,54261,57130,-1213
970,50.19,15240,15389,53835,57190,-149
971,50.241,15068,16083,53113,57026,-1015
972,50.293,16181,15139,53691,57215,1042
973,50.345,15158,14737,51876,57403,421
974,50.397,17298,15754,51751,57081,1544
975,50.448,14320,16029,51556,57561,-1709
976,50.5,13991,15535,53000,57105,-1544
977,50.552,14258,14932,53308,57573,-674
978,50.604,12485,14469,53928,57464,-1984
979,50.655,13232,13945,52072,57178,-713
980,50.707,14161,14353,52478,57300,-192
981,50.759,14267,14280,54492,57190,-13
982,50.811,12435,14323,53626,57282,-1888
983,50.862,14312,14524,52189,57895,-212
984,50.914,15132,15127,51815,55957,5
985,50.966,14715,14804,52742,56935,-89
986,51.018,15336,14792,52758,57646,544
987,51.069,14871,15115,53906,56996,-244
988,51.121,16802,14493,54283,57361,2309
989,51.173,16564,15030,51617,57239,1534
990,51.225,14132,14487,51045,57500,-355
991,51.276,14135,14847,51661,58029,-712
992,51.328,14392,14725,52070,56625,-333
993,51.38,14666,15066,53336,57014,-400
994,51.432,14134,15042,52631,57002,-908
995,51.483,13805,14542,53476,57288,-737
996,51.535,14305,14481,54970,55526,-176
997,51.587,13819,15151,49275,56874,-1332
998,51.639,14877,15809,52679,56698,-932
999,51.69,14772,15273,51862,57081,-501
