frame,Time [s],CH1,BGND1,CH2,BGND2,intensity
0,0.0,7074,6638,21883,21226,436
1,0.052,6419,6547,21899,21874,-128
2,0.103,6400,6656,21801,21398,-256
3,0.155,6177,6681,22010,21404,-504
4,0.207,6462,6528,21562,21654,-66
5,0.259,6340,6443,21684,22237,-103
6,0.31,6274,6547,21525,21868,-273
7,0.362,6357,6675,22402,21785,-318
8,0.414,6848,6522,22655,21619,326
9,0.466,6316,6693,21142,21482,-377
10,0.517,6931,6541,23754,21500,390
11,0.569,7102,6669,21036,21446,433
12,0.621,6606,6784,22159,21279,-178
13,0.673,7098,6705,20904,21827,393
14,0.724,6977,6498,21130,21547,479
15,0.776,6141,6583,22325,21690,-442
16,0.828,6599,6711,20481,21553,-112
17,0.88,6278,6760,22091,21381,-482
18,0.931,6597,6620,20751,22118,-23
19,0.983,7297,6650,21355,21494,647
20,1.035,5833,6870,20721,21827,-1037
21,1.087,6594,6474,21511,21845,120
22,1.138,6554,6559,22834,21309,-5
23,1.19,6554,6803,20814,21690,-249
24,1.242,6687,6589,21477,21642,98
25,1.294,7347,6535,22390,21684,812
26,1.345,6618,6626,20809,21476,-8
27,1.397,5995,6620,22082,21416,-625
28,1.449,6775,6650,21366,21761,125
29,1.501,6530,6784,22770,21607,-254
30,1.552,6208,6827,22363,21809,-619
31,1.604,6841,6705,20942,21583,136
32,1.656,6758,6474,21698,21678,284
33,1.707,7077,6669,21822,21523,408
34,1.759,6887,6638,23183,21851,249
35,1.811,7090,6705,21441,21898,385
36,1.863,7158,6687,23349,21833,471
37,1.914,6717,6705,21176,21613,12
38,1.966,7061,6724,21201,21779,337
39,2.018,7753,6882,21799,21511,871
40,2.07,7599,6693,21755,21690,906
41,2.121,6767,6693,21985,21934,74
42,2.173,7336,6778,21523,21339,558
43,2.225,6594,6797,22198,21458,-203
44,2.277,6583,6742,21469,21387,-159
45,2.328,6992,6766,21721,21732,226
46,2.38,7305,6845,21993,21761,460
47,2.432,7129,6626,21960,21934,503
48,2.484,7250,6626,22083,21535,624
49,2.535,7649,6559,21987,21958,1090
50,2.587,7637,6717,21430,21565,920
51,2.639,7554,6900,23790,21732,654
52,2.691,6740,6748,22293,21714,-8
53,2.742,6656,6650,22775,21785,6
54,2.794,6821,6644,21628,21940,177
55,2.846,7786,6675,20070,21660,1111
56,2.898,7113,6644,22216,21708,469
57,2.949,7013,6742,20959,21410,271
58,3.001,7037,6766,21228,21571,271
59,3.053,7202,6809,22090,22035,393
60,3.105,6670,6772,22090,21624,-102
61,3.156,6324,6492,20069,21773,-168
62,3.208,7061,6638,21653,21952,423
63,3.26,7119,6839,23467,21785,280
64,3.311,7172,6663,21332,21928,509
65,3.363,7613,6577,21395,21708,1036
66,3.415,6967,6589,20863,21619,378
67,3.467,6865,6626,21768,21619,239
68,3.518,7420,6602,22100,21660,818
69,3.57,7896,6736,22602,21964,1160
70,3.622,7599,6705,20456,21422,894
71,3.674,7045,6784,21823,21464,261
72,3.725,6739,6632,20250,21565,107
73,3.777,7198,6656,21686,21690,542
74,3.829,6721,6736,21378,21583,-15
75,3.881,7196,6589,21346,21547,607
76,3.932,7114,6711,21834,21636,403
77,3.984,7345,6742,20817,21630,603
78,4.036,7399,6669,22281,21803,730
79,4.088,6748,6711,22162,21648,37
80,4.139,7418,6650,22519,21571,768
81,4.191,7448,6766,23112,21315,682
82,4.243,7712,6638,21666,21767,1074
83,4.295,6855,6827,20426,21624,28
84,4.346,6958,6778,22863,21476,180
85,4.398,7956,6815,21533,21440,1141
86,4.45,7441,6772,21845,21702,669
87,4.502,7740,6717,21573,21381,1023
88,4.553,6768,6760,23159,21845,8
89,4.605,6553,6620,20780,21315,-67
90,4.657,7096,6711,22717,21523,385
91,4.709,7234,6730,22440,21315,504
92,4.76,6577,6693,20916,21684,-116
93,4.812,7977,6821,22039,21702,1156
94,4.864,8096,6791,21899,21732,1305
95,4.915,7109,6693,22458,21458,416
96,4.967,7219,7034,20174,21732,185
97,5.019,7227,6742,21057,21547,485
98,5.071,7316,6760,20716,21666,556
99,5.122,6698,6724,22200,21613,-26
100,5.174,7471,6724,21430,21541,747
101,5.226,7956,6675,21420,21743,1281
102,5.278,7053,6638,21539,21601,415
103,5.329,7827,6724,21112,21880,1103
104,5.381,7823,6608,21233,21678,1215
105,5.433,7620,6772,22063,22041,848
106,5.485,6438,6602,20757,21726,-164
107,5.536,6799,6474,20407,21767,325
108,5.588,6302,6535,22172,21839,-233
109,5.64,7093,6583,21388,21583,510
110,5.692,6609,6608,21772,21827,1
111,5.743,7239,6571,21662,21743,668
112,5.795,7684,6455,23579,21738,1229
113,5.847,7272,6650,21057,21749,622
114,5.899,6928,6760,23234,21714,168
115,5.95,7628,6778,23014,21898,850
116,6.002,7208,6528,21908,21761,680
117,6.054,6641,6620,20720,21648,21
118,6.106,7471,6656,20571,21428,815
119,6.157,7199,6736,21534,22035,463
120,6.209,7681,6687,21890,21517,994
121,6.261,7125,6687,21844,22041,438
122,6.313,7294,6742,21161,21702,552
123,6.364,7521,6791,22364,21619,730
124,6.416,7469,6986,21431,21607,483
125,6.468,8477,6553,21880,21845,1924
126,6.519,7848,6760,21330,21964,1088
127,6.571,7152,6644,20873,21833,508
128,6.623,6931,6815,20309,21767,116
129,6.675,6619,6535,20802,21862,84
130,6.726,7024,6748,22074,21833,276
131,6.778,6625,6632,21023,21160,-7
132,6.83,5980,6675,20361,21773,-695
133,6.882,7525,6602,21603,21601,923
134,6.933,7067,6596,21437,21547,471
135,6.985,7762,6693,23071,21791,1069
136,7.037,7428,6693,22239,21190,735
137,7.089,7621,6931,22160,21761,690
138,7.14,7930,6717,20766,21827,1213
139,7.192,8067,6754,20831,21839,1313
140,7.244,7678,6650,20870,21369,1028
141,7.296,8236,6772,21203,21279,1464
142,7.347,8036,6681,21334,21476,1355
143,7.399,8253,6980,20676,21339,1273
144,7.451,8454,6852,22070,21636,1602
145,7.503,7271,6705,22085,21696,566
146,7.554,8163,6748,21553,21541,1415
147,7.606,6846,6736,23412,21363,110
148,7.658,7556,6949,21481,22089,607
149,7.71,7447,6852,21301,21904,595
150,7.761,8128,6772,19920,21571,1356
151,7.813,7028,6632,21230,21684,396
152,7.865,8077,6772,21275,22005,1305
153,7.917,8402,6791,22763,21547,1611
154,7.968,8042,6797,21275,21970,1245
155,8.02,7702,6882,21700,22297,820
156,8.072,7724,6711,21269,21708,1013
157,8.123,7577,6687,21355,21761,890
158,8.175,7278,6742,22170,21696,536
159,8.227,8088,6717,20115,21648,1371
160,8.279,6873,6620,21530,21517,253
161,8.33,7623,6736,22562,21809,887
162,8.382,7050,6815,21260,22100,235
163,8.434,7230,6797,22546,21851,433
164,8.486,7193,6845,21176,21720,348
165,8.537,6951,6705,23337,21244,246
166,8.589,6923,6632,21460,21827,291
167,8.641,7417,6717,21778,21975,700
168,8.693,7506,6827,21483,21738,679
169,8.744,7096,6687,21235,21553,409
170,8.796,7226,6766,21596,21886,460
171,8.848,7089,6882,23016,21886,207
172,8.9,7071,6608,23206,22166,463
173,8.951,6697,6687,22161,21868,10
174,9.003,7681,6766,22734,21666,915
175,9.055,7061,6754,22504,21149,307
176,9.107,7122,6821,21875,21577,301
177,9.158,7940,6669,21648,21821,1271
178,9.21,7862,6833,23051,21767,1029
179,9.262,6990,6693,21368,21381,297
180,9.314,6938,6809,21632,21541,129
181,9.365,7452,6724,21527,21845,728
182,9.417,8675,6882,21879,21726,1793
183,9.469,7671,6888,22287,21785,783
184,9.521,7810,6675,21456,21767,1135
185,9.572,6797,6638,22284,21422,159
186,9.624,7938,6675,20584,21821,1263
187,9.676,7412,6870,21751,21470,542
188,9.727,7193,6797,22089,22136,396
189,9.779,7667,6717,22444,22184,950
190,9.831,8132,6955,22181,22047,1177
191,9.883,7596,7089,20609,22255,507
192,9.934,7245,6906,21905,21696,339
193,9.986,7873,6882,22019,21958,991
194,10.038,7811,6852,20038,21654,959
195,10.09,7330,6827,22578,21946,503
196,10.141,7439,6632,20751,21981,807
197,10.193,7541,6919,21097,22053,622
198,10.245,7280,6894,22079,22202,386
199,10.297,7227,7040,22053,21500,187
200,10.348,7457,6736,21051,22463,721
201,10.4,7294,6589,21504,21779,705
202,10.452,7188,6656,23160,22029,532
203,10.504,7131,6730,20014,22005,401
204,10.555,7802,6656,21175,21702,1146
205,10.607,7919,6663,21679,21648,1256
206,10.659,6411,6858,24130,22178,-447
207,10.711,6912,6760,22646,21999,152
208,10.762,7483,6778,21522,21803,705
209,10.814,6908,6699,21136,21690,209
210,10.866,6961,6669,19765,22118,292
211,10.918,6865,6614,23830,21738,251
212,10.969,6984,6876,20410,21874,108
213,11.021,6320,6778,21203,22089,-458
214,11.073,7123,6784,21097,22041,339
215,11.125,6885,6827,23120,21999,58
216,11.176,7232,6602,23057,22196,630
217,11.228,7020,6663,22274,21940,357
218,11.28,7371,6656,22351,21833,715
219,11.331,7039,6778,20361,21892,261
220,11.383,6727,6675,22551,22041,52
221,11.435,6570,6699,22847,21392,-129
222,11.487,6596,6681,21253,22136,-85
223,11.538,7141,6583,20589,21797,558
224,11.59,6338,6407,22390,21797,-69
225,11.642,7521,6736,21245,22005,785
226,11.694,6844,6711,21871,21934,133
227,11.745,6634,6693,21777,21785,-59
228,11.797,6486,6589,21646,21892,-103
229,11.849,6808,6522,21341,21779,286
230,11.901,6332,6577,21849,21749,-245
231,11.952,6232,6449,20847,21910,-217
232,12.004,7039,6711,20970,21785,328
233,12.056,6384,6724,21696,22041,-340
234,12.108,6156,6650,22570,21761,-494
235,12.159,7235,6620,22146,21815,615
236,12.211,7085,6876,21314,21476,209
237,12.263,7249,6949,21247,21607,300
238,12.315,6622,6730,22689,21440,-108
239,12.366,6823,6608,21088,22017,215
240,12.418,6805,6791,21682,21785,14
241,12.47,7631,6845,22055,21684,786
242,12.522,7054,6614,21799,21970,440
243,12.573,7606,6687,22251,21773,919
244,12.625,7443,6730,21838,21619,713
245,12.677,7158,6681,21044,21458,477
246,12.729,6554,6589,20555,21958,-35
247,12.78,7331,6669,21255,21702,662
248,12.832,7369,6620,22570,21958,749
249,12.884,6788,6547,22404,22154,241
250,12.935,6720,6656,21127,21696,64
251,12.987,6691,6553,21382,21571,138
252,13.039,6742,6553,20843,21726,189
253,13.091,6422,6876,21717,21565,-454
254,13.142,6734,6669,20584,22011,65
255,13.194,6251,6589,22774,21749,-338
256,13.246,7020,6669,21457,21851,351
257,13.298,7182,6742,21421,21916,440
258,13.349,7341,6632,22458,21916,709
259,13.401,6588,6717,20271,21738,-129
260,13.453,6723,6644,22087,21880,79
261,13.505,7376,6705,21202,21940,671
262,13.556,6855,6693,21185,21714,162
263,13.608,7122,6724,20883,22011,398
264,13.66,6998,6620,22644,21482,378
265,13.712,7362,6535,21808,21797,827
266,13.763,6539,6699,22695,21630,-160
267,13.815,7051,6699,22170,21803,352
268,13.867,6432,6717,20675,21904,-285
269,13.919,6621,6650,20230,21886,-29
270,13.97,6846,6931,21915,21708,-85
271,14.022,7197,6730,19682,21464,467
272,14.074,7239,6852,22249,21541,387
273,14.126,6634,6784,20950,21494,-150
274,14.177,6904,6967,23357,21803,-63
275,14.229,6929,6717,20765,21999,212
276,14.281,7484,6778,22661,21708,706
277,14.333,8827,6943,22074,21952,1884
278,14.384,8373,6931,22764,22071,1442
279,14.436,10399,6858,21926,21821,3541
280,14.488,10392,6711,22594,21595,3681
281,14.54,9194,6791,21539,22178,2403
282,14.591,10279,7126,22468,21785,3153
283,14.643,9893,6845,20946,22166,3048
284,14.695,8162,6766,22398,21470,1396
285,14.746,9271,6663,21099,21464,2608
286,14.798,9533,6632,22235,22338,2901
287,14.85,9715,6791,22188,21779,2924
288,14.902,8905,6772,21881,21779,2133
289,14.953,10362,6925,22685,21696,3437
290,15.005,9499,6821,22253,21839,2678
291,15.057,9577,6809,21693,21446,2768
292,15.109,9414,6784,21621,21624,2630
293,15.16,8821,6870,23169,21910,1951
294,15.212,8818,6827,21197,21851,1991
295,15.264,9086,7071,22703,21999,2015
296,15.316,9770,6852,22296,21970,2918
297,15.367,7183,6583,22493,21624,600
298,15.419,8835,6620,21562,21654,2215
299,15.471,9714,6912,20407,21541,2802
300,15.523,10018,6998,22394,21898,3020
301,15.574,10999,6833,22043,21440,4166
302,15.626,10629,6888,21748,21839,3741
303,15.678,9781,6699,21409,21624,3082
304,15.73,10502,6833,22116,21904,3669
305,15.781,9775,6888,22640,22094,2887
306,15.833,9559,6717,20987,21696,2842
307,15.885,10153,6998,22544,22136,3155
308,15.937,9733,6967,21777,22410,2766
309,15.988,8668,6797,20336,22023,1871
310,16.04,10001,6669,20649,21993,3332
311,16.092,9659,6931,23159,22297,2728
312,16.144,8550,6882,21734,21981,1668
313,16.195,9769,7034,22003,22065,2735
314,16.247,9828,6778,21360,21851,3050
315,16.299,9632,6900,21596,22124,2732
316,16.35,9723,6833,21815,22065,2890
317,16.402,10507,6858,21196,21952,3649
318,16.454,8883,6998,21066,21761,1885
319,16.506,8940,6809,19984,21410,2131
320,16.557,7681,6693,21398,21916,988
321,16.609,9544,7047,22132,22100,2497
322,16.661,9266,6778,22327,21928,2488
323,16.713,9397,6730,21172,21702,2667
324,16.764,9760,7004,21316,22017,2756
325,16.816,9916,6937,21630,21517,2979
326,16.868,9123,6596,22468,21886,2527
327,16.92,9522,6711,19664,21684,2811
328,16.971,8940,6699,22370,21946,2241
329,17.023,9327,6827,20765,21934,2500
330,17.075,9653,6766,22323,21934,2887
331,17.127,11035,6864,21476,21785,4171
332,17.178,11091,6803,21522,21416,4288
333,17.23,10286,6833,21874,21738,3453
334,17.282,9529,7120,22824,21714,2409
335,17.334,9142,6827,23102,21678,2315
336,17.385,9872,7004,21437,21678,2868
337,17.437,11276,6949,21105,21975,4327
338,17.489,9853,6894,22436,21398,2959
339,17.541,10085,6864,21755,21904,3221
340,17.592,10480,6858,21477,21785,3622
341,17.644,7706,6541,22238,21821,1165
342,17.696,6561,6876,22517,22005,-315
343,17.748,8045,6797,20894,21636,1248
344,17.799,7464,6760,22146,21934,704
345,17.851,8038,6797,23593,22142,1241
346,17.903,7348,6650,21918,21607,698
347,17.954,7193,6577,21005,21928,616
348,18.006,7142,6784,23329,21601,358
349,18.058,6979,6675,20756,21577,304
350,18.11,7566,6778,21171,21803,788
351,18.161,8363,6608,22100,21452,1755
352,18.213,7288,6717,21727,21601,571
353,18.265,7415,6888,21017,21613,527
354,18.317,7102,6602,22679,21785,500
355,18.368,6836,6772,22339,21571,64
356,18.42,7875,6583,22068,21601,1292
357,18.472,8405,6900,21699,21511,1505
358,18.524,10491,6754,21974,21488,3737
359,18.575,9947,6864,22442,21761,3083
360,18.627,10582,6955,22222,21714,3627
361,18.679,10273,6876,22010,21369,3397
362,18.731,10523,6784,22292,22023,3739
363,18.782,8524,6675,20744,21898,1849
364,18.834,8748,6845,21529,21892,1903
365,18.886,10676,6754,22510,21845,3922
366,18.938,9343,6754,23733,21613,2589
367,18.989,8379,6644,21779,21476,1735
368,19.041,7743,6809,21953,21738,934
369,19.093,9333,6827,21516,21833,2506
370,19.145,9649,6803,21939,21803,2846
371,19.196,9352,6766,20662,21494,2586
372,19.248,7891,6797,22109,21607,1094
373,19.3,7769,6693,22053,21803,1076
374,19.352,7898,6638,20852,21642,1260
375,19.403,10333,7187,21058,21428,3146
376,19.455,11018,6876,21955,22118,4142
377,19.507,9943,6748,21348,21857,3195
378,19.558,10821,6821,22412,21702,4000
379,19.61,9293,6894,21549,21767,2399
380,19.662,10515,6766,22814,21779,3749
381,19.714,9099,6711,20538,22112,2388
382,19.765,9916,6724,21081,21279,3192
383,19.817,9070,6760,21488,22053,2310
384,19.869,10056,6973,22676,21327,3083
385,19.921,10075,6809,21696,21975,3266
386,19.972,7883,6547,21792,21928,1336
387,20.024,7073,6717,21724,21726,356
388,20.076,6877,6541,21863,21303,336
389,20.128,6996,6778,21550,21755,218
390,20.179,7489,6663,22350,22100,826
391,20.231,6536,6547,21291,21815,-11
392,20.283,6907,6760,23411,22077,147
393,20.335,7112,6711,20975,21714,401
394,20.386,7317,6553,23483,21839,764
395,20.438,7529,6711,21739,21761,818
396,20.49,7905,6724,20950,21749,1181
397,20.542,7586,6541,22203,21494,1045
398,20.593,6894,6644,21870,21720,250
399,20.645,6746,6638,21255,21583,108
400,20.697,6633,6608,22626,21660,25
401,20.749,7028,6620,21673,21369,408
402,20.8,6149,6528,21937,21565,-379
403,20.852,6334,6669,22096,21642,-335
404,20.904,6832,6693,21000,21827,139
405,20.956,6813,6632,22992,21761,181
406,21.007,6896,6596,21947,21642,300
407,21.059,6634,6644,20342,21839,-10
408,21.111,6787,6669,21566,21654,118
409,21.162,6633,6766,22023,21672,-133
410,21.214,7171,6608,20300,21952,563
411,21.266,6600,6553,21266,21684,47
412,21.318,6492,6730,21194,21803,-238
413,21.369,7181,6620,22364,21571,561
414,21.421,7111,6711,21368,21387,400
415,21.473,7477,6730,22170,21595,747
416,21.525,7421,6772,21468,21422,649
417,21.576,6752,6687,21577,21535,65
418,21.628,6668,6553,21009,21934,115
419,21.68,7181,6705,21599,21684,476
420,21.732,6274,6705,20969,21404,-431
421,21.783,6181,6504,22314,21874,-323
422,21.835,6562,6516,22336,22005,46
423,21.887,6425,6681,20094,22112,-256
424,21.939,7031,6602,21419,21648,429
425,21.99,6732,6565,23086,21523,167
426,22.042,6791,6547,22241,21952,244
427,22.094,6864,6596,21253,21589,268
428,22.146,7315,6492,20725,21833,823
429,22.197,6918,6614,22117,21785,304
430,22.249,6790,6571,21299,21648,219
431,22.301,6963,6766,23027,21726,197
432,22.353,7130,6748,21441,21916,382
433,22.404,7283,6858,22098,22071,425
434,22.456,6926,6644,21570,21815,282
435,22.508,7523,6809,23338,21803,714
436,22.56,6941,6516,22160,21589,425
437,22.611,6941,6748,21122,21779,193
438,22.663,6828,6663,21071,21714,165
439,22.715,6994,6602,20626,21654,392
440,22.766,6585,6711,22270,21642,-126
441,22.818,7378,6717,21980,22029,661
442,22.87,6544,6535,20014,21714,9
443,22.922,6675,6742,21013,21886,-67
444,22.973,6627,6955,20524,21993,-328
445,23.025,7170,6675,21862,21583,495
446,23.077,6644,6772,22308,22083,-128
447,23.129,6893,6699,23018,21797,194
448,23.18,7097,6626,22465,21809,471
449,23.232,7078,6687,22319,21755,391
450,23.284,7111,6571,22997,21755,540
451,23.336,6485,6705,20714,22237,-220
452,23.387,7616,6766,21237,21970,850
453,23.439,6763,6528,20041,21803,235
454,23.491,7302,6656,20430,21785,646
455,23.543,7000,6583,21939,21672,417
456,23.594,6733,6596,21758,21922,137
457,23.646,6454,6742,23134,21517,-288
458,23.698,7380,6535,21705,21708,845
459,23.75,6575,6791,20763,21559,-216
460,23.801,6883,6620,21963,21743,263
461,23.853,6783,6608,21719,21607,175
462,23.905,6659,6669,20553,21999,-10
463,23.957,7023,6675,22298,21785,348
464,24.008,6452,6742,21366,21767,-290
465,24.06,6565,6669,23605,22059,-104
466,24.112,6561,6705,21545,22279,-144
467,24.164,7015,6675,20976,21708,340
468,24.215,6280,6748,21897,22154,-468
469,24.267,6977,6626,22788,21862,351
470,24.319,7393,6577,23409,21636,816
471,24.37,6746,6626,22288,21577,120
472,24.422,6508,6839,22621,21916,-331
473,24.474,7711,6717,22087,22350,994
474,24.526,6812,6760,22100,21464,52
475,24.577,6158,6614,20941,21749,-456
476,24.629,6998,6589,21574,22053,409
477,24.681,6573,6644,22641,21809,-71
478,24.733,6543,6620,21744,22154,-77
479,24.784,6824,6632,21880,21803,192
480,24.836,6480,6724,21587,22190,-244
481,24.888,6671,6742,21383,21845,-71
482,24.94,6832,6681,23713,21821,151
483,24.991,6505,6681,22628,21958,-176
484,25.043,7874,6693,20462,22083,1181
485,25.095,6739,6608,22094,21886,131
486,25.147,6550,6650,23534,21791,-100
487,25.198,6672,6675,21904,21684,-3
488,25.25,7169,6577,21200,21732,592
489,25.302,6394,6492,21918,21892,-98
490,25.354,6923,6748,22682,21767,175
491,25.405,7310,6717,23197,21630,593
492,25.457,6620,6535,20288,21732,85
493,25.509,6737,6742,21627,22017,-5
494,25.561,6159,6650,22638,22196,-491
495,25.612,6585,6632,21276,21583,-47
496,25.664,7259,6571,21726,21904,688
497,25.716,7013,6644,21572,21791,369
498,25.768,5933,6626,22263,21619,-693
499,25.819,7029,6717,20978,22023,312
500,25.871,7359,6797,21771,21868,562
501,25.923,6253,6620,20467,22124,-367
502,25.974,7046,6656,22541,21892,390
503,26.026,6792,6522,22830,22142,270
504,26.078,6975,6541,21278,22291,434
505,26.13,6740,6571,21475,21886,169
506,26.181,6617,6681,21746,21815,-64
507,26.233,6151,6705,22611,21720,-554
508,26.285,7551,6852,22079,21779,699
509,26.337,6857,6833,20814,21928,24
510,26.388,6877,6675,22250,21868,202
511,26.44,6734,6577,22107,22130,157
512,26.492,6794,6541,20852,21773,253
513,26.544,5982,6724,23094,21440,-742
514,26.595,6135,6724,22207,22261,-589
515,26.647,6530,6742,21400,21702,-212
516,26.699,7223,6699,21964,21958,524
517,26.751,7685,6852,22515,21958,833
518,26.802,8038,6821,21948,21892,1217
519,26.854,7712,6803,21368,22083,909
520,26.906,7198,6980,21152,21714,218
521,26.958,6980,6589,21682,21642,391
522,27.009,6722,6656,21056,21416,66
523,27.061,6256,6687,20828,22309,-431
524,27.113,6712,6839,20199,21809,-127
525,27.165,6873,6589,22188,21779,284
526,27.216,6806,6693,21449,21862,113
527,27.268,6591,6894,21133,21440,-303
528,27.32,6465,6925,21521,21779,-460
529,27.372,6841,6602,20930,21494,239
530,27.423,7254,6669,22026,21464,585
531,27.475,7052,6724,21300,21845,328
532,27.527,6971,6681,21082,21862,290
533,27.578,6824,6632,22221,22023,192
534,27.63,6800,6791,20471,21767,9
535,27.682,6660,6791,20859,21916,-131
536,27.734,6866,6748,24317,21904,118
537,27.785,6828,6693,21941,22124,135
538,27.837,6937,6638,22699,22029,299
539,27.889,7051,6754,21557,21868,297
540,27.941,7235,6870,21591,21660,365
541,27.992,7519,7004,22179,21761,515
542,28.044,7579,7108,20215,21857,471
543,28.096,7483,6906,21789,21678,577
544,28.148,6574,6650,21866,22029,-76
545,28.199,6537,6724,23331,21660,-187
546,28.251,6687,6626,21411,21732,61
547,28.303,6733,6669,21544,22148,64
548,28.355,6782,6809,22393,22059,-27
549,28.406,6471,6669,21832,22089,-198
550,28.458,7091,6656,21977,21862,435
551,28.51,7026,6608,20792,21785,418
552,28.562,6345,6705,21523,21761,-360
553,28.613,6540,6669,21033,21690,-129
554,28.665,6806,6711,21632,21999,95
555,28.717,7168,6602,21328,21868,566
556,28.769,6491,6827,20983,21654,-336
557,28.82,7053,6602,22576,21833,451
558,28.872,6921,6681,21589,21898,240
559,28.924,6477,6675,21018,21666,-198
560,28.976,6475,6675,21565,22166,-200
561,29.027,6515,6724,22285,22011,-209
562,29.079,6297,6742,21569,21565,-445
563,29.131,6958,6839,21272,22148,119
564,29.182,6557,6669,21875,21851,-112
565,29.234,7180,6711,22436,21684,469
566,29.286,7037,6900,21834,21589,137
567,29.338,7167,6839,20936,21666,328
568,29.389,6823,6888,22722,21636,-65
569,29.441,6680,6675,21392,21803,5
570,29.493,6623,6833,20799,21797,-210
571,29.545,6983,6949,21405,21268,34
572,29.596,6737,6644,21583,21517,93
573,29.648,6819,6687,21427,21702,132
574,29.7,6605,6705,21592,22065,-100
575,29.752,7042,6827,21098,21696,215
576,29.803,6834,6760,22052,21583,74
577,29.855,6515,6845,21543,21892,-330
578,29.907,6968,6681,23231,21476,287
579,29.959,6659,6742,22872,21857,-83
580,30.01,7133,6852,22488,21773,281
581,30.062,7082,6669,21287,21910,413
582,30.114,6767,6748,21321,21749,19
583,30.166,7654,6809,20968,21684,845
584,30.217,7180,6797,21532,21833,383
585,30.269,7177,7016,21867,22124,161
586,30.321,7016,6766,21604,21749,250
587,30.373,7639,6778,21585,21547,861
588,30.424,6757,6772,22736,21892,-15
589,30.476,6624,6791,22138,22077,-167
590,30.528,7030,6791,22882,22077,239
591,30.58,6423,6583,20961,21672,-160
592,30.631,6438,6754,22363,21773,-316
593,30.683,6826,6882,22493,21708,-56
594,30.735,6186,6717,22507,22362,-531
595,30.786,6763,6760,20565,21851,3
596,30.838,6246,6632,21354,21785,-386
597,30.89,6511,6809,22865,21624,-298
598,30.942,6604,6821,21566,21862,-217
599,30.993,7084,6675,20451,21821,409
600,31.045,7036,6827,20863,21857,209
601,31.097,6931,6602,21022,21803,329
602,31.149,7683,6803,21676,21696,880
603,31.2,6771,6858,22182,21761,-87
604,31.252,6808,6833,21337,21630,-25
605,31.304,7060,6833,22072,22047,227
606,31.356,6912,6724,21111,21880,188
607,31.407,7051,6693,22428,21880,358
608,31.459,6448,6833,22371,21630,-385
609,31.511,6435,6748,21737,21868,-313
610,31.563,7627,6833,21160,21898,794
611,31.614,7010,6973,22420,21797,37
612,31.666,6757,6797,21605,21851,-40
613,31.718,6762,6815,21193,21458,-53
614,31.77,6389,6742,22978,21738,-353
615,31.821,6520,6693,21188,21684,-173
616,31.873,6389,6778,23279,21559,-389
617,31.925,7110,6650,21306,21720,460
618,31.977,6803,6626,21173,21886,177
619,32.028,7251,6852,21336,21767,399
620,32.08,6112,6894,22245,21845,-782
621,32.132,6697,6547,21380,21708,150
622,32.184,6892,6510,22155,21767,382
623,32.235,7178,6717,22094,22077,461
624,32.287,6633,6717,22173,21678,-84
625,32.339,7493,6754,22113,22112,739
626,32.39,7097,6724,22150,21755,373
627,32.442,6750,6565,21016,21862,185
628,32.494,6917,6547,19354,21755,370
629,32.546,7167,6577,20919,21720,590
630,32.597,6887,6565,22000,21922,322
631,32.649,7119,6608,21661,22094,511
632,32.701,6735,6766,22390,21928,-31
633,32.753,6773,6589,22124,21874,184
634,32.804,6998,6589,22710,22237,409
635,32.856,6313,6559,21147,21910,-246
636,32.908,7064,6467,22515,22148,597
637,32.96,6321,6663,22207,22065,-342
638,33.011,6904,6699,20585,21886,205
639,33.063,6718,6742,22088,22231,-24
640,33.115,7128,6675,21050,21946,453
641,33.167,7394,6766,21967,21874,628
642,33.218,6496,6663,22444,21904,-167
643,33.27,6897,6675,21159,22118,222
644,33.322,6212,6736,21386,21862,-524
645,33.374,7436,6717,22043,21839,719
646,33.425,7011,6559,21721,22160,452
647,33.477,6726,6425,21724,21500,301
648,33.529,6772,6784,21981,21827,-12
649,33.581,6742,6663,22985,21732,79
650,33.632,7081,6589,20952,21892,492
651,33.684,6870,6541,19944,21975,329
652,33.736,6159,6888,21129,21851,-729
653,33.788,6703,6583,21987,21922,120
654,33.839,6496,6675,21259,22094,-179
655,33.891,7114,6693,21876,22053,421
656,33.943,6587,6656,22759,22059,-69
657,33.994,6734,6699,21564,21648,35
658,34.046,7231,6687,21165,21922,544
659,34.098,7138,6596,21668,22041,542
660,34.15,6537,6772,22121,21589,-235
661,34.201,6832,6699,21368,21535,133
662,34.253,6500,6748,21540,22083,-248
663,34.305,6906,6809,20847,21892,97
664,34.357,6803,6620,21704,21785,183
665,34.408,6352,6535,21854,21922,-183
666,34.46,7192,6638,22505,22065,554
667,34.512,6460,6620,21828,21916,-160
668,34.564,6740,6900,21463,22089,-160
669,34.615,6815,6693,21626,21654,122
670,34.667,6613,6766,20324,21892,-153
671,34.719,6583,6681,22751,21946,-98
672,34.771,7709,6797,20839,22071,912
673,34.822,6504,6559,21721,21541,-55
674,34.874,6380,6742,22485,21851,-362
675,34.926,7657,6596,21732,22089,1061
676,34.978,7579,6760,22100,22011,819
677,35.029,6949,6632,21208,22005,317
678,35.081,6316,6797,22788,21880,-481
679,35.133,6435,6705,22661,22130,-270
680,35.185,6872,6663,22061,21928,209
681,35.236,6464,6675,21872,21803,-211
682,35.288,7000,6821,22072,21833,179
683,35.34,6793,6510,22635,21648,283
684,35.392,6628,6797,23440,21839,-169
685,35.443,7051,6626,22222,21743,425
686,35.495,6885,6711,21616,22029,174
687,35.547,7080,6717,22419,21684,363
688,35.598,7142,6730,22236,21809,412
689,35.65,6221,6766,21361,22047,-545
690,35.702,6192,6541,22519,21975,-349
691,35.754,7004,6803,22549,21791,201
692,35.805,6677,6705,22085,22380,-28
693,35.857,6654,6480,21613,21785,174
694,35.909,6830,6516,21563,21714,314
695,35.961,6762,6766,22381,21868,-4
696,36.012,6935,6730,22873,21815,205
697,36.064,7134,6827,22815,22065,307
698,36.116,6365,6736,21997,22041,-371
699,36.168,7506,6565,21893,21862,941
700,36.219,6621,6717,22119,21696,-96
701,36.271,6771,6614,22084,21702,157
702,36.323,6742,6486,24169,22011,256
703,36.375,6572,6486,22678,22196,86
704,36.426,6853,6705,22319,21952,148
705,36.478,6930,6772,21675,21690,158
706,36.53,6722,6632,22438,21690,90
707,36.582,6887,6669,21265,21732,218
708,36.633,7270,6833,21905,21851,437
709,36.685,7312,6742,21948,21732,570
710,36.737,7788,6589,22106,21559,1199
711,36.789,6649,6498,22057,21559,151
712,36.84,6890,6656,21690,21886,234
713,36.892,6577,6547,21576,21779,30
714,36.944,6791,6608,22357,21208,183
715,36.996,7604,6614,21527,21595,990
716,37.047,7148,6724,20032,21862,424
717,37.099,7223,6724,21088,22166,499
718,37.151,6909,6675,21591,21630,234
719,37.202,6934,6486,22282,21714,448
720,37.254,6960,6589,21748,22011,371
721,37.306,6822,6541,21605,21880,281
722,37.358,6566,6541,21389,21952,25
723,37.409,7127,6535,21174,21619,592
724,37.461,6259,6461,21792,21993,-202
725,37.513,7023,6638,22016,21845,385
726,37.565,7516,6821,22759,21928,695
727,37.616,6858,6535,20971,21898,323
728,37.668,6292,6699,22334,21975,-407
729,37.72,6451,6510,21478,21577,-59
730,37.772,7332,6577,22439,21648,755
731,37.823,7544,6784,20443,21767,760
732,37.875,6857,6656,21679,21363,201
733,37.927,7018,6717,22989,21904,301
734,37.979,6835,6705,22277,21565,130
735,38.03,7165,6699,22302,21422,466
736,38.082,7194,6632,22285,21630,562
737,38.134,6838,6504,21415,21868,334
738,38.186,7919,6699,22969,21785,1220
739,38.237,6566,6596,21090,22017,-30
740,38.289,6559,6516,22193,22029,43
741,38.341,6813,6699,21775,22065,114
742,38.393,6801,6565,21591,21845,236
743,38.444,7028,6565,23073,21821,463
744,38.496,6708,6882,23586,21898,-174
745,38.548,6802,6528,22567,21583,274
746,38.6,6554,6547,22130,21910,7
747,38.651,6144,6608,22003,21523,-464
748,38.703,7253,6681,23546,21422,572
749,38.755,6399,6730,20975,21964,-331
750,38.806,6957,6528,20580,21821,429
751,38.858,6584,6577,23264,21743,7
752,38.91,6748,6583,22607,21779,165
753,38.962,7087,6711,22324,21749,376
754,39.013,6336,6596,21240,21690,-260
755,39.065,6515,6596,22031,21827,-81
756,39.117,5760,6656,21010,21743,-896
757,39.169,6632,6596,21503,22077,36
758,39.22,7239,6583,21958,22059,656
759,39.272,7019,6669,21659,22077,350
760,39.324,6879,6742,22188,21910,137
761,39.376,6472,6724,22183,21738,-252
762,39.427,6867,6675,21900,21827,192
763,39.479,7505,6742,21518,21678,763
764,39.531,6904,6498,21653,21607,406
765,39.583,6355,6492,22536,21696,-137
766,39.634,7139,6437,22593,21803,702
767,39.686,6928,6644,21294,21559,284
768,39.738,6961,6614,21662,21803,347
769,39.79,6494,6510,21725,21970,-16
770,39.841,6957,6589,20689,21809,368
771,39.893,6690,6602,21253,22071,88
772,39.945,7055,6717,22441,21916,338
773,39.997,7249,6583,21962,22023,666
774,40.048,6882,6687,21847,21714,195
775,40.1,6901,6724,22912,21916,177
776,40.152,7874,6772,23322,22083,1102
777,40.204,7170,6565,23830,21833,605
778,40.255,6092,6748,22464,21886,-656
779,40.307,6293,6571,21637,22130,-278
780,40.359,6511,6553,21977,21767,-42
781,40.41,7420,6870,22743,21565,550
782,40.462,7966,7211,22525,22077,755
783,40.514,7807,7284,22275,21916,523
784,40.566,8610,7199,21916,21987,1411
785,40.617,6728,6809,21889,21791,-81
786,40.669,6636,6784,21362,21981,-148
787,40.721,7394,6388,21707,21898,1006
788,40.773,6898,6705,21916,21381,193
789,40.824,6737,6528,20613,21517,209
790,40.876,7252,6565,21517,21779,687
791,40.928,6833,6504,20926,22059,329
792,40.98,5971,6644,22238,22065,-673
793,41.031,6965,6693,21447,21809,272
794,41.083,7000,6632,22486,21761,368
795,41.135,6347,6589,22171,21541,-242
796,41.187,7032,6669,21906,21975,363
797,41.238,6359,6632,21630,21797,-273
798,41.29,6361,6791,21337,21851,-430
799,41.342,7059,6687,21051,21660,372
800,41.394,7111,6742,22524,21624,369
801,41.445,6630,6541,22168,21886,89
802,41.497,6792,6571,23122,22023,221
803,41.549,7195,6620,22327,22094,575
804,41.601,6626,6589,22835,21684,37
805,41.652,5994,6583,21893,21749,-589
806,41.704,6655,6736,21622,22023,-81
807,41.756,6938,6730,21097,22267,208
808,41.808,6217,6699,22580,21714,-482
809,41.859,7011,6602,21915,22005,409
810,41.911,6837,6614,22148,21981,223
811,41.963,6539,6596,22453,22202,-57
812,42.015,6463,6596,22296,21904,-133
813,42.066,6765,6821,21596,21809,-56
814,42.118,6675,6675,21669,22053,0
815,42.17,6653,6663,22490,21541,-10
816,42.221,6877,6711,21613,21975,166
817,42.273,6845,6474,20884,21928,371
818,42.325,6915,6498,21206,22035,417
819,42.377,6452,6632,22815,22160,-180
820,42.428,6486,6699,22690,21964,-213
821,42.48,7073,6675,22156,21952,398
822,42.532,6224,6882,21007,22148,-658
823,42.584,6913,6656,22753,22094,257
824,42.635,6878,6943,22613,21916,-65
825,42.687,6532,6522,22161,21827,10
826,42.739,6849,6809,21042,21880,40
827,42.791,6670,6705,22250,21785,-35
828,42.842,7112,6754,21805,21862,358
829,42.894,6860,6760,21866,22451,100
830,42.946,6925,6827,21727,22029,98
831,42.998,7334,6852,22577,22017,482
832,43.049,7214,6852,20876,22297,362
833,43.101,6465,6736,20901,22136,-271
834,43.153,6845,6565,21578,22202,280
835,43.205,6617,6839,21223,21636,-222
836,43.256,7057,6730,22054,22089,327
837,43.308,6637,6864,22276,22077,-227
838,43.36,7226,6596,21203,22338,630
839,43.412,7529,6754,23343,21922,775
840,43.463,6960,6644,20455,22017,316
841,43.515,7582,6852,21189,21940,730
842,43.567,6823,6577,20658,21862,246
843,43.619,6526,6736,21685,21702,-210
844,43.67,6790,6650,21705,21862,140
845,43.722,6945,6912,20932,21630,33
846,43.774,7046,6632,21763,21940,414
847,43.825,7306,6608,22124,21636,698
848,43.877,6794,6797,23087,21732,-3
849,43.929,7065,6480,22231,22172,585
850,43.981,7248,6809,22506,22029,439
851,44.032,6904,6754,22071,21851,150
852,44.084,6751,6827,22241,21827,-76
853,44.136,7049,6754,22064,22315,295
854,44.188,7142,6705,22136,22011,437
855,44.239,6803,6650,21640,21987,153
856,44.291,6300,6858,22559,21898,-558
857,44.343,7310,6791,21472,21785,519
858,44.395,7354,6778,21505,21815,576
859,44.446,6709,6797,21403,21970,-88
860,44.498,6660,6803,22977,21940,-143
861,44.55,6880,6748,21956,21981,132
862,44.602,7302,6669,21228,21975,633
863,44.653,6887,6766,22676,21743,121
864,44.705,6778,6803,20074,22207,-25
865,44.757,7080,6766,21195,21767,314
866,44.809,6814,6803,21464,22285,11
867,44.86,7472,6736,22899,21916,736
868,44.912,7172,6632,22265,22219,540
869,44.964,6752,6730,22245,22255,22
870,45.016,6683,6778,22601,21809,-95
871,45.067,6996,6912,24129,22166,84
872,45.119,6801,6656,22267,22154,145
873,45.171,6746,6760,22452,22029,-14
874,45.223,6488,6656,22787,22106,-168
875,45.274,6954,6803,22343,21732,151
876,45.326,7306,6766,22110,21934,540
877,45.378,6538,6687,23837,21648,-149
878,45.429,7238,6614,20299,21958,624
879,45.481,6514,6656,21850,22011,-142
880,45.533,7109,6638,22169,21785,471
881,45.585,6516,6717,21077,22017,-201
882,45.636,6997,6699,21279,22035,298
883,45.688,7159,6766,20710,21714,393
884,45.74,6745,6730,22241,22077,15
885,45.792,7433,6614,21387,21946,819
886,45.843,7120,6565,21784,22011,555
887,45.895,6921,6663,21625,21999,258
888,45.947,6748,6626,22038,21934,122
889,45.999,7346,6955,23570,22196,391
890,46.05,7291,6754,22291,21827,537
891,46.102,10392,7150,22013,21761,3242
892,46.154,10697,7327,22751,22225,3370
893,46.206,8152,6937,22767,21845,1215
894,46.257,7150,6748,22068,22219,402
895,46.309,6684,6730,21940,22005,-46
896,46.361,7104,6943,23111,22106,161
897,46.413,6942,6809,21362,21868,133
898,46.464,6110,6620,22107,22035,-510
899,46.516,6684,6663,22088,21601,21
900,46.568,6656,6870,22209,21761,-214
901,46.62,7042,6784,21883,21928,258
902,46.671,6662,6888,21911,21857,-226
903,46.723,6617,6809,22447,22118,-192
904,46.775,6700,6650,21752,21886,50
905,46.827,7137,6644,22663,21910,493
906,46.878,6400,6839,20697,21595,-439
907,46.93,6657,6717,22130,21761,-60
908,46.982,6894,6699,22542,21916,195
909,47.033,6547,6784,22524,22404,-237
910,47.085,6772,6955,22223,22148,-183
911,47.137,7380,6510,21747,21541,870
912,47.189,7173,6766,21918,21952,407
913,47.24,6986,6705,20847,22059,281
914,47.292,6441,6815,20663,21624,-374
915,47.344,6474,6833,21449,21970,-359
916,47.396,7153,6815,21483,21981,338
917,47.447,7185,6821,23457,21821,364
918,47.499,6090,6724,22796,21993,-634
919,47.551,6776,6815,21966,21577,-39
920,47.603,6808,6608,22209,22077,200
921,47.654,7080,6608,22276,21624,472
922,47.706,6621,6717,21418,22077,-96
923,47.758,6448,6870,21835,21958,-422
924,47.81,6662,6784,20235,21785,-122
925,47.861,7176,6656,21341,21791,520
926,47.913,6727,6925,22573,21958,-198
927,47.965,7245,6754,22113,21761,491
928,48.017,7094,7034,22610,22219,60
929,48.068,7574,6894,21223,21952,680
930,48.12,7276,6809,21500,21928,467
931,48.172,7221,6748,22623,22065,473
932,48.224,7539,6864,21768,21720,675
933,48.275,7420,6864,21561,22047,556
934,48.327,6480,6809,23301,21952,-329
935,48.379,6916,6650,21778,22059,266
936,48.431,6459,6663,21904,21714,-204
937,48.482,6792,6888,22118,22094,-96
938,48.534,7022,6565,20643,21946,457
939,48.586,7147,6638,20943,22077,509
940,48.637,6736,6827,22567,22118,-91
941,48.689,6795,6724,22125,21654,71
942,48.741,7128,6724,21988,22094,404
943,48.793,6829,6748,21173,21874,81
944,48.844,7403,6852,21076,21880,551
945,48.896,6446,6833,21754,21678,-387
946,48.948,7022,6784,22628,22065,238
947,49.0,7364,6687,24149,22100,677
948,49.051,6962,6711,21423,22279,251
949,49.103,6976,6736,22375,21952,240
950,49.155,6391,6705,22069,21738,-314
951,49.207,6676,6687,21665,21940,-11
952,49.258,6635,6699,22460,21761,-64
953,49.31,7130,6766,22050,21708,364
954,49.362,7734,6827,22012,21952,907
955,49.414,7176,7071,21292,21684,105
956,49.465,6625,6797,21023,22112,-172
957,49.517,6698,6882,22152,22017,-184
958,49.569,6720,6784,21564,22136,-64
959,49.621,7002,6876,21949,22065,126
960,49.672,6328,6693,21875,21928,-365
961,49.724,6719,6528,21734,21785,191
962,49.776,7284,7028,21007,21690,256
963,49.828,6990,6882,20442,21732,108
964,49.879,7367,7047,22002,21910,320
965,49.931,6757,6742,22505,21916,15
966,49.983,6692,6864,21684,22202,-172
967,50.035,6876,6784,22142,21946,92
968,50.086,6767,6766,21421,22213,1
969,50.138,6546,6522,21514,21880,24
970,50.19,7414,6711,22119,21511,703
971,50.241,6428,6583,22032,21970,-155
972,50.293,6438,6766,21898,21648,-328
973,50.345,6896,6632,23228,21523,264
974,50.397,6753,6681,22587,21553,72
975,50.448,6478,6888,21640,21815,-410
976,50.5,6793,6778,22564,21916,15
977,50.552,7138,6711,21397,21821,427
978,50.604,6894,6961,21983,21833,-67
979,50.655,6970,6669,22219,22303,301
980,50.707,6539,6778,21395,22541,-239
981,50.759,7400,6809,22139,21975,591
982,50.811,6955,6650,21718,22142,305
983,50.862,6752,6931,22246,22261,-179
984,50.914,7116,6620,21632,21607,496
985,50.966,7277,6602,22511,21839,675
986,51.018,7355,6608,22903,21981,747
987,51.069,6339,6669,21515,21874,-330
988,51.121,6733,6772,20739,22178,-39
989,51.173,7197,7053,22854,22118,144
990,51.225,6979,6724,21275,22077,255
991,51.276,6783,6778,20977,21392,5
992,51.328,7431,6602,21365,21862,829
993,51.38,6574,6693,21072,21975,-119
994,51.432,6536,6675,22798,22071,-139
995,51.483,6794,6687,22959,21999,107
996,51.535,6836,6650,20974,21601,186
997,51.587,6545,6596,21988,21660,-51
998,51.639,6512,6827,21667,21761,-315
999,51.69,7574,6766,21864,21987,808
