frame,Time [s],CH1,BGND1,CH2,BGND2,intensity
0,0.0,6303,6171,18315,18981,132
1,0.052,5822,6110,19810,19287,-288
2,0.103,6326,6202,18608,19077,124
3,0.155,6472,6019,19117,19077,453
4,0.207,6302,6080,19190,19329,222
5,0.259,6196,6110,18523,18837,86
6,0.31,6118,6092,18073,19215,26
7,0.362,6096,6257,19353,19179,-161
8,0.414,6059,6153,18373,19389,-94
9,0.466,5950,6226,19160,19071,-276
10,0.517,6307,6074,18455,18909,233
11,0.569,6441,5976,18853,19209,465
12,0.621,6192,6220,18934,19335,-28
13,0.673,5966,6190,18324,18897,-224
14,0.724,5692,6190,18453,18963,-498
15,0.776,6598,6153,20174,19059,445
16,0.828,5998,6117,18045,18843,-119
17,0.88,6483,6141,19092,19149,342
18,0.931,5934,6117,18737,18801,-183
19,0.983,5979,6245,19986,19047,-266
20,1.035,6118,6196,19271,19281,-78
21,1.087,6533,6190,18885,18981,343
22,1.138,6345,6312,19569,19089,33
23,1.19,6367,6214,18702,18897,153
24,1.242,6324,6214,18736,18999,110
25,1.294,6031,6159,18686,19077,-128
26,1.345,5816,6226,17941,19185,-410
27,1.397,6366,6037,18299,18837,329
28,1.449,5998,6293,19422,18783,-295
29,1.501,6143,6275,19357,18909,-132
30,1.552,6277,6080,18218,18801,197
31,1.604,6038,6208,18671,19221,-170
32,1.656,6139,6043,19394,18981,96
33,1.707,6121,6135,18326,18903,-14
34,1.759,6395,6184,18033,18927,211
35,1.811,6252,6123,18314,18813,129
36,1.863,6190,6202,19677,18783,-12
37,1.914,6467,6013,17554,19197,454
38,1.966,6683,6324,18578,19353,359
39,2.018,6419,5958,18392,18921,461
40,2.07,5936,5934,17709,19101,2
41,2.121,5860,6178,19123,19221,-318
42,2.173,6028,6092,19091,19227,-64
43,2.225,6263,6117,19212,18981,146
44,2.277,6564,6019,18117,19023,545
45,2.328,6242,6104,19568,18945,138
46,2.38,6289,6178,19877,19209,111
47,2.432,5783,6123,17821,19203,-340
48,2.484,5796,6153,19721,18915,-357
49,2.535,6777,6098,18563,19155,679
50,2.587,5919,6019,17935,19149,-100
51,2.639,6625,6257,18969,19167,368
52,2.691,6185,6043,19659,19149,142
53,2.742,6218,6086,19149,18945,132
54,2.794,5534,6135,19485,19233,-601
55,2.846,6027,6171,19558,18921,-144
56,2.898,6102,5983,19187,19125,119
57,2.949,6232,5970,20111,19305,262
58,3.001,6041,6196,18753,19299,-155
59,3.053,6152,5903,19072,19083,249
60,3.105,6175,6080,18351,19017,95
61,3.156,6171,6147,18479,19119,24
62,3.208,6272,6068,19281,19239,204
63,3.26,5931,6117,18955,18951,-186
64,3.311,6422,6056,19213,18897,366
65,3.363,5921,6147,18917,18891,-226
66,3.415,6109,6080,19086,19215,29
67,3.467,5899,6062,19950,19047,-163
68,3.518,6177,6092,18124,19461,85
69,3.57,6284,5879,18413,19437,405
70,3.622,6231,6092,18708,19059,139
71,3.674,6581,6043,19289,19179,538
72,3.725,6102,6159,17731,19089,-57
73,3.777,6152,6281,18767,19425,-129
74,3.829,6035,6299,19790,19293,-264
75,3.881,5919,6202,18426,18993,-283
76,3.932,6320,6159,19279,18909,161
77,3.984,5862,6214,18094,19149,-352
78,4.036,6105,6208,19910,19053,-103
79,4.088,6062,6135,19306,18975,-73
80,4.139,6236,6062,17458,19239,174
81,4.191,6321,6251,17810,19389,70
82,4.243,6592,6153,19285,19473,439
83,4.295,6071,6171,19479,18981,-100
84,4.346,6672,6251,19407,18765,421
85,4.398,5815,6372,18605,18981,-557
86,4.45,6281,6214,19658,19227,67
87,4.502,6032,6220,18047,19071,-188
88,4.553,6574,6178,18791,19071,396
89,4.605,6475,6086,19892,19143,389
90,4.657,5991,6226,19504,19023,-235
91,4.709,5956,6196,19828,19053,-240
92,4.76,6174,6141,17886,19023,33
93,4.812,6332,6086,18044,19119,246
94,4.864,6714,6251,20728,19335,463
95,4.915,6217,5970,19005,19287,247
96,4.967,5869,6098,19619,19185,-229
97,5.019,5781,6190,19481,18879,-409
98,5.071,6328,6208,18841,18777,120
99,5.122,5967,6202,19125,19107,-235
100,5.174,6159,6184,18611,19185,-25
101,5.226,6129,6245,17817,19191,-116
102,5.278,6054,6245,19617,19263,-191
103,5.329,6384,6135,17606,19467,249
104,5.381,6404,6019,18330,19413,385
105,5.433,6027,6190,18658,18867,-163
106,5.485,6374,6366,19111,18939,8
107,5.536,6207,6245,19026,19575,-38
108,5.588,6241,6147,18383,19017,94
109,5.64,5564,6275,18156,19101,-711
110,5.692,5966,6129,19645,19137,-163
111,5.743,6353,6202,18521,19479,151
112,5.795,6650,6208,19742,19029,442
113,5.847,6411,6153,19300,19365,258
114,5.899,6170,6117,18603,19185,53
115,5.95,6150,6086,18797,19161,64
116,6.002,6530,6153,19608,19203,377
117,6.054,6413,6013,19609,19107,400
118,6.106,6400,6141,18916,19227,259
119,6.157,5844,6178,19613,19233,-334
120,6.209,5811,6196,19083,19473,-385
121,6.261,6213,6153,19802,19221,60
122,6.313,6454,6092,18737,19191,362
123,6.364,6441,6214,18743,19419,227
124,6.416,6582,6050,19481,19545,532
125,6.468,6104,6220,19077,19359,-116
126,6.519,6860,6299,17986,19443,561
127,6.571,6105,6287,18996,18939,-182
128,6.623,6014,6208,19998,19113,-194
129,6.675,6557,6190,19061,19467,367
130,6.726,6665,6415,18543,19185,250
131,6.778,6546,6251,19550,19005,295
132,6.83,6168,6196,18858,19239,-28
133,6.882,5922,6104,19596,19161,-182
134,6.933,5947,6043,18502,19407,-96
135,6.985,6118,6141,18353,19131,-23
136,7.037,5750,6086,19219,18963,-336
137,7.089,6376,6013,18430,19047,363
138,7.14,6205,6171,18437,19221,34
139,7.192,5912,6178,18952,19287,-266
140,7.244,6407,6263,18275,19293,144
141,7.296,6410,6251,19545,19305,159
142,7.347,6208,6360,19643,19041,-152
143,7.399,5826,6147,18850,19269,-321
144,7.451,6284,6488,18958,19179,-204
145,7.503,6128,6318,19731,19305,-190
146,7.554,6692,6275,18478,18915,417
147,7.606,6829,6348,19800,19077,481
148,7.658,6298,6135,19719,19041,163
149,7.71,6130,6220,18584,19353,-90
150,7.761,6115,6196,18267,19269,-81
151,7.813,6766,6214,18466,19671,552
152,7.865,6141,6415,19945,19311,-274
153,7.917,5844,6190,18527,19059,-346
154,7.968,6748,6190,17885,19125,558
155,8.02,6452,6190,18296,19389,262
156,8.072,5865,6141,19174,19047,-276
157,8.123,5871,6202,20014,19329,-331
158,8.175,6379,6263,18402,19497,116
159,8.227,6255,6098,19304,19401,157
160,8.279,6490,6068,19514,19407,422
161,8.33,6400,6178,18633,18735,222
162,8.382,5759,6220,17901,19515,-461
163,8.434,6379,6196,19751,19635,183
164,8.486,6394,6086,18895,19167,308
165,8.537,6232,6299,20133,19329,-67
166,8.589,6105,6074,19681,19299,31
167,8.641,6115,6220,20223,19563,-105
168,8.693,6559,6238,19462,19161,321
169,8.744,6563,6104,19390,18945,459
170,8.796,6244,6397,18461,19143,-153
171,8.848,6448,6202,20031,19377,246
172,8.9,6428,6117,18663,19317,311
173,8.951,6229,6037,19885,19089,192
174,9.003,6535,6251,17988,19191,284
175,9.055,6187,6117,19509,19395,70
176,9.107,6387,6153,18770,19293,234
177,9.158,6366,6238,19204,19383,128
178,9.21,6525,6238,19008,19245,287
179,9.262,6416,6275,18276,18777,141
180,9.314,6146,6208,18531,19365,-62
181,9.365,6459,6123,18693,19119,336
182,9.417,6448,6178,18804,19197,270
183,9.469,6487,6190,17803,19335,297
184,9.521,5918,6263,17650,19239,-345
185,9.572,6135,6147,18977,18945,-12
186,9.624,6680,6238,19059,18855,442
187,9.676,6250,6348,18516,19227,-98
188,9.727,5952,6403,19752,19335,-451
189,9.779,6641,6427,17914,19527,214
190,9.831,5644,6232,19267,19155,-588
191,9.883,6610,6238,19492,19455,372
192,9.934,6132,6147,19546,19119,-15
193,9.986,5984,6330,19425,19329,-346
194,10.038,6560,6190,17998,19185,370
195,10.09,5869,6238,19398,19479,-369
196,10.141,6256,6299,18397,19185,-43
197,10.193,6335,6214,18325,19107,121
198,10.245,6387,6348,19288,19209,39
199,10.297,6145,6330,19970,18867,-185
200,10.348,5833,6232,18910,19317,-399
201,10.4,6633,6184,19127,19377,449
202,10.452,6937,6281,20277,19209,656
203,10.504,6123,6275,19090,19167,-152
204,10.555,6970,6245,19206,18939,725
205,10.607,6327,6251,19424,19215,76
206,10.659,6295,6220,19605,19137,75
207,10.711,6703,6165,18475,19359,538
208,10.762,6315,6104,17952,19335,211
209,10.814,6154,6232,18148,19317,-78
210,10.866,6119,6330,19198,19227,-211
211,10.918,6901,6171,19262,18879,730
212,10.969,6270,6287,19308,19113,-17
213,11.021,5934,6178,18515,19413,-244
214,11.073,6215,6196,18943,19401,19
215,11.125,6047,6354,19255,19485,-307
216,11.176,6608,6391,19129,19263,217
217,11.228,5757,6470,19238,19215,-713
218,11.28,5781,6500,19759,19185,-719
219,11.331,6740,6561,18765,19215,179
220,11.383,6520,6513,18417,19017,7
221,11.435,6273,6458,18535,18981,-185
222,11.487,6958,6446,19254,19209,512
223,11.538,6200,6561,19059,19431,-361
224,11.59,5976,6391,19258,19245,-415
225,11.642,6675,6439,19101,19095,236
226,11.694,7002,6708,18926,19359,294
227,11.745,6752,6531,19694,19233,221
228,11.797,6435,6354,19657,19257,81
229,11.849,6230,6519,19284,19467,-289
230,11.901,6328,6531,19077,18873,-203
231,11.952,6164,6683,18584,19257,-519
232,12.004,6149,6513,20582,19323,-364
233,12.056,5720,6196,18277,19383,-476
234,12.108,6710,6415,18673,19257,295
235,12.159,9516,6385,18827,19383,3131
236,12.211,6557,6360,19679,19011,197
237,12.263,5772,6232,19864,18813,-460
238,12.315,5936,6385,18955,19437,-449
239,12.366,6772,6494,19421,19167,278
240,12.418,6413,6616,18935,18885,-203
241,12.47,6268,6403,19892,19155,-135
242,12.522,6115,6305,18043,19095,-190
243,12.573,6906,6342,19804,19047,564
244,12.625,6464,6305,20248,19269,159
245,12.677,6714,6257,18847,19101,457
246,12.729,6040,6318,20214,19245,-278
247,12.78,6555,6391,19255,19107,164
248,12.832,6493,6190,19076,19479,303
249,12.884,6685,6153,19516,18879,532
250,12.935,5843,6208,18965,19053,-365
251,12.987,5918,6171,17993,18903,-253
252,13.039,6168,6086,19839,19575,82
253,13.091,6710,6098,19226,19125,612
254,13.142,6359,6190,19304,19317,169
255,13.194,6713,6178,18881,18903,535
256,13.246,6464,6208,20990,18999,256
257,13.298,6561,6336,19030,19431,225
258,13.349,6400,6080,18632,18951,320
259,13.401,6507,6245,19309,19137,262
260,13.453,6459,6080,19817,19269,379
261,13.505,6459,6062,19000,18909,397
262,13.556,5992,5940,19411,19029,52
263,13.608,6044,6080,18010,19017,-36
264,13.66,6057,6281,18399,19293,-224
265,13.712,5933,6214,18170,19287,-281
266,13.763,6944,6050,19117,19011,894
267,13.815,6162,6165,18564,19209,-3
268,13.867,6244,6232,18488,19245,12
269,13.919,6231,6251,17965,19425,-20
270,13.97,6019,6165,19821,19209,-146
271,14.022,6528,6117,18855,19455,411
272,14.074,6021,6196,19841,19077,-175
273,14.126,5852,6129,18989,19593,-277
274,14.177,6930,6074,19288,19125,856
275,14.229,6628,6318,20048,19119,310
276,14.281,6600,6141,18292,19053,459
277,14.333,6158,6153,18281,19347,5
278,14.384,5626,6208,19912,19065,-582
279,14.436,5913,6269,18797,19305,-356
280,14.488,6113,6123,19963,19263,-10
281,14.54,5972,6104,19568,19329,-132
282,14.591,6841,6245,19052,18927,596
283,14.643,5911,6202,19326,19335,-291
284,14.695,5855,6257,19753,19143,-402
285,14.746,5624,6305,19009,19443,-681
286,14.798,5710,6110,18541,19281,-400
287,14.85,6209,6342,19717,19593,-133
288,14.902,6372,6129,20026,19371,243
289,14.953,6998,6293,18803,19143,705
290,15.005,6616,6062,19662,19563,554
291,15.057,6041,6013,18706,19371,28
292,15.109,6495,6074,18662,19557,421
293,15.16,6064,6171,20014,19503,-107
294,15.212,6330,6312,19779,19143,18
295,15.264,6410,6293,18831,19389,117
296,15.316,6339,6190,18709,19221,149
297,15.367,5781,6263,20287,19149,-482
298,15.419,6087,6293,19419,19197,-206
299,15.471,6124,6098,18655,19563,26
300,15.523,6327,6208,19315,19245,119
301,15.574,6121,6190,18819,19563,-69
302,15.626,6254,6263,19511,19095,-9
303,15.678,6045,6080,19806,19545,-35
304,15.73,6630,6379,20143,19101,251
305,15.781,6473,6043,17716,19461,430
306,15.833,6156,6269,17839,19407,-113
307,15.885,6458,6232,18903,19419,226
308,15.937,6930,5976,18861,19563,954
309,15.988,6311,6153,18879,19167,158
310,16.04,6171,6372,19597,19389,-201
311,16.092,6108,6257,19328,19029,-149
312,16.144,6864,6245,18213,19281,619
313,16.195,6211,6129,19368,19773,82
314,16.247,6232,6348,19009,19485,-116
315,16.299,5978,6269,20116,19257,-291
316,16.35,6375,6104,20209,19245,271
317,16.402,5784,6293,18736,19869,-509
318,16.454,5727,6190,20061,19509,-463
319,16.506,6043,6184,18406,19107,-141
320,16.557,6013,6171,19627,19233,-158
321,16.609,6259,6293,18706,18807,-34
322,16.661,6244,6287,18219,19293,-43
323,16.713,7199,6141,19362,19119,1058
324,16.764,5884,6080,19684,19221,-196
325,16.816,6254,6202,19132,19395,52
326,16.868,5909,6214,17813,19041,-305
327,16.92,6169,6098,19216,19539,71
328,16.971,5740,6226,18714,19065,-486
329,17.023,6188,6245,20032,19191,-57
330,17.075,6196,6196,20684,19137,0
331,17.127,6302,6190,19603,19533,112
332,17.178,5959,6257,19305,19035,-298
333,17.23,5881,6336,18762,19407,-455
334,17.282,6831,6165,18393,19341,666
335,17.334,6521,6196,19008,19443,325
336,17.385,6645,6287,20382,19251,358
337,17.437,6259,6257,20177,19521,2
338,17.489,6485,6178,19454,19455,307
339,17.541,6541,6342,18573,19125,199
340,17.592,5883,6165,20161,19179,-282
341,17.644,5888,6178,20046,19107,-290
342,17.696,5694,6208,19604,19239,-514
343,17.748,6174,6104,19487,19533,70
344,17.799,6260,6184,18211,19389,76
345,17.851,6321,6056,19250,19311,265
346,17.903,6465,6196,19326,19599,269
347,17.954,6480,6153,19275,19371,327
348,18.006,6738,6092,18882,19143,646
349,18.058,6152,6141,18269,19317,11
350,18.11,5620,6208,18717,19293,-588
351,18.161,6295,6226,19151,19533,69
352,18.213,6033,6147,17780,19215,-114
353,18.265,6848,6123,19469,19251,725
354,18.317,6071,6196,17974,19287,-125
355,18.368,6708,6062,19153,19341,646
356,18.42,6155,6312,19311,19455,-157
357,18.472,6428,6165,19212,19059,263
358,18.524,6283,6184,17483,19251,99
359,18.575,5900,6159,19239,19197,-259
360,18.627,5842,6251,18534,19239,-409
361,18.679,6003,6257,18602,19329,-254
362,18.731,6872,6226,19121,19257,646
363,18.782,7064,6135,18506,19263,929
364,18.834,6092,6330,18362,19395,-238
365,18.886,6156,6293,19170,19323,-137
366,18.938,6138,6086,19174,19329,52
367,18.989,5918,6013,18958,19413,-95
368,19.041,6321,6147,19966,19251,174
369,19.093,6517,6092,19787,19347,425
370,19.145,6952,6050,18021,19491,902
371,19.196,6340,6129,18902,19533,211
372,19.248,5757,6135,18182,19605,-378
373,19.3,5891,6086,17866,19377,-195
374,19.352,6086,6232,19525,19185,-146
375,19.403,6397,6147,19994,19179,250
376,19.455,6694,6050,19353,19329,644
377,19.507,6531,6153,19088,19125,378
378,19.558,5899,6257,19526,19383,-358
379,19.61,6338,6104,19470,19005,234
380,19.662,6348,6226,20739,19149,122
381,19.714,5938,6043,19263,19515,-105
382,19.765,6544,6196,18931,19317,348
383,19.817,6439,6074,19124,19485,365
384,19.869,6132,6305,17821,19239,-173
385,19.921,5503,5995,19074,19395,-492
386,19.972,5955,6129,19430,18981,-174
387,20.024,6287,6245,20503,19563,42
388,20.076,5784,6129,20344,19035,-345
389,20.128,6293,6123,18632,19377,170
390,20.179,6372,6098,18675,19767,274
391,20.231,5788,5946,17759,19545,-158
392,20.283,5779,6226,18406,19263,-447
393,20.335,6369,6147,18404,19035,222
394,20.386,6387,6269,18977,19479,118
395,20.438,6149,6287,18980,19491,-138
396,20.49,5608,6220,18533,19599,-612
397,20.542,6171,6196,18466,19035,-25
398,20.593,6546,6178,19669,19437,368
399,20.645,6866,6275,18717,19155,591
400,20.697,6454,6117,19117,19281,337
401,20.749,6668,6092,19545,19485,576
402,20.8,6043,6202,19337,19185,-159
403,20.852,5897,6190,18541,19221,-293
404,20.904,6508,6165,19428,19017,343
405,20.956,6518,6110,19213,19335,408
406,21.007,6327,6251,20239,19485,76
407,21.059,6059,6184,19352,18999,-125
408,21.111,6502,6110,19299,19131,392
409,21.162,6226,6056,18839,19563,170
410,21.214,6552,6190,18960,19161,362
411,21.266,5798,6086,18839,19233,-288
412,21.318,6188,6275,19336,19575,-87
413,21.369,5745,6257,20951,19689,-512
414,21.421,6613,6165,18775,19113,448
415,21.473,6148,6165,18956,19383,-17
416,21.525,6398,6184,20391,19245,214
417,21.576,6839,6263,19156,19389,576
418,21.628,6801,6330,19452,19479,471
419,21.68,6369,6190,20356,19287,179
420,21.732,6341,6324,19551,19287,17
421,21.783,6465,6372,19197,18987,93
422,21.835,6657,6135,18663,19359,522
423,21.887,6423,6275,18568,19377,148
424,21.939,6170,6305,20007,19323,-135
425,21.99,6060,6275,18031,19029,-215
426,22.042,6097,6287,17961,19293,-190
427,22.094,6173,6281,19626,19365,-108
428,22.146,7473,6372,20067,19329,1101
429,22.197,5955,6312,19951,19413,-357
430,22.249,6626,6275,19259,19257,351
431,22.301,6347,6415,19307,19341,-68
432,22.353,6074,6184,19430,19209,-110
433,22.404,6527,6269,18130,19227,258
434,22.456,6128,6336,18835,19197,-208
435,22.508,6671,6251,19714,19383,420
436,22.56,6242,6506,20009,18993,-264
437,22.611,6076,6452,18801,19209,-376
438,22.663,6228,6287,19664,19227,-59
439,22.715,6395,6086,19200,19413,309
440,22.766,6736,6372,19632,19041,364
441,22.818,6605,6251,18746,19107,354
442,22.87,6158,6238,18947,19395,-80
443,22.922,6176,6312,19700,19047,-136
444,22.973,6293,6147,20201,19137,146
445,23.025,6467,6019,18921,19323,448
446,23.077,5763,6184,19752,19287,-421
447,23.129,6652,6202,18901,19257,450
448,23.18,6410,6421,19313,19137,-11
449,23.232,6011,6305,18349,19287,-294
450,23.284,6566,6269,19713,19311,297
451,23.336,6537,6245,19819,19359,292
452,23.387,6114,6135,19191,18969,-21
453,23.439,6438,6379,18027,19389,59
454,23.491,6155,6312,18954,19119,-157
455,23.543,6485,6104,18586,19515,381
456,23.594,6400,6104,18674,19143,296
457,23.646,6303,6305,19687,19167,-2
458,23.698,6302,6147,20009,19065,155
459,23.75,6319,6129,19734,19341,190
460,23.801,5816,6068,18944,19113,-252
461,23.853,6259,6068,19447,18987,191
462,23.905,5728,6062,18867,19473,-334
463,23.957,5785,6421,20022,19359,-636
464,24.008,6481,6171,18831,19389,310
465,24.06,6655,6074,18234,19131,581
466,24.112,5878,6184,19942,19353,-306
467,24.164,6525,6403,19233,19527,122
468,24.215,6198,6208,19004,19203,-10
469,24.267,6700,6056,18768,19041,644
470,24.319,6218,6196,19687,19491,22
471,24.37,6038,6275,18679,19107,-237
472,24.422,5901,6220,19566,19365,-319
473,24.474,5798,6001,18948,19419,-203
474,24.526,5862,6202,18810,18975,-340
475,24.577,5741,6117,19214,19299,-376
476,24.629,6291,6129,18374,19299,162
477,24.681,6076,6050,19398,19341,26
478,24.733,6939,6269,20113,19329,670
479,24.784,6401,6141,18756,19293,260
480,24.836,5926,6110,20332,19113,-184
481,24.888,6505,6342,18199,19215,163
482,24.94,6013,6354,20092,19467,-341
483,24.991,6411,6330,19452,19383,81
484,25.043,6031,6147,19939,19269,-116
485,25.095,6533,6068,19323,19407,465
486,25.147,6088,6293,18723,19341,-205
487,25.198,6200,6159,19223,19053,41
488,25.25,6054,6184,19416,19671,-130
489,25.302,6041,6232,19390,19155,-191
490,25.354,6308,6147,18232,18999,161
491,25.405,6591,6281,18060,19263,310
492,25.457,5800,6190,18328,19149,-390
493,25.509,5809,6184,17976,19191,-375
494,25.561,5757,6312,18922,19371,-555
495,25.612,6174,6245,19494,19395,-71
496,25.664,7165,6330,18863,19449,835
497,25.716,6370,6196,19458,19221,174
498,25.768,6129,6336,18754,19137,-207
499,25.819,6008,6275,19966,19041,-267
500,25.871,6089,6324,19014,19041,-235
501,25.923,6848,6190,20140,19521,658
502,25.974,6622,6196,18512,19221,426
503,26.026,6535,6220,20096,19131,315
504,26.078,6133,6238,19258,19197,-105
505,26.13,6149,6324,19037,19377,-175
506,26.181,6310,6190,19835,19323,120
507,26.233,7007,6427,19679,19359,580
508,26.285,6541,6141,19660,19233,400
509,26.337,6541,6129,18512,19605,412
510,26.388,5721,6287,19027,19443,-566
511,26.44,5957,6293,20413,19461,-336
512,26.492,6062,6232,19650,19557,-170
513,26.544,6171,6226,20711,19605,-55
514,26.595,6234,6391,18308,19509,-157
515,26.647,6559,6366,17446,19449,193
516,26.699,5855,6318,18830,19563,-463
517,26.751,5944,6178,19640,19617,-234
518,26.802,6372,6287,19890,19263,85
519,26.854,5995,6269,18272,19431,-274
520,26.906,6387,6312,19064,19533,75
521,26.958,6199,6372,18480,19437,-173
522,27.009,6110,6196,19475,19611,-86
523,27.061,6287,6062,19775,19437,225
524,27.113,6620,6165,18419,19239,455
525,27.165,6793,6238,19606,19161,555
526,27.216,6441,6214,19143,19017,227
527,27.268,6439,6299,19525,19143,140
528,27.32,5804,6117,18109,19365,-313
529,27.372,6255,6232,19646,19389,23
530,27.423,6429,6287,18767,19461,142
531,27.475,6193,6238,18174,19239,-45
532,27.527,6831,6104,20268,19395,727
533,27.578,7093,6190,18722,19299,903
534,27.63,6156,6421,19888,18969,-265
535,27.682,6353,6232,19498,19005,121
536,27.734,6736,6293,19214,19539,443
537,27.785,6271,6318,19872,19167,-47
538,27.837,5906,6129,20328,19035,-223
539,27.889,6355,6190,19389,19341,165
540,27.941,6334,6129,20255,19281,205
541,27.992,6320,6336,19644,19233,-16
542,28.044,5721,6245,17902,19371,-524
543,28.096,6307,6299,20892,19077,8
544,28.148,6787,6220,19522,19335,567
545,28.199,6068,6050,18706,19347,18
546,28.251,6079,6275,18735,19257,-196
547,28.303,6500,6360,19511,19527,140
548,28.355,6288,6086,19048,19095,202
549,28.406,7310,6159,18593,19239,1151
550,28.458,5976,6135,19766,19215,-159
551,28.51,6291,6123,18698,19305,168
552,28.562,6136,6251,17691,19311,-115
553,28.613,6757,6190,17775,19179,567
554,28.665,6546,6342,19473,19425,204
555,28.717,6382,6299,19132,19203,83
556,28.769,5986,6178,18748,19473,-192
557,28.82,6320,6159,19476,19431,161
558,28.872,6456,6379,19768,19437,77
559,28.924,6337,6141,19393,19155,196
560,28.976,6695,6062,18467,19353,633
561,29.027,6341,6208,19171,19407,133
562,29.079,6251,6123,19513,19137,128
563,29.131,6063,6196,18548,19635,-133
564,29.182,5696,6056,18529,19275,-360
565,29.234,6547,6257,19134,19485,290
566,29.286,6460,6226,19065,19455,234
567,29.338,6374,6141,19556,19581,233
568,29.389,6425,6159,19226,19059,266
569,29.441,5843,6208,20521,19281,-365
570,29.493,6561,6293,19258,19365,268
571,29.545,6709,6165,19468,19419,544
572,29.596,6481,6287,19148,19575,194
573,29.648,6344,6092,19560,19341,252
574,29.7,6004,6056,19923,19707,-52
575,29.752,6298,6202,18066,19785,96
576,29.803,6087,6232,18601,19413,-145
577,29.855,6151,6135,19102,19173,16
578,29.907,6406,6184,18729,19191,222
579,29.959,6034,6269,19411,19413,-235
580,30.01,6182,6196,18338,19701,-14
581,30.062,6387,6293,18907,19419,94
582,30.114,6133,6171,19443,19383,-38
583,30.166,5957,6299,18808,19707,-342
584,30.217,7020,6275,19160,19443,745
585,30.269,5984,6257,19454,19461,-273
586,30.321,6142,6354,18511,19383,-212
587,30.373,5912,6226,19374,19275,-314
588,30.424,6280,6196,18688,19353,84
589,30.476,6505,6336,19701,19485,169
590,30.528,6534,6184,18667,19359,350
591,30.58,5829,6062,18825,19599,-233
592,30.631,6233,6165,20339,19581,68
593,30.683,6064,6196,18764,19143,-132
594,30.735,6247,6141,18803,19509,106
595,30.786,6270,6263,18034,19617,7
596,30.838,6007,6147,18779,19395,-140
597,30.89,5976,6342,18372,19143,-366
598,30.942,6126,6208,18750,19299,-82
599,30.993,5906,6305,17627,19161,-399
600,31.045,5985,6190,18866,19551,-205
601,31.097,6283,6117,20166,19161,166
602,31.149,5853,6214,18858,19251,-361
603,31.2,6042,6165,17850,19233,-123
604,31.252,5905,6220,19102,19383,-315
605,31.304,6446,6110,17916,19449,336
606,31.356,5560,6318,18875,19377,-758
607,31.407,6178,6117,19343,19629,61
608,31.459,5837,6141,19844,19275,-304
609,31.511,7814,6299,19155,19011,1515
610,31.563,10259,6464,19047,19305,3795
611,31.614,10922,6269,19008,19773,4653
612,31.666,10261,6372,19696,19425,3889
613,31.718,10740,6348,18099,19515,4392
614,31.77,12247,6336,17987,19683,5911
615,31.821,11983,6391,19249,19089,5592
616,31.873,13039,6549,18981,19695,6490
617,31.925,11913,6202,21032,19083,5711
618,31.977,13535,6397,19441,19113,7138
619,32.028,11054,6513,18639,19587,4541
620,32.08,9390,6348,20601,19515,3042
621,32.132,9862,6226,18655,19419,3636
622,32.184,8832,6354,18048,19407,2478
623,32.235,8049,6080,19126,19461,1969
624,32.287,10222,6531,19974,19461,3691
625,32.339,10781,6616,18245,19317,4165
626,32.39,10265,6397,18350,19263,3868
627,32.442,9238,6263,18532,19203,2975
628,32.494,9375,6318,18093,19095,3057
629,32.546,8881,6506,19037,19209,2375
630,32.597,8830,6287,20584,18933,2543
631,32.649,8921,6147,19453,19227,2774
632,32.701,8235,6470,18341,19797,1765
633,32.753,9773,6190,19380,19341,3583
634,32.804,7668,6123,19736,19371,1545
635,32.856,8923,6226,18565,19155,2697
636,32.908,9121,6330,19264,19653,2791
637,32.96,7665,6427,19029,19359,1238
638,33.011,8275,6391,18369,19155,1884
639,33.063,10180,6494,19560,19809,3686
640,33.115,9716,6519,18754,19275,3197
641,33.167,9461,6433,18488,19347,3028
642,33.218,10300,6397,19401,19329,3903
643,33.27,9865,6257,18490,19533,3608
644,33.322,10240,6214,18611,19281,4026
645,33.374,10026,6494,19409,19389,3532
646,33.425,9701,6214,19284,19095,3487
647,33.477,7846,6245,19254,19557,1601
648,33.529,6494,6165,18583,19113,329
649,33.581,6290,6214,20257,19029,76
650,33.632,6190,6086,19314,19521,104
651,33.684,6603,6379,18753,19839,224
652,33.736,6145,6178,19800,19485,-33
653,33.788,6445,6251,18157,19635,194
654,33.839,5862,6293,19210,19785,-431
655,33.891,6651,6245,19074,19503,406
656,33.943,6404,6165,18783,19743,239
657,33.994,6385,6220,20014,19431,165
658,34.046,6065,6013,18170,19557,52
659,34.098,6052,6372,19345,19299,-320
660,34.15,5775,6372,18268,19329,-597
661,34.201,5884,6251,18978,19263,-367
662,34.253,5905,6269,18897,19281,-364
663,34.305,6292,6202,18984,19569,90
664,34.357,6085,6190,19992,19377,-105
665,34.408,6042,6129,19239,19479,-87
666,34.46,6570,6348,19817,19713,222
667,34.512,6511,6452,18419,19695,59
668,34.564,6501,6458,19571,19221,43
669,34.615,6174,6506,20023,19683,-332
670,34.667,6827,6342,19374,19299,485
671,34.719,5811,6415,19731,19365,-604
672,34.771,6058,6232,18975,19419,-174
673,34.822,6585,6086,19708,19407,499
674,34.874,6676,6110,18874,19329,566
675,34.926,6731,6251,19135,19863,480
676,34.978,6389,6135,19583,19557,254
677,35.029,6296,6245,18675,19479,51
678,35.081,6301,6238,18898,19167,63
679,35.133,6626,6293,18187,19527,333
680,35.185,6150,6086,19900,19635,64
681,35.236,6354,6299,19915,19305,55
682,35.288,6370,6080,19695,19545,290
683,35.34,6136,6196,20327,19671,-60
684,35.392,6765,6324,17940,19707,441
685,35.443,6365,6184,19028,19503,181
686,35.495,6651,6269,20102,19419,382
687,35.547,6582,6220,20828,19785,362
688,35.598,6618,6281,20583,19479,337
689,35.65,6490,6269,19710,19731,221
690,35.702,6070,6238,20012,19167,-168
691,35.754,6214,6074,18438,19719,140
692,35.805,5718,6062,19696,19317,-344
693,35.857,6256,6214,19148,19593,42
694,35.909,6741,6190,17996,19551,551
695,35.961,6264,6251,19541,19401,13
696,36.012,6267,6092,20442,19215,175
697,36.064,6435,6043,18696,19329,392
698,36.116,6705,6190,19730,19539,515
699,36.168,6453,6062,19366,19347,391
700,36.219,6542,6190,19208,18855,352
701,36.271,6595,6184,20109,19239,411
702,36.323,6417,6312,18776,19461,105
703,36.375,6373,6312,19394,19191,61
704,36.426,6372,6238,19086,19407,134
705,36.478,5804,6226,20095,19341,-422
706,36.53,6807,6342,19647,19413,465
707,36.582,6230,6202,18707,19593,28
708,36.633,6889,6086,19581,19287,803
709,36.685,6214,6202,18520,19485,12
710,36.737,6677,6330,19161,19323,347
711,36.789,6602,6360,18393,19563,242
712,36.84,6234,6056,19717,19623,178
713,36.892,5794,6452,19120,20025,-658
714,36.944,6280,6123,17925,19587,157
715,36.996,7162,6251,19453,19341,911
716,37.047,6047,6117,19600,19197,-70
717,37.099,6289,6092,20005,19581,197
718,37.151,6190,6232,18869,19815,-42
719,37.202,6014,6281,18789,19251,-267
720,37.254,6553,6129,20421,19323,424
721,37.306,6459,6190,19187,19287,269
722,37.358,6484,6135,19639,19377,349
723,37.409,6615,6275,19470,19389,340
724,37.461,6519,6208,18945,19497,311
725,37.513,6549,6287,18632,19647,262
726,37.565,6038,6403,20414,19335,-365
727,37.616,6882,6281,18815,19665,601
728,37.668,6589,6220,19038,19461,369
729,37.72,6341,6275,19060,19443,66
730,37.772,6498,6226,19787,19527,272
731,37.823,6144,6354,20019,19347,-210
732,37.875,5996,6165,19815,19509,-169
733,37.927,6078,6190,17522,19563,-112
734,37.979,5841,6062,18690,19815,-221
735,38.03,6024,6348,18877,19413,-324
736,38.082,6193,6293,19526,19683,-100
737,38.134,6570,6147,19669,19317,423
738,38.186,6431,6141,19546,19251,290
739,38.237,6241,6171,20434,19773,70
740,38.289,6383,6226,19546,19509,157
741,38.341,5781,6220,20195,18987,-439
742,38.393,6337,6263,18424,19335,74
743,38.444,6159,6178,18632,19149,-19
744,38.496,6148,6220,19327,19749,-72
745,38.548,6104,6263,18975,19719,-159
746,38.6,6181,6281,19381,19335,-100
747,38.651,6091,6074,19284,19563,17
748,38.703,6743,6354,18471,19551,389
749,38.755,6217,6312,19145,19581,-95
750,38.806,6067,6372,20023,19629,-305
751,38.858,5677,6257,19843,19137,-580
752,38.91,6241,6214,18264,19581,27
753,38.962,6383,6123,19496,19485,260
754,39.013,5786,6275,18863,19305,-489
755,39.065,6271,6092,20026,19653,179
756,39.117,6326,6275,18786,19335,51
757,39.169,6290,6190,18896,19329,100
758,39.22,6468,6251,19540,19773,217
759,39.272,6481,6275,19960,19353,206
760,39.324,5925,6074,18133,19185,-149
761,39.376,6354,6117,18737,19641,237
762,39.427,6509,6171,19105,19767,338
763,39.479,6004,6208,18561,19389,-204
764,39.531,6092,6165,18958,19521,-73
765,39.583,6411,6141,18615,19443,270
766,39.634,6468,6068,18727,19659,400
767,39.686,6658,6293,19824,19815,365
768,39.738,5727,6287,19543,19467,-560
769,39.79,6295,6287,18606,19269,8
770,39.841,6542,6318,20020,19527,224
771,39.893,6342,6171,19327,19317,171
772,39.945,6023,6232,19528,19587,-209
773,39.997,6192,6299,19374,19785,-107
774,40.048,5438,6159,18299,19587,-721
775,40.1,6303,6098,19294,19227,205
776,40.152,6773,6275,19263,19329,498
777,40.204,6681,6220,19770,19677,461
778,40.255,6249,6354,18585,19383,-105
779,40.307,6371,6165,19320,19425,206
780,40.359,5727,6287,19486,19299,-560
781,40.41,6677,6324,18820,19611,353
782,40.462,5762,6190,18938,19287,-428
783,40.514,5771,6165,18318,19359,-394
784,40.566,5659,6184,19843,19587,-525
785,40.617,6368,6123,20260,19257,245
786,40.669,5975,6110,19040,19347,-135
787,40.721,6439,6141,18914,19437,298
788,40.773,6483,6330,20180,19683,153
789,40.824,6447,6452,19426,19419,-5
790,40.876,6350,6299,20203,19833,51
791,40.928,5862,6232,20332,19413,-370
792,40.98,6000,6305,19637,19569,-305
793,41.031,6488,6171,20504,19299,317
794,41.083,6515,6238,18729,19395,277
795,41.135,6422,6190,18872,19443,232
796,41.187,6126,6202,20114,19773,-76
797,41.238,6399,6409,19278,19347,-10
798,41.29,6218,6147,20569,19509,71
799,41.342,6249,6245,19770,19605,4
800,41.394,6255,6318,19616,19683,-63
801,41.445,5880,6305,19732,19551,-425
802,41.497,6266,6281,19658,19617,-15
803,41.549,6521,6299,18971,19215,222
804,41.601,6332,6366,19284,19383,-34
805,41.652,6164,6208,19809,19383,-44
806,41.704,6207,6372,20452,19653,-165
807,41.756,6807,6372,17923,19461,435
808,41.808,6968,6165,19683,19629,803
809,41.859,6620,6324,19823,19515,296
810,41.911,5991,6354,19175,19449,-363
811,41.963,6097,6446,19032,19545,-349
812,42.015,6202,6275,19751,19371,-73
813,42.066,6106,6281,18689,19617,-175
814,42.118,6944,6354,18949,19509,590
815,42.17,5660,6275,20158,19185,-615
816,42.221,6518,6342,20083,19467,176
817,42.273,6290,6269,18666,19623,21
818,42.325,6288,6324,18593,19743,-36
819,42.377,6153,6354,18359,19701,-201
820,42.428,5980,6245,18570,19515,-265
821,42.48,5847,6421,18511,19137,-574
822,42.532,6360,6184,19185,19557,176
823,42.584,6070,6184,20173,19515,-114
824,42.635,6073,6299,18400,19395,-226
825,42.687,6229,6245,20292,19365,-16
826,42.739,6136,6372,19145,19479,-236
827,42.791,6611,6287,19157,19497,324
828,42.842,6566,6360,19935,19545,206
829,42.894,6022,6275,18858,19605,-253
830,42.946,6239,6208,18558,19449,31
831,42.998,6527,6287,19217,19515,240
832,43.049,6473,6293,19628,19497,180
833,43.101,6440,6299,19638,19587,141
834,43.153,6479,6275,18766,19209,204
835,43.205,5785,6318,20713,19545,-533
836,43.256,6601,6354,18890,19239,247
837,43.308,6292,6147,19214,19365,145
838,43.36,6044,6178,18564,19587,-134
839,43.412,6043,6153,18701,19725,-110
840,43.463,6082,6178,18934,19221,-96
841,43.515,6341,6110,19133,19635,231
842,43.567,5731,6275,19576,19395,-544
843,43.619,6405,6165,18579,19539,240
844,43.67,5792,6263,19558,19377,-471
845,43.722,5959,6275,18656,19455,-316
846,43.774,5647,6299,20028,19035,-652
847,43.825,6206,6354,19378,19611,-148
848,43.877,7193,6238,19151,19209,955
849,43.929,6138,6238,20332,19731,-100
850,43.981,6360,6348,19145,19905,12
851,44.032,6031,6293,18948,19479,-262
852,44.084,6479,6336,19591,19299,143
853,44.136,5987,6427,19529,19389,-440
854,44.188,5913,6269,19117,19383,-356
855,44.239,6036,6220,18969,19683,-184
856,44.291,6684,6305,19537,19455,379
857,44.343,6749,6202,18697,19809,547
858,44.395,6607,6287,20427,19245,320
859,44.446,6325,6086,19657,19545,239
860,44.498,6673,6184,19124,19605,489
861,44.55,5857,6360,19594,19401,-503
862,44.602,6357,6208,18970,19269,149
863,44.653,5669,6366,19324,19749,-697
864,44.705,7031,6269,18560,19599,762
865,44.757,5867,6348,19512,19653,-481
866,44.809,6467,6439,19863,19737,28
867,44.86,6528,6305,19849,19695,223
868,44.912,6268,6226,19626,19317,42
869,44.964,6606,6104,19878,19389,502
870,45.016,5852,6360,19311,19581,-508
871,45.067,6203,6379,19899,19491,-176
872,45.119,6800,6226,18429,19491,574
873,45.171,6800,6184,20071,19365,616
874,45.223,6080,6104,18492,19815,-24
875,45.274,6768,6354,18939,19731,414
876,45.326,6053,6056,20063,19473,-3
877,45.378,6880,6482,19569,19299,398
878,45.429,6100,6269,17471,19521,-169
879,45.481,5868,6385,19858,19467,-517
880,45.533,6373,6263,20367,19731,110
881,45.585,6853,6330,19717,19611,523
882,45.636,5963,6178,18965,19407,-215
883,45.688,6051,6001,19283,19509,50
884,45.74,6382,6178,20226,19581,204
885,45.792,6283,6184,20494,19455,99
886,45.843,6172,6275,19144,19401,-103
887,45.895,6778,6275,20311,19929,503
888,45.947,5677,6196,18943,19869,-519
889,45.999,6211,6110,18675,19383,101
890,46.05,6152,6153,19476,19545,-1
891,46.102,6424,6305,18717,19347,119
892,46.154,6103,6208,18823,19413,-105
893,46.206,6363,6324,19075,19689,39
894,46.257,6477,6269,20262,19563,208
895,46.309,5846,6178,18999,19515,-332
896,46.361,6794,6214,18814,19425,580
897,46.413,5880,6281,18165,19665,-401
898,46.464,6307,6366,18994,19701,-59
899,46.516,7033,6537,18683,19593,496
900,46.568,6908,6506,19435,19521,402
901,46.62,7230,6379,19703,19257,851
902,46.671,7209,6519,20499,19431,690
903,46.723,5884,6245,19579,19311,-361
904,46.775,6676,6251,20428,19485,425
905,46.827,6156,6245,20082,19575,-89
906,46.878,6020,5976,19852,19743,44
907,46.93,5725,6232,20053,19593,-507
908,46.982,6833,6251,18644,19485,582
909,47.033,6338,6269,19260,19485,69
910,47.085,7216,6232,19652,19419,984
911,47.137,6333,6159,18922,19437,174
912,47.189,6113,6171,18585,19563,-58
913,47.24,6663,6238,20218,19479,425
914,47.292,6109,6257,19073,19521,-148
915,47.344,6825,6269,18476,19215,556
916,47.396,6254,6202,18801,19809,52
917,47.447,6049,6238,19456,19599,-189
918,47.499,6325,6263,18656,19491,62
919,47.551,6674,6263,19509,19479,411
920,47.603,6842,6299,18639,19557,543
921,47.654,6640,6257,19873,19761,383
922,47.706,6852,6293,18255,19329,559
923,47.758,6600,6299,17740,19683,301
924,47.81,6185,6305,18186,19953,-120
925,47.861,6263,6190,19362,19605,73
926,47.913,6249,6056,19527,19455,193
927,47.965,6057,6104,18852,19395,-47
928,48.017,6304,6251,17958,19917,53
929,48.068,5921,6202,18983,19659,-281
930,48.12,6216,6281,18821,19425,-65
931,48.172,6166,6257,20226,19395,-91
932,48.224,5973,6312,18808,19545,-339
933,48.275,6369,6104,19970,19413,265
934,48.327,5759,6104,19376,19413,-345
935,48.379,5869,6281,19318,19821,-412
936,48.431,6571,6251,19326,19029,320
937,48.482,6067,6360,18855,19599,-293
938,48.534,5945,6141,18753,19377,-196
939,48.586,5669,6214,19623,19899,-545
940,48.637,6051,6275,19158,19557,-224
941,48.689,6394,6123,18262,19533,271
942,48.741,6027,6324,18493,19629,-297
943,48.793,6427,6184,18966,19293,243
944,48.844,6009,6190,18099,19779,-181
945,48.896,6425,6214,18502,19737,211
946,48.948,6369,6184,19571,19461,185
947,49.0,5932,6171,19360,19365,-239
948,49.051,5919,6178,18598,19551,-259
949,49.103,6080,6104,18463,19581,-24
950,49.155,5924,6031,19200,19989,-107
951,49.207,6523,6293,19327,19557,230
952,49.258,5976,6208,18667,19611,-232
953,49.31,6468,6159,20355,19569,309
954,49.362,6156,6190,18900,19329,-34
955,49.414,5887,6318,19319,19467,-431
956,49.465,6325,6129,19466,19371,196
957,49.517,5758,6178,19050,19725,-420
958,49.569,6464,6184,19629,19671,280
959,49.621,6023,6360,19984,19731,-337
960,49.672,6584,6135,19600,19575,449
961,49.724,6591,6202,18539,19071,389
962,49.776,6593,6220,18765,19551,373
963,49.828,5623,6251,19817,19353,-628
964,49.879,6135,6238,19517,19365,-103
965,49.931,5869,6153,19459,19383,-284
966,49.983,6211,6202,19398,19239,9
967,50.035,6041,6165,20204,19467,-124
968,50.086,6162,6360,20353,19479,-198
969,50.138,6000,6220,19569,19203,-220
970,50.19,6179,6104,18534,19605,75
971,50.241,5997,6251,19135,19167,-254
972,50.293,6111,6178,19043,19551,-67
973,50.345,6370,6287,20157,19371,83
974,50.397,6335,6251,19343,19371,84
975,50.448,5668,6275,20436,19371,-607
976,50.5,6285,6190,18669,19623,95
977,50.552,6586,6275,18993,19557,311
978,50.604,6045,6299,18252,19341,-254
979,50.655,6519,6117,20074,19629,402
980,50.707,5881,6147,19762,19311,-266
981,50.759,6311,6238,19448,19431,73
982,50.811,6249,6202,19178,19323,47
983,50.862,6117,6208,20033,19671,-91
984,50.914,6182,6141,18846,19287,41
985,50.966,5835,6275,19777,19551,-440
986,51.018,6863,6104,19378,19419,759
987,51.069,5777,6226,18988,19287,-449
988,51.121,5818,6123,18664,19473,-305
989,51.173,5990,6263,19128,19965,-273
990,51.225,6495,6299,18941,20019,196
991,51.276,6409,6184,20523,19515,225
992,51.328,6165,6403,20441,19311,-238
993,51.38,6819,6257,19695,19431,562
994,51.432,6043,6360,19191,19749,-317
995,51.483,6039,6123,18210,19485,-84
996,51.535,6052,6190,19720,19221,-138
997,51.587,6499,6135,20143,19953,364
998,51.639,6719,6196,20218,19383,523
999,51.69,6280,6342,19590,19575,-62
