frame,Time [s],CH1,BGND1,CH2,BGND2,intensity
0,0.0,5997,6094,18988,18767,-97
1,0.052,6557,6319,17705,19061,238
2,0.103,6242,6112,19006,19204,130
3,0.155,6176,6070,18368,18881,106
4,0.207,6518,6051,18695,19037,467
5,0.259,6165,6246,18449,19258,-81
6,0.31,6464,6033,19101,19186,431
7,0.362,6103,6289,19335,18977,-186
8,0.414,6137,6313,18454,19007,-176
9,0.466,5685,6124,19128,18989,-439
10,0.517,6256,6094,18978,19078,162
11,0.569,6403,6222,17901,19462,181
12,0.621,6064,5991,18940,19276,73
13,0.673,6236,6283,18768,19102,-47
14,0.724,5897,6258,18597,19061,-361
15,0.776,7115,6410,18782,18953,705
16,0.828,6542,6295,19030,19031,247
17,0.88,6035,6343,19339,18893,-308
18,0.931,6248,6447,18544,19007,-199
19,0.983,6855,6410,18768,19013,445
20,1.035,6352,6313,19926,19144,39
21,1.087,5910,6270,20158,18995,-360
22,1.138,6292,6137,19042,19096,155
23,1.19,6034,6349,19148,19102,-315
24,1.242,5842,6380,18534,18839,-538
25,1.294,6606,6216,19303,19342,390
26,1.345,6699,6264,18403,19240,435
27,1.397,6282,6270,19231,18731,12
28,1.449,6769,6392,19060,19066,377
29,1.501,6557,6331,18087,19144,226
30,1.552,6600,6307,19636,19090,293
31,1.604,6388,6246,18492,18821,142
32,1.656,6756,6234,19289,18785,522
33,1.707,5779,6325,19268,19144,-546
34,1.759,5656,6137,19183,18923,-481
35,1.811,5977,6210,19577,19049,-233
36,1.863,6066,6234,19230,19324,-168
37,1.914,6322,6313,19530,19240,9
38,1.966,6733,6252,19830,18977,481
39,2.018,6445,6301,19128,18953,144
40,2.07,6533,6197,20397,19306,336
41,2.121,6597,6270,18755,19366,327
42,2.173,6287,6404,18588,19162,-117
43,2.225,6780,6301,19374,19049,479
44,2.277,6290,6167,18697,18899,123
45,2.328,6244,6313,18997,19126,-69
46,2.38,6412,6270,18789,18899,142
47,2.432,6047,6234,19028,19025,-187
48,2.484,7070,6051,19005,18827,1019
49,2.535,6027,6203,18766,18911,-176
50,2.587,6387,6289,19769,18857,98
51,2.639,6508,6270,20152,19007,238
52,2.691,6316,6051,19209,19066,265
53,2.742,6427,6137,18354,18989,290
54,2.794,6320,6301,19124,18923,19
55,2.846,5845,6015,18490,19150,-170
56,2.898,5762,6051,20046,19072,-289
57,2.949,6203,6100,18549,18899,103
58,3.001,6148,6179,17886,19072,-31
59,3.053,6322,6222,18638,18857,100
60,3.105,5996,6143,18060,19108,-147
61,3.156,5885,6112,18488,19108,-227
62,3.208,6248,6155,18734,18977,93
63,3.26,6280,6228,17899,18977,52
64,3.311,6088,6003,19106,19102,85
65,3.363,6372,6118,19075,19222,254
66,3.415,7064,6386,18392,19360,678
67,3.467,5812,6252,18846,18761,-440
68,3.518,6286,6203,18682,19174,83
69,3.57,6450,6362,19798,18977,88
70,3.622,6230,6343,18974,19234,-113
71,3.674,6781,6203,18495,18887,578
72,3.725,6224,6124,19148,19336,100
73,3.777,5894,6216,18991,18965,-322
74,3.829,6061,6258,19474,18869,-197
75,3.881,6458,6203,19184,19120,255
76,3.932,6085,6276,19816,18923,-191
77,3.984,6725,6112,19547,19031,613
78,4.036,6097,6246,19103,18407,-149
79,4.088,6272,6295,19278,18689,-23
80,4.139,6694,6185,18382,18899,509
81,4.191,6136,6331,19268,19025,-195
82,4.243,6840,6283,19523,19061,557
83,4.295,6499,6234,20230,19216,265
84,4.346,6729,6216,18979,18971,513
85,4.398,6598,6161,18689,19168,437
86,4.45,6506,6167,19592,19216,339
87,4.502,5832,6337,19083,18821,-505
88,4.553,6370,6264,18983,19084,106
89,4.605,6231,6228,18866,19090,3
90,4.657,6026,6033,18797,19198,-7
91,4.709,6007,6270,19308,19049,-263
92,4.76,6266,6106,19551,19007,160
93,4.812,6605,6234,18500,19180,371
94,4.864,6206,6234,18951,18893,-28
95,4.915,6668,6173,20411,19138,495
96,4.967,6260,6313,18782,19007,-53
97,5.019,6519,6222,17999,18839,297
98,5.071,5877,6161,18773,19138,-284
99,5.122,6262,6167,19182,18947,95
100,5.174,6357,6167,18902,18587,190
101,5.226,6085,6283,18435,19084,-198
102,5.278,6664,6283,20779,18875,381
103,5.329,6407,6343,20392,19438,64
104,5.381,6104,6410,19125,19144,-306
105,5.433,6239,6179,19913,19049,60
106,5.485,6550,6240,19320,19132,310
107,5.536,6397,6368,18844,19294,29
108,5.588,7132,6289,18679,19180,843
109,5.64,6136,6240,18963,19001,-104
110,5.692,5974,6258,20055,19342,-284
111,5.743,6111,6319,19349,19402,-208
112,5.795,6505,6349,19012,19025,156
113,5.847,6652,6264,19811,19043,388
114,5.899,6424,6562,19096,18827,-138
115,5.95,5914,6240,17607,19438,-326
116,6.002,6690,6337,18148,19150,353
117,6.054,6796,6143,18613,18833,653
118,6.106,6946,6422,18432,18941,524
119,6.157,6848,6185,18779,18995,663
120,6.209,7749,6289,18332,18923,1460
121,6.261,9280,6386,18800,18983,2894
122,6.313,9673,6574,18172,19168,3099
123,6.364,8919,6161,17808,19055,2758
124,6.416,9487,6416,18432,19049,3071
125,6.468,8226,6313,18778,19043,1913
126,6.519,8108,6289,18839,19025,1819
127,6.571,8825,6301,19198,18971,2524
128,6.623,9456,6368,18308,19270,3088
129,6.675,8694,6410,19464,19276,2284
130,6.726,7944,6325,18810,19258,1619
131,6.778,7769,6313,18797,18917,1456
132,6.83,8265,6593,18800,19198,1672
133,6.882,8724,6380,19649,19252,2344
134,6.933,8381,6246,18552,19216,2135
135,6.985,9083,6264,18892,18911,2819
136,7.037,9499,6428,19216,19228,3071
137,7.089,8592,6283,18989,19102,2309
138,7.14,8300,6179,17986,19186,2121
139,7.192,9226,6264,18915,19438,2962
140,7.244,9588,6252,19874,19480,3336
141,7.296,9621,6392,18804,18983,3229
142,7.347,9446,6307,19800,19049,3139
143,7.399,8741,6520,18273,19384,2221
144,7.451,9864,6441,18647,18893,3423
145,7.503,9207,6356,19117,19072,2851
146,7.554,9184,6325,19876,19061,2859
147,7.606,10853,6337,18469,19061,4516
148,7.658,10701,6313,19736,19025,4388
149,7.71,9594,6264,19704,18833,3330
150,7.761,10106,6295,19074,19108,3811
151,7.813,9950,6313,19915,19372,3637
152,7.865,9927,6343,19919,19222,3584
153,7.917,11133,6337,18355,19456,4796
154,7.968,9239,6356,18944,19486,2883
155,8.02,9562,6501,20165,19144,3061
156,8.072,7594,6313,18649,19150,1281
157,8.123,7754,6149,19966,19330,1605
158,8.175,9251,6362,17849,19019,2889
159,8.227,9858,6392,19947,18935,3466
160,8.279,9620,6374,18635,19132,3246
161,8.33,8545,6295,19250,19300,2250
162,8.382,9208,6392,19385,19396,2816
163,8.434,9283,6386,19681,19306,2897
164,8.486,8993,6635,17982,18719,2358
165,8.537,8311,6495,17876,19084,1816
166,8.589,8857,6574,18444,19138,2283
167,8.641,9404,6501,18894,19156,2903
168,8.693,9053,6532,19455,19072,2521
169,8.744,9279,6562,19147,19150,2717
170,8.796,8123,6392,18045,19246,1731
171,8.848,8682,6453,18549,18953,2229
172,8.9,7590,6514,19431,19001,1076
173,8.951,9141,6538,18169,18845,2603
174,9.003,8261,6276,19838,19282,1985
175,9.055,8861,6501,18105,18983,2360
176,9.107,8856,6550,18289,19037,2306
177,9.158,9590,6398,18981,19096,3192
178,9.21,8276,6258,18728,19013,2018
179,9.262,8567,6501,19865,19019,2066
180,9.314,9134,6246,18342,19132,2888
181,9.365,8483,6508,19227,19072,1975
182,9.417,9360,6422,17722,18935,2938
183,9.469,8918,6349,18217,19222,2569
184,9.521,8348,6404,18703,19276,1944
185,9.572,8157,6441,18795,18965,1716
186,9.624,7867,6459,19837,19192,1408
187,9.676,9072,6356,20735,18965,2716
188,9.727,8794,6441,19149,19156,2353
189,9.779,9297,6599,19529,19037,2698
190,9.831,9307,6295,18589,18971,3012
191,9.883,8797,6489,18121,19120,2308
192,9.934,8024,6349,18377,19240,1675
193,9.986,8718,6319,19259,19258,2399
194,10.038,7597,6106,19750,18935,1491
195,10.09,9098,6422,18990,19007,2676
196,10.141,9208,6258,18366,19240,2950
197,10.193,9596,6313,20015,19228,3283
198,10.245,9918,6428,18914,19096,3490
199,10.297,8802,6374,19129,19192,2428
200,10.348,9216,6447,17697,19078,2769
201,10.4,9257,6295,18888,19204,2962
202,10.452,9259,6349,19748,19019,2910
203,10.504,8855,6319,18409,19007,2536
204,10.555,10251,6544,20734,19198,3707
205,10.607,9911,6368,17848,19258,3543
206,10.659,9402,6289,19264,19055,3113
207,10.711,9463,6246,19039,18563,3217
208,10.762,8705,6216,19267,18995,2489
209,10.814,10098,6362,18392,18935,3736
210,10.866,8357,6343,20489,19132,2014
211,10.918,8599,6386,19392,19031,2213
212,10.969,8808,6307,18046,18845,2501
213,11.021,7892,6295,20050,18857,1597
214,11.073,9801,6210,18643,18983,3591
215,11.125,9389,6416,18715,18899,2973
216,11.176,8713,6228,19395,18941,2485
217,11.228,9711,6514,18705,19031,3197
218,11.28,8897,6447,18273,19084,2450
219,11.331,8456,6313,18545,19090,2143
220,11.383,9366,6453,19721,19013,2913
221,11.435,8776,6325,19032,19330,2451
222,11.487,8516,6422,18943,19096,2094
223,11.538,9097,6514,18807,19132,2583
224,11.59,8431,6307,18508,19408,2124
225,11.642,9960,6325,18958,18995,3635
226,11.694,9503,6392,18585,19270,3111
227,11.745,9389,6276,17908,19013,3113
228,11.797,8550,6410,19225,19168,2140
229,11.849,10261,6313,19390,19031,3948
230,11.901,9380,6380,18567,19132,3000
231,11.952,11223,6216,18351,19180,5007
232,12.004,8910,6325,18740,18809,2585
233,12.056,9236,6483,20022,18839,2753
234,12.108,9591,6453,19968,18875,3138
235,12.159,9506,6179,19518,18701,3327
236,12.211,8520,6191,18282,19288,2329
237,12.263,9534,6380,20309,18785,3154
238,12.315,10469,6295,18359,18989,4174
239,12.366,9567,6343,19242,19061,3224
240,12.418,10077,6544,18518,19078,3533
241,12.47,8969,6538,18318,19108,2431
242,12.522,10315,6556,18840,18773,3759
243,12.573,9299,6368,18809,18809,2931
244,12.625,9261,6289,19443,18779,2972
245,12.677,8657,6374,19785,19210,2283
246,12.729,9962,6368,18138,19228,3594
247,12.78,8840,6356,19758,18893,2484
248,12.832,9567,6270,18618,19228,3297
249,12.884,10493,6356,18785,18659,4137
250,12.935,8428,6228,20607,19396,2200
251,12.987,9018,6319,18363,19061,2699
252,13.039,10034,6447,18672,19174,3587
253,13.091,8496,6416,17971,19078,2080
254,13.142,8174,6246,20074,18911,1928
255,13.194,8466,6368,18169,19198,2098
256,13.246,9593,6349,19115,19049,3244
257,13.298,9623,6386,18775,19504,3237
258,13.349,9759,6404,19260,18821,3355
259,13.401,10289,6374,19013,18995,3915
260,13.453,8994,6368,18935,19222,2626
261,13.505,9651,6283,19235,19108,3368
262,13.556,8641,6283,18856,19162,2358
263,13.608,8351,6252,18664,19546,2099
264,13.66,7200,6210,18038,19156,990
265,13.712,9469,6313,19107,19078,3156
266,13.763,9352,6428,19056,19546,2924
267,13.815,9813,6574,18706,19336,3239
268,13.867,9748,6635,18822,19126,3113
269,13.919,9299,6629,18562,19414,2670
270,13.97,8775,6362,18277,18743,2413
271,14.022,8634,6398,18284,19282,2236
272,14.074,9113,6465,19318,19031,2648
273,14.126,8961,6441,20533,19348,2520
274,14.177,9758,6495,19171,18977,3263
275,14.229,9545,6283,18932,19019,3262
276,14.281,9231,6289,19527,19324,2942
277,14.333,9124,6404,19777,19294,2720
278,14.384,9671,6246,16852,19522,3425
279,14.436,9562,6289,19883,19108,3273
280,14.488,8536,6368,19535,19072,2168
281,14.54,10121,6295,21190,19186,3826
282,14.591,9573,6416,20020,19037,3157
283,14.643,8394,6356,20349,19312,2038
284,14.695,10288,6471,19177,19288,3817
285,14.746,8313,6374,18141,19174,1939
286,14.798,7830,6228,19094,19090,1602
287,14.85,6539,6313,18633,18641,226
288,14.902,8488,6197,19021,19300,2291
289,14.953,9042,6289,19618,19252,2753
290,15.005,9325,6392,17699,18851,2933
291,15.057,8511,6532,19155,19096,1979
292,15.109,8652,6465,19851,19354,2187
293,15.16,9001,6325,19700,19168,2676
294,15.212,9241,6374,18457,19138,2867
295,15.264,9139,6386,19164,19138,2753
296,15.316,9216,6368,18954,18875,2848
297,15.367,9530,6289,18260,19414,3241
298,15.419,8318,6441,18945,19084,1877
299,15.471,9230,6240,19542,19120,2990
300,15.523,9321,6252,18311,19168,3069
301,15.574,8611,6258,18982,19258,2353
302,15.626,8185,6289,20165,19258,1896
303,15.678,7817,6404,18890,19216,1413
304,15.73,7487,6337,18868,19120,1150
305,15.781,7966,6210,19247,19096,1756
306,15.833,8426,6428,19975,19564,1998
307,15.885,8277,6319,19967,19372,1958
308,15.937,7360,6453,18952,19336,907
309,15.988,8649,6289,21603,18971,2360
310,16.04,7585,6386,19684,19072,1199
311,16.092,8893,6641,19183,19264,2252
312,16.144,8601,6331,18988,19204,2270
313,16.195,9417,6380,18670,19324,3037
314,16.247,8762,6483,19693,18965,2279
315,16.299,8717,6404,18675,19300,2313
316,16.35,8448,6331,18408,19180,2117
317,16.402,8082,6337,18866,19138,1745
318,16.454,8073,6319,18874,19126,1754
319,16.506,7953,6349,18822,19354,1604
320,16.557,8852,6441,20486,19114,2411
321,16.609,9090,6216,20781,19061,2874
322,16.661,8336,6234,18669,18971,2102
323,16.713,8014,6374,19343,19306,1640
324,16.764,8900,6435,20346,18995,2465
325,16.816,7802,6270,20272,19174,1532
326,16.868,8548,6422,19285,19055,2126
327,16.92,9653,6295,18611,19150,3358
328,16.971,9269,6398,19827,18935,2871
329,17.023,8040,6441,18154,19049,1599
330,17.075,8846,6313,19327,18971,2533
331,17.127,7431,6343,19338,19378,1088
332,17.178,8363,6453,19031,19306,1910
333,17.23,7982,6216,18880,19306,1766
334,17.282,9377,6203,18573,19264,3174
335,17.334,8521,6362,18953,19126,2159
336,17.385,8494,6489,19889,19066,2005
337,17.437,8708,6514,20147,18635,2194
338,17.489,8176,6210,20540,18785,1966
339,17.541,8192,6331,18906,19084,1861
340,17.592,8321,6203,19114,19300,2118
341,17.644,9028,6508,18634,19228,2520
342,17.696,8370,6587,19231,19102,1783
343,17.748,9260,6173,20851,19312,3087
344,17.799,8309,6161,19092,19318,2148
345,17.851,8162,6228,18317,18785,1934
346,17.903,7247,6477,19317,19007,770
347,17.954,8324,6343,18322,18941,1981
348,18.006,7279,6155,18879,19336,1124
349,18.058,6665,6337,19440,18875,328
350,18.11,6418,6222,20555,19066,196
351,18.161,7475,6124,19085,19072,1351
352,18.213,7324,6130,19534,19222,1194
353,18.265,6999,6252,20329,19204,747
354,18.317,6597,6343,19771,19019,254
355,18.368,7153,6453,19919,18863,700
356,18.42,6632,6428,18585,19174,204
357,18.472,6371,6313,18784,19228,58
358,18.524,6784,6161,19171,19013,623
359,18.575,7156,6422,18086,19234,734
360,18.627,7043,6216,19783,19312,827
361,18.679,6836,6118,20164,18935,718
362,18.731,7502,6173,19527,19210,1329
363,18.782,7871,6398,19413,19078,1473
364,18.834,7206,6216,18992,19306,990
365,18.886,6486,6337,18506,18995,149
366,18.938,6963,6228,18856,18791,735
367,18.989,6846,6343,19189,19144,503
368,19.041,6879,6137,18850,19276,742
369,19.093,6910,6173,20151,19252,737
370,19.145,6644,6228,19955,18959,416
371,19.196,6746,6191,18680,19264,555
372,19.248,6507,6307,18898,19222,200
373,19.3,6453,6143,20296,18869,310
374,19.352,6335,6185,19489,19234,150
375,19.403,6507,6258,19399,19294,249
376,19.455,6881,6283,19704,19102,598
377,19.507,6678,6441,19122,19025,237
378,19.558,7389,6240,18920,19528,1149
379,19.61,7254,6283,19865,19031,971
380,19.662,7012,6258,18169,19114,754
381,19.714,6812,6191,19710,19055,621
382,19.765,6025,6307,19480,19594,-282
383,19.817,6670,6325,18534,18959,345
384,19.869,6630,6258,17331,19013,372
385,19.921,6106,6276,19796,19300,-170
386,19.972,6577,6362,19426,19294,215
387,20.024,6349,6331,19450,19456,18
388,20.076,6987,6301,19350,19402,686
389,20.128,6482,6301,18875,19294,181
390,20.179,6402,6252,19537,19216,150
391,20.231,6234,6289,17900,19366,-55
392,20.283,6656,6325,18808,19252,331
393,20.335,6318,6234,21145,19222,84
394,20.386,6416,6149,19595,19288,267
395,20.438,7444,6270,20086,19234,1174
396,20.49,6463,6289,19253,19090,174
397,20.542,5875,6410,18445,18941,-535
398,20.593,6296,6289,18865,19414,7
399,20.645,6663,6647,18917,19318,16
400,20.697,6888,6386,19196,19426,502
401,20.749,6225,6447,19064,19306,-222
402,20.8,6863,6392,20052,19126,471
403,20.852,6251,6471,18171,19150,-220
404,20.904,6699,6264,18886,18971,435
405,20.956,6713,6106,20206,19300,607
406,21.007,7088,6422,18947,19198,666
407,21.059,6801,6295,19057,19342,506
408,21.111,6775,6343,18077,19366,432
409,21.162,6524,6307,19410,19096,217
410,21.214,7148,6398,19592,18959,750
411,21.266,7023,6258,19856,19174,765
412,21.318,6658,6325,18683,19114,333
413,21.369,6195,6392,19325,19031,-197
414,21.421,6895,6368,17915,19252,527
415,21.473,7096,6216,19380,19102,880
416,21.525,6811,6264,18990,19270,547
417,21.576,8229,6386,18612,19312,1843
418,21.628,6976,6167,19250,19007,809
419,21.68,6963,6313,20708,19576,650
420,21.732,6733,6276,18742,19288,457
421,21.783,6939,6380,18992,19444,559
422,21.835,7091,6197,20164,19066,894
423,21.887,7667,6374,19727,18875,1293
424,21.939,7492,6398,19176,19066,1094
425,21.99,6701,6465,18823,19288,236
426,22.042,8371,6276,20059,19306,2095
427,22.094,7321,6374,18394,19264,947
428,22.146,7779,6173,17722,19216,1606
429,22.197,7408,6270,18505,19198,1138
430,22.249,7127,6356,19181,19324,771
431,22.301,7422,6416,19277,19084,1006
432,22.353,7401,6337,19599,19216,1064
433,22.404,7306,6264,18572,19366,1042
434,22.456,7102,6222,18732,19096,880
435,22.508,6851,6337,19861,19450,514
436,22.56,6130,6130,18180,19300,0
437,22.611,7162,6082,19670,19090,1080
438,22.663,6741,6222,18770,19270,519
439,22.715,7716,6270,18758,19474,1446
440,22.766,7720,6356,19295,19025,1364
441,22.818,7868,6410,21137,18941,1458
442,22.87,7947,6356,20048,19246,1591
443,22.922,7074,6173,19666,19108,901
444,22.973,7753,6124,18777,19055,1629
445,23.025,6651,6112,19546,19126,539
446,23.077,7046,6143,18912,18983,903
447,23.129,6958,6295,18676,18989,663
448,23.18,6926,6258,20861,19150,668
449,23.232,6832,6088,20411,18875,744
450,23.284,6413,6240,19454,19456,173
451,23.336,6581,6392,18996,19162,189
452,23.387,6852,6331,19918,19474,521
453,23.439,6621,6337,18570,19168,284
454,23.491,6220,6289,19296,19432,-69
455,23.543,6624,6356,18979,18923,268
456,23.594,6894,6191,19040,19330,703
457,23.646,6115,6283,19540,19354,-168
458,23.698,6949,6094,19216,18923,855
459,23.75,6533,6185,18770,19078,348
460,23.801,7060,6331,19703,19330,729
461,23.853,6579,6398,19219,19061,181
462,23.905,6395,5966,18707,19366,429
463,23.957,7395,6283,19323,18869,1112
464,24.008,6798,6246,20365,19061,552
465,24.06,5760,6252,19299,19300,-492
466,24.112,6652,6289,19019,19001,363
467,24.164,6242,6118,19640,19066,124
468,24.215,6241,6118,17583,19246,123
469,24.267,6705,6100,18981,19354,605
470,24.319,6470,6045,18300,19025,425
471,24.37,6169,6082,19832,19216,87
472,24.422,7306,6295,18733,18971,1011
473,24.474,6426,6210,19360,18977,216
474,24.526,6054,6246,19198,18893,-192
475,24.577,6773,6185,18852,19013,588
476,24.629,6527,6222,19107,19264,305
477,24.681,6176,6094,19495,18911,82
478,24.733,6815,6210,20775,18959,605
479,24.784,6566,6234,19771,18899,332
480,24.836,6377,5991,18293,19246,386
481,24.888,6240,6003,18521,19078,237
482,24.94,5991,6124,19861,19066,-133
483,24.991,6930,6106,19972,19144,824
484,25.043,6708,6276,19429,19114,432
485,25.095,6624,6149,18485,19426,475
486,25.147,6831,6313,19482,19228,518
487,25.198,6095,6070,19741,19019,25
488,25.25,6625,6082,18254,19354,543
489,25.302,6255,6295,19418,19342,-40
490,25.354,6643,6380,18930,19120,263
491,25.405,6291,6161,20691,19198,130
492,25.457,6305,6349,18750,18941,-44
493,25.509,6459,6331,18963,18989,128
494,25.561,6569,6307,19421,19049,262
495,25.612,6683,6356,19229,19001,327
496,25.664,7025,6301,19612,19396,724
497,25.716,6600,6307,19278,19342,293
498,25.768,7047,6276,20241,19078,771
499,25.819,6455,6520,19320,19037,-65
500,25.871,6693,6410,19585,19198,283
501,25.923,6027,6070,18569,19132,-43
502,25.974,6255,6161,18557,19186,94
503,26.026,6459,6094,19026,19252,365
504,26.078,6646,6118,20765,19156,528
505,26.13,6544,6289,18053,19402,255
506,26.181,6452,6191,19099,19192,261
507,26.233,6399,6240,19252,19408,159
508,26.285,6835,6289,19391,19061,546
509,26.337,5836,6167,18977,19372,-331
510,26.388,6708,6276,20106,19468,432
511,26.44,6057,6228,18992,19156,-171
512,26.492,6945,6295,19154,19066,650
513,26.544,6755,6276,19829,19007,479
514,26.595,6227,6234,19966,18875,-7
515,26.647,6072,6228,18880,19013,-156
516,26.699,6432,6295,20756,19210,137
517,26.751,6361,6191,18929,19084,170
518,26.802,6830,6173,19474,19061,657
519,26.854,7394,6203,18658,18923,1191
520,26.906,6676,6258,19491,19120,418
521,26.958,6494,6191,18455,19330,303
522,27.009,6376,6203,18427,19084,173
523,27.061,6209,6258,18810,19288,-49
524,27.113,6048,6143,18599,19342,-95
525,27.165,6640,6252,19620,19276,388
526,27.216,6522,6295,19020,19078,227
527,27.268,6309,6137,20184,19378,172
528,27.32,6337,6027,20129,18947,310
529,27.372,5908,6064,18659,19001,-156
530,27.423,5856,6362,19088,19144,-506
531,27.475,6568,6216,18042,19156,352
532,27.527,6190,6197,18499,19204,-7
533,27.578,5953,6112,17687,18743,-159
534,27.63,6723,6149,18891,18971,574
535,27.682,6034,6149,20126,19444,-115
536,27.734,5959,6246,19879,19049,-287
537,27.785,6468,6197,17937,19019,271
538,27.837,5800,6289,19879,19402,-489
539,27.889,6139,6210,18817,19102,-71
540,27.941,6311,6331,20687,19498,-20
541,27.992,6353,6185,18660,19102,168
542,28.044,6138,6167,18983,19306,-29
543,28.096,6729,6252,18526,19288,477
544,28.148,5832,6362,18522,19162,-530
545,28.199,6801,6343,20418,19432,458
546,28.251,6349,6283,19504,19001,66
547,28.303,6416,6289,19780,19282,127
548,28.355,6131,6210,19659,18899,-79
549,28.406,6201,6283,18613,19264,-82
550,28.458,6294,6137,18005,19246,157
551,28.51,6302,6197,20990,19558,105
552,28.562,6537,6289,19604,19234,248
553,28.613,6188,6289,19450,19114,-101
554,28.665,6373,6173,20289,19342,200
555,28.717,6320,6301,18346,19031,19
556,28.769,6232,6264,20632,19528,-32
557,28.82,6380,6270,17761,19426,110
558,28.872,6357,6362,17223,19252,-5
559,28.924,6330,6179,18813,19043,151
560,28.976,6330,6362,18882,19318,-32
561,29.027,6095,6362,19365,18995,-267
562,29.079,6435,6447,18993,19204,-12
563,29.131,6861,6416,19362,19228,445
564,29.182,6538,6416,18732,19043,122
565,29.234,6204,6301,18169,19144,-97
566,29.286,6121,6216,19630,19078,-95
567,29.338,7156,6349,20110,19204,807
568,29.389,6164,6356,19075,19150,-192
569,29.441,6049,6428,17853,19150,-379
570,29.493,6533,6337,18311,19210,196
571,29.545,6630,6307,20293,19162,323
572,29.596,6624,6185,20606,19138,439
573,29.648,6387,6240,18949,18803,147
574,29.7,6697,6289,20209,19378,408
575,29.752,6520,6386,17471,19564,134
576,29.803,6257,6149,20168,19402,108
577,29.855,6419,6240,19113,19486,179
578,29.907,5987,6483,19652,19390,-496
579,29.959,6840,6173,19217,19234,667
580,30.01,6052,6410,19178,19384,-358
581,30.062,6226,6337,18862,19192,-111
582,30.114,6382,6289,19815,18977,93
583,30.166,6041,6210,19629,19324,-169
584,30.217,6348,6319,19961,19240,29
585,30.269,6464,6532,17976,19049,-68
586,30.321,6306,6508,19380,19246,-202
587,30.373,5976,6422,19095,19192,-446
588,30.424,6827,6349,19227,19210,478
589,30.476,6366,6331,19954,19396,35
590,30.528,6752,6295,19092,19480,457
591,30.58,6788,6410,18536,19061,378
592,30.631,5815,6356,18780,19312,-541
593,30.683,6394,6307,20157,19300,87
594,30.735,6273,6301,18706,19372,-28
595,30.786,6443,6356,18393,19114,87
596,30.838,5867,6258,20245,19438,-391
597,30.89,6229,6343,18739,19216,-114
598,30.942,6279,6234,18526,18917,45
599,30.993,6353,6343,18884,19061,10
600,31.045,6118,6313,19158,19031,-195
601,31.097,6266,6526,18235,19324,-260
602,31.149,6275,6307,20090,19492,-32
603,31.2,6676,6428,18487,19264,248
604,31.252,6331,6161,19329,19282,170
605,31.304,6779,6319,20211,18887,460
606,31.356,6718,6185,18887,19306,533
607,31.407,6531,6155,18253,19342,376
608,31.459,6316,6191,19981,19096,125
609,31.511,6063,6234,19772,18737,-171
610,31.563,6244,6216,18263,19444,28
611,31.614,6448,6094,18861,19258,354
612,31.666,5928,6149,19385,18989,-221
613,31.718,6301,6173,19354,19276,128
614,31.77,6727,6234,19260,19174,493
615,31.821,6262,6203,19862,19252,59
616,31.873,6294,6343,19803,19324,-49
617,31.925,7034,6082,19285,19528,952
618,31.977,6682,6477,18299,19336,205
619,32.028,6781,6283,18918,19144,498
620,32.08,5791,6112,18251,19061,-321
621,32.132,6288,6380,19843,19162,-92
622,32.184,7000,6392,19730,19162,608
623,32.235,6206,6228,19554,19414,-22
624,32.287,6094,6380,19251,19228,-286
625,32.339,6803,6368,18094,19055,435
626,32.39,6526,6295,19745,19198,231
627,32.442,6256,6337,18643,19138,-81
628,32.494,7181,6422,18972,19192,759
629,32.546,6133,6526,19204,19138,-393
630,32.597,6122,6477,18591,19096,-355
631,32.649,5952,6435,18976,19582,-483
632,32.701,6822,6556,19839,19282,266
633,32.753,6140,6514,18006,19414,-374
634,32.804,6182,6623,19008,19252,-441
635,32.856,6576,6514,18990,19234,62
636,32.908,6329,6459,19970,19306,-130
637,32.96,6168,6459,18680,19396,-291
638,33.011,6220,6289,19828,19390,-69
639,33.063,6702,6246,19134,18923,456
640,33.115,6120,6258,20294,19258,-138
641,33.167,6160,6149,19923,19534,11
642,33.218,6440,6313,18553,19096,127
643,33.27,6437,6301,19166,19252,136
644,33.322,6757,6289,21535,19480,468
645,33.374,6821,6276,20166,19390,545
646,33.425,6419,6161,19451,19066,258
647,33.477,6116,6319,18956,19078,-203
648,33.529,5690,6210,20338,18995,-520
649,33.581,6306,6252,19100,19420,54
650,33.632,7191,6295,19404,19312,896
651,33.684,6557,6404,20203,19096,153
652,33.736,6412,6556,18811,19180,-144
653,33.788,6060,6197,19307,19210,-137
654,33.839,6063,6203,20255,19324,-140
655,33.891,6500,6283,18765,19312,217
656,33.943,6950,6301,20144,19312,649
657,33.994,5900,6246,18802,19486,-346
658,34.046,6471,6197,19463,19522,274
659,34.098,6479,6380,19144,19330,99
660,34.15,5836,6283,18292,19300,-447
661,34.201,6502,6501,19935,19594,1
662,34.253,6743,6173,18885,19432,570
663,34.305,6632,6155,19371,19366,477
664,34.357,6268,6258,18682,19312,10
665,34.408,7049,6386,19741,19606,663
666,34.46,6659,6173,20776,19528,486
667,34.512,6684,6325,19042,19222,359
668,34.564,6352,6435,18338,19354,-83
669,34.615,6309,6246,20022,19420,63
670,34.667,6302,6185,19720,19306,117
671,34.719,6424,6124,18582,19480,300
672,34.771,6591,6228,18651,19019,363
673,34.822,6171,6331,18933,19150,-160
674,34.874,5936,6319,19773,19468,-383
675,34.926,6488,6319,19714,18917,169
676,34.978,6372,6283,19763,18995,89
677,35.029,5928,6130,20069,19228,-202
678,35.081,6066,6398,18852,19426,-332
679,35.133,6147,6173,19943,19222,-26
680,35.185,6806,6167,18195,19186,639
681,35.236,6088,6143,18809,18935,-55
682,35.288,6203,6246,19383,19402,-43
683,35.34,6050,6301,17840,19198,-251
684,35.392,6361,6112,19545,19330,249
685,35.443,6160,6483,20202,18923,-323
686,35.495,6232,6392,20510,19228,-160
687,35.547,6571,6179,19677,19210,392
688,35.598,6326,6137,18777,19378,189
689,35.65,5851,6258,20008,19264,-407
690,35.702,6119,6276,17973,19312,-157
691,35.754,6158,6094,19370,19210,64
692,35.805,5852,6143,19061,19276,-291
693,35.857,6088,6404,20346,19288,-316
694,35.909,6453,6179,19206,19354,274
695,35.961,5706,6495,19258,19378,-789
696,36.012,6170,6331,20424,19138,-161
697,36.064,5846,6337,19570,19228,-491
698,36.116,6150,6331,19353,19366,-181
699,36.168,6539,6337,20582,19102,202
700,36.219,5836,6374,17645,19234,-538
701,36.271,6646,6337,19730,19348,309
702,36.323,6129,6374,19192,19294,-245
703,36.375,5655,6501,18861,19594,-846
704,36.426,6219,6295,19125,19564,-76
705,36.478,6196,6307,19437,19726,-111
706,36.53,6231,6471,19571,19546,-240
707,36.582,6591,6368,20236,19558,223
708,36.633,6347,6398,19815,19306,-51
709,36.685,6549,6289,19342,19432,260
710,36.737,6359,6337,18709,19300,22
711,36.789,6123,6398,19422,19043,-275
712,36.84,6371,6252,19566,19246,119
713,36.892,5986,6270,18696,19792,-284
714,36.944,6312,6319,20004,19426,-7
715,36.996,6839,6343,18910,19120,496
716,37.047,6142,6392,19483,19420,-250
717,37.099,6956,6459,20045,19420,497
718,37.151,6640,6362,19394,19414,278
719,37.202,6792,6343,19588,19330,449
720,37.254,6320,6331,18644,19768,-11
721,37.306,6360,6210,19245,19168,150
722,37.358,6774,6392,18996,19330,382
723,37.409,6186,6386,19321,19468,-200
724,37.461,6033,6349,18882,19348,-316
725,37.513,6353,6392,20061,19204,-39
726,37.565,6245,6356,20100,19522,-111
727,37.616,6089,6495,19555,19480,-406
728,37.668,6138,6428,18291,19636,-290
729,37.72,6516,6471,20339,19186,45
730,37.772,6411,6319,18547,18887,92
731,37.823,6157,6307,19396,19432,-150
732,37.875,6555,6343,19407,19228,212
733,37.927,6184,6404,20090,19150,-220
734,37.979,6104,6404,20046,19408,-300
735,38.03,6157,6276,19596,19402,-119
736,38.082,6633,6210,18914,19294,423
737,38.134,6003,6453,19878,19312,-450
738,38.186,6123,6477,18994,19264,-354
739,38.237,6376,6356,18935,19300,20
740,38.289,6571,6410,20242,19162,161
741,38.341,6073,6465,19700,19714,-392
742,38.393,6606,6520,18939,19618,86
743,38.444,6086,6374,18810,19354,-288
744,38.496,6631,6313,20197,19768,318
745,38.548,6181,6398,19630,19390,-217
746,38.6,6386,6404,18567,19186,-18
747,38.651,6090,6398,18961,18941,-308
748,38.703,6059,6276,18875,19396,-217
749,38.755,6909,6356,19616,19690,553
750,38.806,6465,6435,19308,19108,30
751,38.858,6893,6641,18761,19258,252
752,38.91,6650,6581,19946,19456,69
753,38.962,6842,6514,20730,19180,328
754,39.013,6108,6538,18734,19180,-430
755,39.065,6235,6453,19253,18983,-218
756,39.117,6224,6568,18254,19240,-344
757,39.169,5749,6459,20084,19396,-710
758,39.22,7031,6581,19460,19456,450
759,39.272,5944,6349,19212,19144,-405
760,39.324,6303,6331,19402,19462,-28
761,39.376,6982,6380,18493,19654,602
762,39.427,6208,6556,20090,19318,-348
763,39.479,6295,6185,19169,19432,110
764,39.531,6547,6404,19671,19282,143
765,39.583,6856,6435,19474,19456,421
766,39.634,6140,6495,18462,19360,-355
767,39.686,6124,6362,18738,19534,-238
768,39.738,6069,6453,18312,19516,-384
769,39.79,6842,6295,19735,19198,547
770,39.841,6308,6240,19891,19282,68
771,39.893,6397,6264,19083,19252,133
772,39.945,6629,6191,19380,19234,438
773,39.997,6699,6295,20125,19162,404
774,40.048,6428,6356,19377,19354,72
775,40.1,6306,6283,19424,19234,23
776,40.152,6633,6222,20388,19552,411
777,40.204,6728,6210,18425,19378,518
778,40.255,6591,6252,19169,19162,339
779,40.307,6487,6325,18350,19174,162
780,40.359,5981,6149,19744,18869,-168
781,40.41,6178,6325,19565,19204,-147
782,40.462,6192,6258,18457,19234,-66
783,40.514,6014,6222,19366,19612,-208
784,40.566,6397,6477,18398,19276,-80
785,40.617,6318,6459,18914,19324,-141
786,40.669,6708,6295,19309,19312,413
787,40.721,6589,6313,19237,19324,276
788,40.773,6264,6319,20051,19228,-55
789,40.824,6740,6453,19658,19264,287
790,40.876,6016,6258,18465,19216,-242
791,40.928,6493,6343,19683,19444,150
792,40.98,6770,6313,20444,19576,457
793,41.031,6473,6283,18836,19372,190
794,41.083,6661,6441,18767,19564,220
795,41.135,6292,6246,19858,19108,46
796,41.187,6569,6374,19673,19318,195
797,41.238,6190,6252,19263,19192,-62
798,41.29,6621,6210,19042,19360,411
799,41.342,5801,6331,18423,19366,-530
800,41.394,6265,6130,18202,19264,135
801,41.445,6502,6264,19131,19402,238
802,41.497,6511,6313,18911,19588,198
803,41.549,6084,6495,19903,19264,-411
804,41.601,6602,6143,19105,19276,459
805,41.652,6509,6276,21516,19066,233
806,41.704,6147,6380,18937,19192,-233
807,41.756,6034,6337,19559,19234,-303
808,41.808,5915,6276,19893,19108,-361
809,41.859,6523,6368,18368,19246,155
810,41.911,6355,6234,18709,18917,121
811,41.963,6546,6100,19528,19354,446
812,42.015,5828,6240,19525,19108,-412
813,42.066,6366,6264,19675,19450,102
814,42.118,6028,6270,19100,19049,-242
815,42.17,6006,6374,18272,19132,-368
816,42.221,6122,6416,19108,19336,-294
817,42.273,6491,6258,19121,19492,233
818,42.325,6281,6191,18363,19258,90
819,42.377,6635,6398,18522,19336,237
820,42.428,6445,6307,18153,19001,138
821,42.48,6399,6106,18048,19306,293
822,42.532,6087,6319,19828,19534,-232
823,42.584,6520,6331,20043,19390,189
824,42.635,6581,6228,19518,19264,353
825,42.687,5981,6368,18317,19330,-387
826,42.739,6509,6179,19313,19138,330
827,42.791,6658,6270,19863,19510,388
828,42.842,6777,6270,18554,19055,507
829,42.894,6364,6130,19618,19258,234
830,42.946,6689,6264,19272,19390,425
831,42.998,6487,6240,19515,19516,247
832,43.049,5995,6283,19227,19426,-288
833,43.101,6698,6295,19174,19504,403
834,43.153,6254,6276,20371,19486,-22
835,43.205,6462,6228,19079,19504,234
836,43.256,7201,6313,19515,19384,888
837,43.308,6227,6331,20165,19007,-104
838,43.36,5885,6441,20384,19348,-556
839,43.412,6229,6252,19730,19390,-23
840,43.463,6689,6313,19777,19102,376
841,43.515,6698,6258,20537,19061,440
842,43.567,6668,6155,18025,19198,513
843,43.619,6472,6319,18558,19264,153
844,43.67,6326,6191,18721,19037,135
845,43.722,5820,6228,20126,19240,-408
846,43.774,6796,6301,19152,19013,495
847,43.825,6693,6234,18914,19234,459
848,43.877,6278,6185,18293,19168,93
849,43.929,6154,6197,18831,19378,-43
850,43.981,6523,6410,19561,19564,113
851,44.032,6541,6307,19352,19312,234
852,44.084,6688,6270,18737,19264,418
853,44.136,6572,6331,18099,19001,241
854,44.188,5747,6283,19371,19264,-536
855,44.239,6403,6210,19001,19084,193
856,44.291,5957,6362,19923,19534,-405
857,44.343,6044,6234,20692,19546,-190
858,44.395,6313,6234,19386,19342,79
859,44.446,6363,6356,19257,19168,7
860,44.498,5984,6203,20468,19276,-219
861,44.55,6416,6368,20096,19450,48
862,44.602,6753,6295,19762,19174,458
863,44.653,6403,6410,18023,19426,-7
864,44.705,5998,6258,19944,19510,-260
865,44.757,6715,6167,19685,19402,548
866,44.809,6382,6167,19162,18833,215
867,44.86,6231,6137,19154,19546,94
868,44.912,6112,6435,19326,19150,-323
869,44.964,6188,6264,20536,19480,-76
870,45.016,6801,6276,19651,19426,525
871,45.067,6613,6441,18986,19282,172
872,45.119,6479,6216,20082,19504,263
873,45.171,6372,6203,19102,19258,169
874,45.223,6865,6210,18788,19534,655
875,45.274,6283,6410,18874,19582,-127
876,45.326,6440,6471,19555,19126,-31
877,45.378,6582,6252,20124,19348,330
878,45.429,6538,6222,19471,19552,316
879,45.481,6537,6270,20570,19288,267
880,45.533,6384,6319,18711,19037,65
881,45.585,5804,6410,19497,19240,-606
882,45.636,6656,6179,19799,19348,477
883,45.688,6173,6319,19290,19390,-146
884,45.74,6678,6270,19991,19414,408
885,45.792,6899,6526,19760,19528,373
886,45.843,6086,6325,18982,19294,-239
887,45.895,6519,6179,17434,19270,340
888,45.947,7239,6319,19130,19150,920
889,45.999,6416,6258,19225,19384,158
890,46.05,6268,6258,20415,19180,10
891,46.102,6646,6349,20342,19186,297
892,46.154,6871,6179,20078,19258,692
893,46.206,6397,6258,19395,19330,139
894,46.257,5676,6130,20542,19234,-454
895,46.309,6904,6197,19889,19450,707
896,46.361,6070,6356,19369,19120,-286
897,46.413,6638,6289,19302,19438,349
898,46.464,6486,6240,19204,19043,246
899,46.516,6702,6246,19257,19354,456
900,46.568,6578,6295,20766,19156,283
901,46.62,6416,6404,19085,19162,12
902,46.671,5923,6313,17101,19186,-390
903,46.723,6130,6185,18598,19162,-55
904,46.775,6099,6143,18253,19174,-44
905,46.827,6603,6435,19618,19462,168
906,46.878,6816,6325,20708,18977,491
907,46.93,5984,6349,20393,19306,-365
908,46.982,6903,6246,19197,19402,657
909,47.033,6731,6514,19476,19168,217
910,47.085,6543,6252,18878,18953,291
911,47.137,5847,6325,19324,19606,-478
912,47.189,6223,6514,19106,19108,-291
913,47.24,6340,6173,19192,19408,167
914,47.292,6106,6191,19468,19216,-85
915,47.344,6649,6301,17967,19588,348
916,47.396,5977,6410,19670,19192,-433
917,47.447,6395,6173,19554,19426,222
918,47.499,6364,6301,18660,19282,63
919,47.551,6246,6210,19108,19516,36
920,47.603,6245,6264,19292,19186,-19
921,47.654,6600,6362,19924,19228,238
922,47.706,6153,6009,19257,19738,144
923,47.758,6584,6124,18194,19408,460
924,47.81,6881,6234,19374,19372,647
925,47.861,6537,6428,20183,19576,109
926,47.913,6390,6149,18251,19066,241
927,47.965,6659,6289,20027,19264,370
928,48.017,6604,6258,19306,19456,346
929,48.068,5962,6240,19959,19138,-278
930,48.12,6293,6185,18674,19414,108
931,48.172,6200,6167,19696,19276,33
932,48.224,5727,6337,17657,19390,-610
933,48.275,6254,6349,19123,19384,-95
934,48.327,6028,6270,18659,19354,-242
935,48.379,5937,6228,18452,19468,-291
936,48.431,5688,6222,18852,19390,-534
937,48.482,6025,6380,19469,19462,-355
938,48.534,6473,6179,19472,19354,294
939,48.586,6419,6319,19254,19372,100
940,48.637,6544,6258,20300,19372,286
941,48.689,5817,6441,19596,19444,-624
942,48.741,6227,6228,19821,19468,-1
943,48.793,6006,6216,20182,19276,-210
944,48.844,6170,6337,19037,19168,-167
945,48.896,5898,6319,19380,19600,-421
946,48.948,6955,6422,20174,19258,533
947,49.0,6398,6191,19324,19534,207
948,49.051,5999,6325,18703,19456,-326
949,49.103,6639,6386,20213,19726,253
950,49.155,6095,6252,19736,19408,-157
951,49.207,6804,6203,20250,19786,601
952,49.258,6339,6331,21272,19348,8
953,49.31,6412,6167,18417,19600,245
954,49.362,6240,6313,18909,19348,-73
955,49.414,6176,6246,18844,19438,-70
956,49.465,6309,6276,19092,19534,33
957,49.517,6136,6118,18532,19594,18
958,49.569,6585,6191,19730,19366,394
959,49.621,6888,6191,18758,19324,697
960,49.672,6008,6319,18309,19594,-311
961,49.724,6526,6270,19330,19228,256
962,49.776,5845,6276,19870,19696,-431
963,49.828,6872,6039,19344,19282,833
964,49.879,5939,6057,18760,19624,-118
965,49.931,6892,6106,20688,19300,786
966,49.983,6451,6441,19111,19456,10
967,50.035,5956,6216,19309,19066,-260
968,50.086,6219,6076,18532,19612,143
969,50.138,5984,6130,19805,19258,-146
970,50.19,5842,6331,19241,19342,-489
971,50.241,6262,6264,19136,19078,-2
972,50.293,5948,6252,19088,19174,-304
973,50.345,6630,6252,19739,19732,378
974,50.397,6544,6228,18697,19630,316
975,50.448,6497,6234,19282,18959,263
976,50.5,5855,6246,18912,19138,-391
977,50.552,5888,6240,20502,19043,-352
978,50.604,6412,6343,20382,19498,69
979,50.655,6642,6240,18408,19498,402
980,50.707,6624,6343,19274,19546,281
981,50.759,6461,6210,19599,19522,251
982,50.811,6326,6252,18998,19492,74
983,50.862,6444,6222,19768,19330,222
984,50.914,5987,6331,19530,19450,-344
985,50.966,5865,6283,19544,19588,-418
986,51.018,6278,6240,19590,19690,38
987,51.069,6797,6313,17820,19186,484
988,51.121,5982,6276,19339,19162,-294
989,51.173,6500,6483,18374,19294,17
990,51.225,6084,6337,19605,19216,-253
991,51.276,5828,6137,19482,19066,-309
992,51.328,7204,6331,19150,18797,873
993,51.38,6536,6210,19617,19354,326
994,51.432,6653,6216,18731,19420,437
995,51.483,5927,6179,20866,19216,-252
996,51.535,5993,6276,20242,19582,-283
997,51.587,6200,6155,19044,19690,45
998,51.639,6780,6295,19612,18965,485
999,51.69,6064,6295,17801,19600,-231
