frame,Time [s],CH1,BGND1,CH2,BGND2,intensity
0,0.0,6257,6859,19560,19750,-602
1,0.052,7413,6913,19261,19543,500
2,0.103,6972,6919,18617,20066,53
3,0.155,7539,6697,19439,19671,842
4,0.207,7059,6763,19022,19914,296
5,0.259,6989,6913,19641,19908,76
6,0.31,7095,7075,18875,20017,20
7,0.362,7158,7027,20355,19738,131
8,0.414,7204,6955,18688,19592,249
9,0.466,7045,7177,19850,19902,-132
10,0.517,7245,7027,18780,19653,218
11,0.569,6648,6817,18495,19750,-169
12,0.621,6819,6853,19225,19695,-34
13,0.673,6459,6697,19299,20036,-238
14,0.724,7204,7069,20012,20206,135
15,0.776,7156,7009,18595,19944,147
16,0.828,6851,7135,19268,19719,-284
17,0.88,6995,6961,19524,19950,34
18,0.931,6431,6877,19302,19519,-446
19,0.983,6869,6775,18324,19896,94
20,1.035,6985,6841,18800,19884,144
21,1.087,7298,6931,18473,19689,367
22,1.138,6535,7057,18988,20005,-522
23,1.19,6802,6895,19155,19726,-93
24,1.242,6505,6961,20335,19884,-456
25,1.294,6457,6991,20058,19701,-534
26,1.345,8167,6697,18791,19744,1470
27,1.397,6766,6841,19846,19689,-75
28,1.449,7461,7021,18438,20072,440
29,1.501,7046,6979,18604,19713,67
30,1.552,7052,6847,18571,19805,205
31,1.604,6815,6907,18892,20029,-92
32,1.656,7357,6691,19016,19987,666
33,1.707,7703,6925,17918,19908,778
34,1.759,7753,6853,19394,19798,900
35,1.811,7454,6913,19832,19622,541
36,1.863,7100,6787,17885,19580,313
37,1.914,7445,7003,19023,19823,442
38,1.966,7093,6769,18639,19890,324
39,2.018,7270,6853,20122,19841,417
40,2.07,7073,6823,19243,19488,250
41,2.121,7267,6919,18606,19428,348
42,2.173,6390,6955,19500,19695,-565
43,2.225,7490,6865,18784,19640,625
44,2.277,7382,6721,18864,19932,661
45,2.328,6898,6913,19897,19957,-15
46,2.38,7680,6907,20287,19884,773
47,2.432,7103,6697,18281,19640,406
48,2.484,6293,6805,19178,19981,-512
49,2.535,6857,6793,18055,19707,64
50,2.587,7338,6985,19699,19878,353
51,2.639,6929,7063,19194,19665,-134
52,2.691,6551,6997,19244,19993,-446
53,2.742,7706,6781,19513,19768,925
54,2.794,7092,6955,19349,19336,137
55,2.846,6887,6931,19529,20084,-44
56,2.898,6814,7135,19838,19580,-321
57,2.949,6786,6697,18962,19902,89
58,3.001,7225,6793,18349,19969,432
59,3.053,7107,6889,20516,19349,218
60,3.105,6734,7003,19075,19707,-269
61,3.156,7010,6907,19972,19647,103
62,3.208,6951,6823,20140,19719,128
63,3.26,6759,6829,19702,19507,-70
64,3.311,7165,6901,18708,20023,264
65,3.363,7021,6661,20727,19647,360
66,3.415,7184,6793,18994,19932,391
67,3.467,6789,6835,19203,19707,-46
68,3.518,6976,6955,19417,19847,21
69,3.57,7544,6931,19777,19993,613
70,3.622,7104,6913,18168,19598,191
71,3.674,7504,6817,18886,19738,687
72,3.725,7179,7015,19265,19701,164
73,3.777,7145,6949,20839,19896,196
74,3.829,7365,6853,18770,19780,512
75,3.881,7278,6817,19609,19719,461
76,3.932,7551,7021,18807,19938,530
77,3.984,8472,7027,19266,19726,1445
78,4.036,7334,6931,18990,20005,403
79,4.088,7097,6913,21394,19525,184
80,4.139,7153,6835,18918,19756,318
81,4.191,7004,6889,19733,19926,115
82,4.243,7101,6925,18931,19458,176
83,4.295,6913,6835,19563,19647,78
84,4.346,6739,6763,19659,19416,-24
85,4.398,7243,6991,18640,19683,252
86,4.45,6809,6835,20313,20467,-26
87,4.502,6682,6769,19484,19975,-87
88,4.553,6812,6859,18782,19586,-47
89,4.605,6566,6793,19185,19908,-227
90,4.657,7052,6799,20503,19726,253
91,4.709,6870,6739,18625,19701,131
92,4.76,7097,6829,19886,19938,268
93,4.812,7548,6889,19927,19622,659
94,4.864,7242,6817,18740,19403,425
95,4.915,6743,7021,19923,19920,-278
96,4.967,6981,6901,21363,19944,80
97,5.019,6750,6883,19618,19671,-133
98,5.071,7141,6751,19211,19841,390
99,5.122,6259,6805,19469,19665,-546
100,5.174,6878,6811,19207,19683,67
101,5.226,6822,6769,18810,19677,53
102,5.278,7269,6841,19060,19634,428
103,5.329,6271,6877,19464,19744,-606
104,5.381,6714,6997,19305,19616,-283
105,5.433,7535,6751,19673,19610,784
106,5.485,7177,6751,19399,19616,426
107,5.536,6867,6739,19119,20023,128
108,5.588,7120,6937,18994,19957,183
109,5.64,6417,6973,19246,19847,-556
110,5.692,6684,6823,19176,19732,-139
111,5.743,6545,6931,19773,19878,-386
112,5.795,6498,6727,18832,20005,-229
113,5.847,6148,6895,18854,19422,-747
114,5.899,6859,6715,19494,20188,144
115,5.95,6939,6937,18305,19446,2
116,6.002,6827,6931,19707,19634,-104
117,6.054,6522,6913,18062,19391,-391
118,6.106,7526,6955,18811,19762,571
119,6.157,7230,6596,19396,19671,634
120,6.209,6723,6679,18982,19713,44
121,6.261,6775,6787,19769,19896,-12
122,6.313,6463,6907,19934,19817,-444
123,6.364,6391,6721,19827,19774,-330
124,6.416,6697,7015,18554,19592,-318
125,6.468,7205,6733,18675,20005,472
126,6.519,6448,6841,19478,19373,-393
127,6.571,7182,6853,19321,19732,329
128,6.623,6640,6709,18748,19701,-69
129,6.675,6719,6811,19138,19622,-92
130,6.726,6379,6655,19297,19835,-276
131,6.778,6629,6793,18258,19476,-164
132,6.83,6712,6691,19320,19896,21
133,6.882,7007,6865,18521,19470,142
134,6.933,7169,6823,20476,19744,346
135,6.985,6484,6781,19211,19981,-297
136,7.037,6364,6841,18599,19628,-477
137,7.089,7348,6769,19806,19750,579
138,7.14,6123,6697,18414,19671,-574
139,7.192,6626,6590,18839,19865,36
140,7.244,6439,6997,20203,19786,-558
141,7.296,6676,6799,18061,19902,-123
142,7.347,6701,6745,19636,19756,-44
143,7.399,6693,6961,19612,19884,-268
144,7.451,6732,6691,19351,19829,41
145,7.503,6742,6997,18720,20133,-255
146,7.554,6789,6584,18277,19707,205
147,7.606,6834,6739,18944,19993,95
148,7.658,6332,7057,20009,19926,-725
149,7.71,6535,6727,18216,20108,-192
150,7.761,6656,6727,21098,19689,-71
151,7.813,6799,6865,19709,19567,-66
152,7.865,7589,6907,18805,19726,682
153,7.917,7588,6775,18304,19628,813
154,7.968,7392,7003,19384,19762,389
155,8.02,7069,6817,19426,19938,252
156,8.072,6672,6727,20462,19890,-55
157,8.123,6848,6793,18859,19379,55
158,8.175,7254,7033,18570,19987,221
159,8.227,6603,7135,19519,19792,-532
160,8.279,7587,7063,19139,19890,524
161,8.33,6827,6937,18817,20084,-110
162,8.382,6420,6895,19741,19823,-475
163,8.434,5823,6733,18836,19884,-910
164,8.486,6711,6739,18451,19713,-28
165,8.537,7315,6715,19397,20127,600
166,8.589,6836,6925,19170,19683,-89
167,8.641,6945,6757,20632,19865,188
168,8.693,6726,6877,20090,19798,-151
169,8.744,6968,6757,19023,19878,211
170,8.796,6837,6829,19684,19671,8
171,8.848,6448,6679,19038,19756,-231
172,8.9,6272,6829,19864,19878,-557
173,8.951,6671,6907,20553,19938,-236
174,9.003,6328,6817,19912,20248,-489
175,9.055,6974,6769,19643,20169,205
176,9.107,6893,6883,18961,19957,10
177,9.158,6675,6901,19718,19713,-226
178,9.21,6872,6703,19196,19884,169
179,9.262,6758,6745,18938,19975,13
180,9.314,6674,6925,21321,20005,-251
181,9.365,6268,6769,19950,19987,-501
182,9.417,6823,6631,20270,19823,192
183,9.469,6645,6853,19938,19878,-208
184,9.521,6629,6769,19146,19744,-140
185,9.572,6232,6685,19059,19622,-453
186,9.624,6442,6817,19197,20333,-375
187,9.676,7304,6793,19466,19653,511
188,9.727,6969,6817,20533,19884,152
189,9.779,6252,6727,19908,19847,-475
190,9.831,6960,6631,18936,19610,329
191,9.883,6723,6973,18440,19884,-250
192,9.934,6846,6739,19469,20175,107
193,9.986,6471,6775,19504,19950,-304
194,10.038,6876,6697,19769,20029,179
195,10.09,6495,6530,18605,20036,-35
196,10.141,6429,6829,18900,19659,-400
197,10.193,7187,6781,19896,19896,406
198,10.245,7170,6889,19303,19859,281
199,10.297,6885,6626,18237,19896,259
200,10.348,6893,6685,20607,20017,208
201,10.4,6612,6871,19813,19841,-259
202,10.452,6732,6829,19117,19707,-97
203,10.504,6662,6739,19067,19653,-77
204,10.555,7181,6673,19790,19823,508
205,10.607,6905,6853,19084,19902,52
206,10.659,7114,6907,20841,19774,207
207,10.711,6850,6907,19420,19768,-57
208,10.762,6402,6979,18784,20036,-577
209,10.814,7200,6703,20259,20285,497
210,10.866,6987,6985,20079,19665,2
211,10.918,6733,6871,18355,19689,-138
212,10.969,6655,6697,20044,19689,-42
213,11.021,6396,6721,19809,19647,-325
214,11.073,6698,6673,17631,20127,25
215,11.125,6477,6931,19625,19884,-454
216,11.176,6436,6871,20574,19999,-435
217,11.228,6524,6823,18747,20042,-299
218,11.28,6730,6829,19989,20096,-99
219,11.331,6484,6721,18867,19932,-237
220,11.383,6463,7021,18812,19865,-558
221,11.435,6336,6739,19386,19792,-403
222,11.487,6894,6937,18729,19859,-43
223,11.538,6785,6961,19507,20108,-176
224,11.59,7000,7003,18734,19926,-3
225,11.642,6829,6967,18657,19732,-138
226,11.694,7145,6889,19072,19719,256
227,11.745,5881,6937,19560,19981,-1056
228,11.797,6601,6841,19541,19847,-240
229,11.849,6914,6937,17678,19750,-23
230,11.901,6856,6997,19752,20054,-141
231,11.952,7017,6919,18665,19634,98
232,12.004,7111,6943,17902,19823,168
233,12.056,6157,6745,19386,19878,-588
234,12.108,6576,6655,20234,19659,-79
235,12.159,6036,6751,20116,19969,-715
236,12.211,7207,6859,18811,20127,348
237,12.263,6718,6889,20080,19726,-171
238,12.315,6423,6901,20052,19647,-478
239,12.366,6911,6691,18376,20005,220
240,12.418,6549,6727,19173,19440,-178
241,12.47,6451,6865,19947,19647,-414
242,12.522,6703,6781,19830,19798,-78
243,12.573,5919,6811,18683,19567,-892
244,12.625,6620,7021,19908,19969,-401
245,12.677,6671,6811,18233,19555,-140
246,12.729,7402,6841,19799,20327,561
247,12.78,7482,6967,20457,20102,515
248,12.832,6638,6805,18253,20273,-167
249,12.884,6423,6883,20359,20060,-460
250,12.935,7089,6751,19484,19853,338
251,12.987,6492,6907,19362,20023,-415
252,13.039,6849,6703,18568,20005,146
253,13.091,7685,7021,20423,19908,664
254,13.142,7642,6853,19477,20078,789
255,13.194,7185,6811,18456,20121,374
256,13.246,7562,6895,20637,19932,667
257,13.298,7320,6913,20801,20084,407
258,13.349,6170,6823,19145,19792,-653
259,13.401,6582,6805,20948,19738,-223
260,13.453,6535,6673,19107,19829,-138
261,13.505,6068,6661,19430,19689,-593
262,13.556,6326,6757,19727,19750,-431
263,13.608,6095,6733,19826,19659,-638
264,13.66,6385,6709,18265,19628,-324
265,13.712,6439,6733,19953,20108,-294
266,13.763,7055,6709,19930,19902,346
267,13.815,6214,6817,18985,19786,-603
268,13.867,6675,7021,20085,19434,-346
269,13.919,6836,6787,19871,19950,49
270,13.97,6530,6847,19403,19884,-317
271,14.022,6316,6877,19992,19914,-561
272,14.074,6779,7123,18714,19865,-344
273,14.126,6659,6997,19498,19920,-338
274,14.177,6611,6985,19263,20029,-374
275,14.229,7115,6883,19903,19744,232
276,14.281,7879,6949,19178,20060,930
277,14.333,6461,6697,19554,19908,-236
278,14.384,6531,6775,19067,20108,-244
279,14.436,6314,6859,19548,19932,-545
280,14.488,6911,6841,19937,19914,70
281,14.54,6575,6751,19227,20127,-176
282,14.591,6237,6823,18400,20072,-586
283,14.643,6490,6865,19071,19993,-375
284,14.695,6912,6847,19121,20163,65
285,14.746,7032,6829,19441,19762,203
286,14.798,6436,6811,19568,19896,-375
287,14.85,6900,6961,18302,19932,-61
288,14.902,7649,6919,20057,20175,730
289,14.953,8575,6817,19194,19993,1758
290,15.005,8211,6811,19384,20090,1400
291,15.057,8778,6829,20360,20206,1949
292,15.109,10319,6799,19767,19981,3520
293,15.16,9665,6871,19305,20181,2794
294,15.212,6814,6727,19303,19805,87
295,15.264,6634,6811,20444,19707,-177
296,15.316,6329,6835,19509,19932,-506
297,15.367,6948,6847,19980,19719,101
298,15.419,6855,6877,19695,19744,-22
299,15.471,6917,6643,20610,19762,274
300,15.523,6813,6979,20165,19902,-166
301,15.574,6331,6673,20041,20072,-342
302,15.626,6862,6889,20002,19944,-27
303,15.678,7088,6841,19430,19920,247
304,15.73,6303,6775,21150,19950,-472
305,15.781,6559,6715,20413,20175,-156
306,15.833,6725,6715,17874,19914,10
307,15.885,6788,6865,19679,19920,-77
308,15.937,6816,6709,18901,20285,107
309,15.988,6645,6512,18980,20090,133
310,16.04,6734,6733,19788,19780,1
311,16.092,7183,6919,20575,19878,264
312,16.144,6879,6913,18805,19950,-34
313,16.195,6251,7009,19367,19622,-758
314,16.247,6494,6817,20521,20011,-323
315,16.299,7408,6931,20217,20236,477
316,16.35,7583,6823,19287,19944,760
317,16.402,6699,6979,18835,19805,-280
318,16.454,6520,6835,20257,19884,-315
319,16.506,6350,6769,19970,19847,-419
320,16.557,6095,6727,18638,19944,-632
321,16.609,6404,6679,19818,19963,-275
322,16.661,7051,6895,20643,20048,156
323,16.713,6512,6739,18505,20242,-227
324,16.764,6650,6865,19790,19634,-215
325,16.816,7355,6703,20101,20151,652
326,16.868,7036,6727,17863,20139,309
327,16.92,6827,6727,19620,20102,100
328,16.971,6481,6763,20304,19634,-282
329,17.023,6560,6871,19944,20151,-311
330,17.075,7473,6877,18597,19920,596
331,17.127,6647,6973,20102,19950,-326
332,17.178,5875,6733,19832,20224,-858
333,17.23,6678,6781,21077,20017,-103
334,17.282,6792,6655,19883,20078,137
335,17.334,6524,6823,20411,19890,-299
336,17.385,6543,6751,19349,20054,-208
337,17.437,6797,6769,20046,19835,28
338,17.489,7086,6787,21924,19878,299
339,17.541,6470,6661,20037,19744,-191
340,17.592,6661,6554,21292,20096,107
341,17.644,6601,6781,20217,19811,-180
342,17.696,6926,6787,18416,19914,139
343,17.748,6797,6637,19665,19647,160
344,17.799,6983,6769,19285,20297,214
345,17.851,6998,6769,19952,19859,229
346,17.903,7060,6865,20259,19823,195
347,17.954,7275,6685,18842,20510,590
348,18.006,6113,7015,21217,19786,-902
349,18.058,6331,6793,19690,20048,-462
350,18.11,6511,6739,20265,20048,-228
351,18.161,6754,6757,18537,20248,-3
352,18.213,7422,7051,19316,19738,371
353,18.265,7275,6997,19627,20151,278
354,18.317,7497,6979,19450,19701,518
355,18.368,6883,6955,19854,19780,-72
356,18.42,6921,6997,18833,19847,-76
357,18.472,6885,6853,19385,20084,32
358,18.524,7483,6925,19382,20048,558
359,18.575,6874,6865,19191,20188,9
360,18.627,6921,6961,19878,20133,-40
361,18.679,7322,6985,19189,19902,337
362,18.731,7159,7027,20172,20054,132
363,18.782,6642,6841,19940,19987,-199
364,18.834,7544,6889,19495,19792,655
365,18.886,7170,6787,18969,19969,383
366,18.938,7083,6709,18813,19890,374
367,18.989,6299,6823,20241,20206,-524
368,19.041,6898,6679,19804,20200,219
369,19.093,7166,6691,20092,20169,475
370,19.145,6161,6805,18901,20297,-644
371,19.196,6395,6967,19260,20121,-572
372,19.248,6435,6895,19860,20163,-460
373,19.3,7543,6781,19121,20248,762
374,19.352,6623,6925,19674,19993,-302
375,19.403,6470,6937,19572,20449,-467
376,19.455,6629,7183,20421,20102,-554
377,19.507,7181,7087,18946,20108,94
378,19.558,7695,7039,18710,20023,656
379,19.61,7130,6919,18715,19981,211
380,19.662,6952,7135,18785,20157,-183
381,19.714,7208,6853,20729,19914,355
382,19.765,6732,6889,20199,19665,-157
383,19.817,6722,6823,19887,20090,-101
384,19.869,6450,6805,19231,19841,-355
385,19.921,7093,6925,19133,19932,168
386,19.972,6731,6961,19322,19811,-230
387,20.024,6472,6841,20339,19786,-369
388,20.076,6935,7045,19859,20218,-110
389,20.128,6541,6763,19632,20048,-222
390,20.179,7044,6865,19085,20066,179
391,20.231,7334,6889,20162,20060,445
392,20.283,6636,6703,19955,19920,-67
393,20.335,6995,6907,19388,20108,88
394,20.386,6242,7027,19817,20279,-785
395,20.438,6860,6835,19532,19957,25
396,20.49,6699,6889,18848,20449,-190
397,20.542,6339,7051,19712,20163,-712
398,20.593,7472,6883,19621,20188,589
399,20.645,6509,7009,20766,20169,-500
400,20.697,7512,6883,19795,20175,629
401,20.749,6418,6877,20282,19701,-459
402,20.8,6478,6685,20176,20011,-207
403,20.852,7170,7009,20380,20066,161
404,20.904,7337,7015,20151,20236,322
405,20.956,7305,7045,20172,19865,260
406,21.007,6889,6925,18253,19969,-36
407,21.059,6595,6763,19917,19926,-168
408,21.111,6887,6673,19392,20054,214
409,21.162,6958,6805,20880,19823,153
410,21.214,6719,6829,19299,20096,-110
411,21.266,7467,6949,20512,20042,518
412,21.318,6732,6775,18560,19908,-43
413,21.369,6636,6865,19615,20072,-229
414,21.421,6492,6865,20644,20218,-373
415,21.473,7040,6769,19801,19993,271
416,21.525,6652,6667,19625,19622,-15
417,21.576,7192,6877,19354,19999,315
418,21.628,6894,6991,18914,20102,-97
419,21.68,6378,6859,19731,20358,-481
420,21.732,6890,6955,21332,20200,-65
421,21.783,6558,6919,20200,20048,-361
422,21.835,6431,6889,19705,20121,-458
423,21.887,6956,6835,19987,20163,121
424,21.939,6661,6793,19047,19938,-132
425,21.99,6450,6943,19722,20084,-493
426,22.042,6678,6727,20024,20175,-49
427,22.094,6216,6895,19517,19950,-679
428,22.146,6317,6823,17764,20145,-506
429,22.197,6196,6835,19655,19981,-639
430,22.249,6572,6853,19628,19993,-281
431,22.301,6539,6715,18972,20102,-176
432,22.353,6634,6799,19470,19944,-165
433,22.404,6642,6805,20212,20090,-163
434,22.456,7089,6853,19869,19695,236
435,22.508,6007,6787,20040,20279,-780
436,22.56,6487,6865,19949,19944,-378
437,22.611,6911,6709,18610,20273,202
438,22.663,6612,6745,18990,20370,-133
439,22.715,6859,6847,19791,20279,12
440,22.766,7201,6745,18802,19701,456
441,22.818,6601,6829,21426,20504,-228
442,22.87,6029,6703,21342,20449,-674
443,22.922,6617,6913,19445,20303,-296
444,22.973,7294,6817,20030,20188,477
445,23.025,6705,6949,20575,19823,-244
446,23.077,6611,6835,19538,20419,-224
447,23.129,6745,6973,20137,20029,-228
448,23.18,6620,6973,20356,20048,-353
449,23.232,6554,6955,19420,20461,-401
450,23.284,6577,6775,19519,20060,-198
451,23.336,5899,6859,19117,20090,-960
452,23.387,6879,6847,19743,20200,32
453,23.439,6076,6781,19614,20036,-705
454,23.491,6839,6895,19342,20133,-56
455,23.543,6554,6871,20626,20023,-317
456,23.594,6914,6715,19908,20060,199
457,23.646,6692,6919,20467,19859,-227
458,23.698,6614,6775,18945,20400,-161
459,23.75,6225,6739,19622,19878,-514
460,23.801,7208,6853,19625,20139,355
461,23.853,6519,6739,19748,20121,-220
462,23.905,6296,6709,19163,19969,-413
463,23.957,6569,6865,20044,20072,-296
464,24.008,6857,6733,19587,20297,124
465,24.06,6432,6727,19105,20267,-295
466,24.112,6527,6883,19797,19999,-356
467,24.164,6464,6691,19099,20145,-227
468,24.215,6572,6757,19698,19987,-185
469,24.267,6443,6596,20339,19817,-153
470,24.319,7191,6841,20412,20394,350
471,24.37,7428,6823,19183,20388,605
472,24.422,6226,6919,19408,19981,-693
473,24.474,6754,6805,19506,20400,-51
474,24.526,6882,6763,18250,20297,119
475,24.577,6499,6763,19082,20613,-264
476,24.629,6551,6853,19630,20303,-302
477,24.681,6318,6859,19427,20084,-541
478,24.733,6818,6931,19993,20151,-113
479,24.784,7596,6829,19312,20102,767
480,24.836,6843,7009,18365,20151,-166
481,24.888,6880,7009,18591,20352,-129
482,24.94,6367,7075,18438,20248,-708
483,24.991,6886,6757,19744,20200,129
484,25.043,6866,6931,19823,20200,-65
485,25.095,7090,6883,19490,20048,207
486,25.147,7127,6997,19692,19634,130
487,25.198,6568,7075,19940,20011,-507
488,25.25,7302,6925,18405,20248,377
489,25.302,6497,7069,20073,19981,-572
490,25.354,7446,7087,20737,20321,359
491,25.405,6235,6865,21050,19993,-630
492,25.457,7036,6925,19795,20224,111
493,25.509,6784,6997,20475,20084,-213
494,25.561,6617,6985,20546,20224,-368
495,25.612,7665,7045,18900,20200,620
496,25.664,7277,6823,19444,20224,454
497,25.716,5862,6919,19111,19987,-1057
498,25.768,6467,6811,19838,20674,-344
499,25.819,7204,6877,19603,20461,327
500,25.871,6768,6703,19811,19938,65
501,25.923,6580,6955,20632,20236,-375
502,25.974,6633,6979,19204,20327,-346
503,26.026,7429,6919,19429,20115,510
504,26.078,6722,6793,19223,20388,-71
505,26.13,6902,6895,20320,20406,7
506,26.181,6757,6661,20744,20279,96
507,26.233,6766,6961,20945,20303,-195
508,26.285,6469,7009,20385,20200,-540
509,26.337,6501,6889,20246,19999,-388
510,26.388,6453,6859,19462,19817,-406
511,26.44,7095,6781,19932,20273,314
512,26.492,7039,6907,20447,19999,132
513,26.544,5934,6859,19259,20394,-925
514,26.595,7014,6973,20692,20461,41
515,26.647,6397,6997,19301,20437,-600
516,26.699,6871,6907,19917,20169,-36
517,26.751,6445,6979,20430,20102,-534
518,26.802,7000,6823,20331,20321,177
519,26.854,6894,6763,20259,20163,131
520,26.906,6859,6799,19754,20327,60
521,26.958,7028,6949,20997,20218,79
522,27.009,7354,6967,19142,20419,387
523,27.061,6472,6907,20484,20175,-435
524,27.113,6946,6979,19613,20291,-33
525,27.165,6297,6943,20564,20060,-646
526,27.216,5917,6727,19815,20254,-810
527,27.268,6645,6835,18952,20352,-190
528,27.32,6549,6925,18780,20382,-376
529,27.372,7070,6871,20479,20175,199
530,27.423,6162,6853,19762,20528,-691
531,27.475,7228,6925,19151,20491,303
532,27.527,6541,6913,20622,20200,-372
533,27.578,6900,6961,19609,20285,-61
534,27.63,6409,7201,21133,19950,-792
535,27.682,6750,7117,19936,20522,-367
536,27.734,6181,7051,20536,19975,-870
537,27.785,6864,6787,19398,20248,77
538,27.837,6680,7093,19169,19969,-413
539,27.889,6473,6787,20109,20175,-314
540,27.941,6984,7141,19806,20036,-157
541,27.992,6919,7081,19720,19957,-162
542,28.044,7147,6787,18849,20309,360
543,28.096,7114,6925,20793,19847,189
544,28.148,6520,6937,19342,20516,-417
545,28.199,6760,6805,19228,20388,-45
546,28.251,6966,6901,19773,20510,65
547,28.303,6758,7003,19595,20461,-245
548,28.355,6400,6865,20133,19938,-465
549,28.406,6829,6745,21261,20212,84
550,28.458,6866,7045,20357,20267,-179
551,28.51,6797,6865,19464,20297,-68
552,28.562,7045,6925,19962,20060,120
553,28.613,6652,7111,19647,20400,-459
554,28.665,6955,7153,19698,20139,-198
555,28.717,6975,7015,21009,20072,-40
556,28.769,6626,7069,21187,20400,-443
557,28.82,7264,6961,19799,20279,303
558,28.872,7265,7033,20080,20072,232
559,28.924,7062,7075,19540,20145,-13
560,28.976,6242,7045,19103,20443,-803
561,29.027,7369,6835,19525,20321,534
562,29.079,6725,6775,20486,20133,-50
563,29.131,7179,6907,20926,20181,272
564,29.182,6899,7039,19505,20394,-140
565,29.234,6791,6805,19527,19598,-14
566,29.286,6682,7093,19431,20090,-411
567,29.338,6639,6853,20229,19890,-214
568,29.389,6719,6943,19403,20175,-224
569,29.441,6610,6793,19420,20121,-183
570,29.493,6258,6859,21158,19963,-601
571,29.545,6791,6991,19391,20321,-200
572,29.596,6955,6985,19469,20005,-30
573,29.648,7334,6931,19544,19975,403
574,29.7,7118,6895,20375,20218,223
575,29.752,6479,7117,18932,19932,-638
576,29.803,7019,6919,19485,20060,100
577,29.855,6058,7093,19812,19975,-1035
578,29.907,6589,6847,19643,20108,-258
579,29.959,7066,6901,19856,20431,165
580,30.01,6526,6949,20139,19853,-423
581,30.062,6942,6637,19905,20364,305
582,30.114,6488,6781,19259,19871,-293
583,30.166,6760,6811,18896,20029,-51
584,30.217,6504,6943,19567,20224,-439
585,30.269,7336,6859,18778,20157,477
586,30.321,6574,6991,19595,20218,-417
587,30.373,7004,6811,19741,20218,193
588,30.424,6745,6853,20084,20163,-108
589,30.476,6474,6925,19893,20236,-451
590,30.528,6453,6829,20379,20297,-376
591,30.58,6657,7033,19976,20084,-376
592,30.631,6959,6907,19387,20048,52
593,30.683,7145,6913,20217,19914,232
594,30.735,6789,6901,19118,20096,-112
595,30.786,6572,6949,20501,20188,-377
596,30.838,7238,6853,20397,19957,385
597,30.89,6126,7039,20103,20151,-913
598,30.942,7059,7117,19566,20181,-58
599,30.993,6797,7003,20129,20023,-206
600,31.045,6336,6985,19847,20084,-649
601,31.097,6590,6943,18700,20175,-353
602,31.149,6124,6871,19901,20327,-747
603,31.2,6265,6679,21333,19774,-414
604,31.252,6464,6805,19302,19890,-341
605,31.304,6632,6901,19305,20455,-269
606,31.356,6196,7075,19301,20011,-879
607,31.407,7515,6979,20354,19719,536
608,31.459,6933,6967,20140,19786,-34
609,31.511,8079,7015,21010,19908,1064
610,31.563,7335,6925,18967,20127,410
611,31.614,7069,6889,21195,20431,180
612,31.666,6835,6991,19276,19774,-156
613,31.718,7028,6691,18984,20455,337
614,31.77,6776,6787,18921,19926,-11
615,31.821,7039,7093,19479,19719,-54
616,31.873,6757,6859,19078,20431,-102
617,31.925,6849,6937,20818,19665,-88
618,31.977,6521,6835,19285,20230,-314
619,32.028,6570,6943,21043,20175,-373
620,32.08,5881,6925,18010,20096,-1044
621,32.132,6875,6841,19246,20175,34
622,32.184,6720,6691,20471,19713,29
623,32.235,6478,6835,19281,20212,-357
624,32.287,7313,6859,20060,20194,454
625,32.339,6554,6769,18918,20096,-215
626,32.39,6501,6907,18673,20054,-406
627,32.442,6672,6901,20022,20096,-229
628,32.494,6560,6883,20806,20108,-323
629,32.546,6868,6889,19311,20327,-21
630,32.597,6863,6847,19972,20181,16
631,32.649,6363,6907,18566,19950,-544
632,32.701,6920,6931,18018,19774,-11
633,32.753,6644,6865,18713,20108,-221
634,32.804,6760,6733,19813,20224,27
635,32.856,6974,6799,18709,19774,175
636,32.908,7775,6961,19769,20042,814
637,32.96,7365,6955,19869,20108,410
638,33.011,7152,7093,20078,20072,59
639,33.063,6875,6949,20203,20121,-74
640,33.115,6276,6919,19354,19805,-643
641,33.167,6560,6769,19519,20127,-209
642,33.218,6720,6883,20613,20382,-163
643,33.27,6989,6787,19166,20376,202
644,33.322,6664,6853,19648,20236,-189
645,33.374,7111,7015,20424,20412,96
646,33.425,7038,6925,19810,20011,113
647,33.477,6081,6907,19643,20236,-826
648,33.529,6564,6823,20209,20042,-259
649,33.581,6608,6871,20000,19981,-263
650,33.632,5704,7021,19640,19957,-1317
651,33.684,6720,6745,20724,19853,-25
652,33.736,6216,6679,19558,19981,-463
653,33.788,7012,6733,19883,19884,279
654,33.839,7206,6955,20758,20194,251
655,33.891,6126,6853,19013,19847,-727
656,33.943,6885,6871,19675,20564,14
657,33.994,6478,6733,19294,20005,-255
658,34.046,7260,6763,20455,19865,497
659,34.098,6593,6901,19183,20017,-308
660,34.15,6600,6943,19884,20017,-343
661,34.201,6976,6931,18238,20346,45
662,34.253,7211,6889,19476,20254,322
663,34.305,6630,6895,20232,19932,-265
664,34.357,6261,6739,19221,19908,-478
665,34.408,6280,7009,20677,20218,-729
666,34.46,6808,6895,20938,20163,-87
667,34.512,6745,6823,20035,20011,-78
668,34.564,6276,6847,18513,20181,-571
669,34.615,6663,6817,20144,20248,-154
670,34.667,7769,6985,19686,19768,784
671,34.719,6265,6907,20969,19914,-642
672,34.771,6322,6793,19930,19981,-471
673,34.822,6437,6811,17839,20674,-374
674,34.874,6446,6757,19943,20333,-311
675,34.926,7062,6811,19816,19969,251
676,34.978,6715,6949,19567,20254,-234
677,35.029,6849,6781,19003,19823,68
678,35.081,7027,6961,18641,20327,66
679,35.133,6286,7057,20126,20498,-771
680,35.185,6959,6853,20129,19841,106
681,35.236,6508,6715,20096,20376,-207
682,35.288,6981,6793,18408,20273,188
683,35.34,6575,6823,20176,19920,-248
684,35.392,6565,6991,20089,20200,-426
685,35.443,6948,6985,18693,19920,-37
686,35.495,7536,6787,20679,19975,749
687,35.547,6788,6775,19917,19865,13
688,35.598,6443,6979,19409,20224,-536
689,35.65,7007,6781,18532,20260,226
690,35.702,6387,6853,19557,20145,-466
691,35.754,7206,6853,19768,20005,353
692,35.805,7254,6775,20804,19926,479
693,35.857,7233,6745,19526,19944,488
694,35.909,6499,6919,20101,19835,-420
695,35.961,7176,6721,20543,20218,455
696,36.012,6677,7027,19232,20188,-350
697,36.064,6728,6955,19405,20206,-227
698,36.116,6558,6901,19760,20346,-343
699,36.168,6335,6979,19109,20613,-644
700,36.219,7737,7015,19604,20145,722
701,36.271,6797,6931,20134,20254,-134
702,36.323,7074,6596,19422,20315,478
703,36.375,6253,6805,20472,20133,-552
704,36.426,6089,6925,20445,20510,-836
705,36.478,6467,6739,19874,20115,-272
706,36.53,6171,6919,19256,19896,-748
707,36.582,6645,6835,20285,20412,-190
708,36.633,6602,6871,20294,20242,-269
709,36.685,6761,6919,21150,20388,-158
710,36.737,6549,6871,19021,20461,-322
711,36.789,6439,6859,21212,20260,-420
712,36.84,6714,6997,18810,20029,-283
713,36.892,6034,6865,20459,20054,-831
714,36.944,6551,6883,19389,20321,-332
715,36.996,5906,6805,18716,20115,-899
716,37.047,6377,6901,19636,19963,-524
717,37.099,7064,6787,21263,20029,277
718,37.151,6644,6745,20148,20175,-101
719,37.202,6488,6823,20258,19926,-335
720,37.254,6514,6835,20083,20364,-321
721,37.306,6894,6865,19119,20060,29
722,37.358,6602,6871,19974,20309,-269
723,37.409,6545,6871,19411,19859,-326
724,37.461,7258,6721,19847,20054,537
725,37.513,6489,6919,19585,20315,-430
726,37.565,6717,6739,19227,20066,-22
727,37.616,6087,6673,20009,19926,-586
728,37.668,6453,6697,19564,20108,-244
729,37.72,6470,6709,18969,20151,-239
730,37.772,6750,6925,18657,20589,-175
731,37.823,6688,6763,19506,20036,-75
732,37.875,7320,6883,19393,20364,437
733,37.927,6568,6763,19629,20084,-195
734,37.979,7272,6967,19755,20339,305
735,38.03,7522,7087,20239,20425,435
736,38.082,7392,6739,19316,20139,653
737,38.134,6699,6793,20912,19926,-94
738,38.186,6189,6973,20889,19835,-784
739,38.237,8918,6787,20531,20072,2131
740,38.289,8673,7021,20016,20023,1652
741,38.341,6977,6691,19760,20279,286
742,38.393,7699,6715,19863,20285,984
743,38.444,7531,6673,18967,20060,858
744,38.496,7986,6721,20095,20242,1265
745,38.548,8457,6799,19817,19963,1658
746,38.6,8347,6757,21165,19841,1590
747,38.651,8758,6961,20399,19975,1797
748,38.703,8908,6811,18708,19938,2097
749,38.755,7590,6631,20340,20090,959
750,38.806,8779,6877,20196,19981,1902
751,38.858,9527,6973,19842,19835,2554
752,38.91,7899,6793,19609,20121,1106
753,38.962,9043,6997,19153,20145,2046
754,39.013,8470,6769,19438,20577,1701
755,39.065,8714,6919,21650,20157,1795
756,39.117,8201,6847,20945,20036,1354
757,39.169,8959,6967,20537,19969,1992
758,39.22,8187,6925,19742,19993,1262
759,39.272,8523,7015,19635,20108,1508
760,39.324,8566,6973,19406,19622,1593
761,39.376,8578,6907,20139,20333,1671
762,39.427,8490,6871,19371,20230,1619
763,39.479,9743,6799,18189,20461,2944
764,39.531,7423,6590,20886,20498,833
765,39.583,9046,6775,18810,19768,2271
766,39.634,9439,6847,19388,20236,2592
767,39.686,8513,6997,20409,20285,1516
768,39.738,9027,6895,20397,20151,2132
769,39.79,8087,6817,19560,20406,1270
770,39.841,8223,6817,20246,20090,1406
771,39.893,8939,6823,19143,20048,2116
772,39.945,7908,6895,19526,20145,1013
773,39.997,9765,6931,19610,20491,2834
774,40.048,8461,6590,19070,20309,1871
775,40.1,8310,6811,19510,20175,1499
776,40.152,8433,6763,20557,20254,1670
777,40.204,8690,6763,20120,20175,1927
778,40.255,8200,6590,19468,20121,1610
779,40.307,7173,7009,20309,20461,164
780,40.359,7426,6739,20127,20066,687
781,40.41,7497,6865,18864,20485,632
782,40.462,7359,6685,19186,20352,674
783,40.514,7606,6775,19944,20115,831
784,40.566,8430,6901,19224,19817,1529
785,40.617,7979,6823,19209,20461,1156
786,40.669,9680,6709,19309,20406,2971
787,40.721,8121,6733,20609,20291,1388
788,40.773,8506,6823,19938,20564,1683
789,40.824,8395,6757,19988,19950,1638
790,40.876,7894,6679,20053,20321,1215
791,40.928,7665,7063,20135,20589,602
792,40.98,8291,6787,19544,20200,1504
793,41.031,9010,6847,20187,19993,2163
794,41.083,7793,6913,19747,20163,880
795,41.135,8523,6829,19636,20352,1694
796,41.187,7897,6829,20574,20419,1068
797,41.238,7516,6775,20574,20467,741
798,41.29,9196,7105,19424,19762,2091
799,41.342,7986,6805,19983,20175,1181
800,41.394,7798,6955,20629,20352,843
801,41.445,8452,6811,19804,20625,1641
802,41.497,7342,6973,20065,20145,369
803,41.549,8477,6925,18864,20194,1552
804,41.601,10253,7051,20150,20370,3202
805,41.652,9964,6931,18951,20449,3033
806,41.704,8093,6931,19650,20285,1162
807,41.756,8650,6967,20629,20443,1683
808,41.808,9344,7045,20266,20248,2299
809,41.859,8226,7153,19807,20352,1073
810,41.911,9505,7290,20076,20042,2215
811,41.963,8069,6955,21979,20206,1114
812,42.015,7982,6805,19191,20516,1177
813,42.066,9109,6985,20040,20631,2124
814,42.118,7859,6847,19613,20504,1012
815,42.17,8115,7063,19406,20498,1052
816,42.221,8158,6853,19190,20273,1305
817,42.273,8077,6931,20301,20029,1146
818,42.325,7980,7063,19824,20218,917
819,42.377,7880,7111,19198,20260,769
820,42.428,7998,7260,19650,20577,738
821,42.48,8438,7087,19884,20479,1351
822,42.532,7672,6955,20335,20285,717
823,42.584,8706,7075,19150,20181,1631
824,42.635,8067,7171,18955,20431,896
825,42.687,7997,7105,20076,20425,892
826,42.739,8850,6847,19035,20194,2003
827,42.791,8153,7087,20005,20157,1066
828,42.842,9642,7027,18283,20339,2615
829,42.894,8699,7189,20557,20139,1510
830,42.946,7991,7135,20743,20625,856
831,42.998,8107,7177,20185,20352,930
832,43.049,8980,7338,20332,20273,1642
833,43.101,8486,6949,18777,20139,1537
834,43.153,9271,7278,19984,19999,1993
835,43.205,9469,7045,21354,20139,2424
836,43.256,8428,6853,20424,20534,1575
837,43.308,8851,6943,19730,20145,1908
838,43.36,10151,6985,20075,20005,3166
839,43.412,12129,6967,20354,20260,5162
840,43.463,9938,6763,20517,20552,3175
841,43.515,8939,7093,19786,20759,1846
842,43.567,8607,6907,19814,20248,1700
843,43.619,8550,7099,19740,20121,1451
844,43.67,8782,6943,21058,20309,1839
845,43.722,8230,7003,20447,20498,1227
846,43.774,8146,6967,19603,20552,1179
847,43.825,7693,6847,20901,20181,846
848,43.877,9888,6973,19937,20358,2915
849,43.929,9116,6841,19278,20528,2275
850,43.981,7959,6877,19021,20504,1082
851,44.032,8967,6883,20041,20425,2084
852,44.084,8324,6775,19621,20534,1549
853,44.136,8349,6739,19653,20017,1610
854,44.188,7625,6853,20489,20267,772
855,44.239,7625,6841,18649,19932,784
856,44.291,8313,6841,21932,20206,1472
857,44.343,8085,6793,21714,20169,1292
858,44.395,7916,7087,19865,20279,829
859,44.446,7753,6841,20960,20078,912
860,44.498,7011,6913,20304,20315,98
861,44.55,8457,6745,19641,20121,1712
862,44.602,9629,6685,19708,20583,2944
863,44.653,9515,6955,19600,20467,2560
864,44.705,9265,6787,20404,20698,2478
865,44.757,7341,6913,20416,20224,428
866,44.809,7769,6715,19990,20516,1054
867,44.86,7940,6859,20540,20048,1081
868,44.912,8364,6931,20934,20510,1433
869,44.964,8155,6745,20228,20279,1410
870,45.016,8782,6955,19875,20485,1827
871,45.067,8532,6883,20179,20431,1649
872,45.119,8626,6823,19785,19969,1803
873,45.171,9467,6865,19320,20303,2602
874,45.223,8078,6883,19447,20036,1195
875,45.274,8041,6751,19658,20206,1290
876,45.326,7848,6895,19845,20279,953
877,45.378,8200,6829,19760,20425,1371
878,45.429,8692,6739,21219,20364,1953
879,45.481,9042,6901,18659,19914,2141
880,45.533,8636,6823,19316,20443,1813
881,45.585,8936,6835,18465,20443,2101
882,45.636,8000,7027,19125,20054,973
883,45.688,8092,6973,19886,20498,1119
884,45.74,7377,7003,18871,20607,374
885,45.792,7681,6823,18630,20437,858
886,45.843,7704,6919,20434,20297,785
887,45.895,8677,6793,20336,20267,1884
888,45.947,7846,6877,20240,20491,969
889,45.999,8148,6733,20532,20254,1415
890,46.05,7727,7003,20121,20127,724
891,46.102,8273,6985,19902,20072,1288
892,46.154,7902,6781,19459,20522,1121
893,46.206,8355,6871,19426,20510,1484
894,46.257,8274,6859,19496,20461,1415
895,46.309,8050,6889,19032,20133,1161
896,46.361,8134,6847,19755,20260,1287
897,46.413,7263,6781,19305,20431,482
898,46.464,7505,6775,19644,20583,730
899,46.516,8692,6925,20416,20023,1767
900,46.568,7870,6889,19766,20412,981
901,46.62,7740,6931,19601,20054,809
902,46.671,8299,6961,18800,20461,1338
903,46.723,7813,6937,19034,20200,876
904,46.775,8262,6805,20063,20449,1457
905,46.827,7239,6895,20686,20248,344
906,46.878,8298,6931,20627,20005,1367
907,46.93,8360,6763,19366,20437,1597
908,46.982,7939,6889,19819,20643,1050
909,47.033,7672,6823,19492,20412,849
910,47.085,8087,6829,21166,20224,1258
911,47.137,7847,6847,18614,20078,1000
912,47.189,8171,6991,19554,20686,1180
913,47.24,8559,6769,20231,20163,1790
914,47.292,7438,6949,19476,20358,489
915,47.344,8049,6961,20318,20400,1088
916,47.396,7825,6901,20149,20643,924
917,47.447,7603,6823,20244,20431,780
918,47.499,8450,6847,19466,20364,1603
919,47.551,7995,6679,21274,20212,1316
920,47.603,8070,6805,20482,20394,1265
921,47.654,9069,6889,20112,20254,2180
922,47.706,10650,6817,20933,20485,3833
923,47.758,9712,6667,20018,20400,3045
924,47.81,10338,6781,19439,20029,3557
925,47.861,11298,6937,18199,20254,4361
926,47.913,9367,6799,21246,19914,2568
927,47.965,10777,6859,19698,20181,3918
928,48.017,10407,6739,19587,20364,3668
929,48.068,10159,7021,19861,20516,3138
930,48.12,10449,7003,20365,20467,3446
931,48.172,9922,6865,19366,20327,3057
932,48.224,10737,6973,20740,20491,3764
933,48.275,11624,6937,20459,20485,4687
934,48.327,11753,7003,19199,20388,4750
935,48.379,10211,6673,19855,20570,3538
936,48.431,10503,6817,18534,20558,3686
937,48.482,10198,6865,19339,20637,3333
938,48.534,9158,6835,19016,20145,2323
939,48.586,10043,6667,20786,20102,3376
940,48.637,10600,6727,20193,20522,3873
941,48.689,10238,6865,20005,20273,3373
942,48.741,9802,7027,21986,20042,2775
943,48.793,11023,7105,20830,20291,3918
944,48.844,10585,6943,19552,20656,3642
945,48.896,11678,6937,19539,20662,4741
946,48.948,11316,7033,18647,20297,4283
947,49.0,10223,6871,20747,20121,3352
948,49.051,11170,6847,21857,20400,4323
949,49.103,10431,6871,19611,20339,3560
950,49.155,10339,6829,20783,20534,3510
951,49.207,11420,6745,20147,20230,4675
952,49.258,11024,6943,19676,20710,4081
953,49.31,11253,6841,20755,20388,4412
954,49.362,10510,6943,19743,20224,3567
955,49.414,10238,6985,20790,20267,3253
956,49.465,10648,6667,22349,20893,3981
957,49.517,10167,6775,19487,20102,3392
958,49.569,10794,6955,19470,20200,3839
959,49.621,11092,6847,18304,20072,4245
960,49.672,10871,6853,19467,20370,4018
961,49.724,11145,6979,20230,20680,4166
962,49.776,10422,6949,20484,20224,3473
963,49.828,10488,6805,19567,20090,3683
964,49.879,8573,6751,20649,20230,1822
965,49.931,6454,6733,20728,20127,-279
966,49.983,6286,6769,21760,20412,-483
967,50.035,6529,6787,19787,20236,-258
968,50.086,6772,6733,21343,20017,39
969,50.138,7312,6793,18778,20540,519
970,50.19,6972,6614,20582,20394,358
971,50.241,6280,6859,19499,20273,-579
972,50.293,6244,6745,20025,20327,-501
973,50.345,6390,6799,20035,20212,-409
974,50.397,6843,6859,19651,20285,-16
975,50.448,6536,6643,19257,20376,-107
976,50.5,6060,6542,20421,20370,-482
977,50.552,6736,6949,18377,20242,-213
978,50.604,6538,6949,19811,20230,-411
979,50.655,7550,6685,20303,20327,865
980,50.707,6395,6817,19174,20777,-422
981,50.759,7197,6937,20127,20467,260
982,50.811,6280,6566,18680,20163,-286
983,50.862,7132,6709,20627,20339,423
984,50.914,7138,6937,20755,20400,201
985,50.966,6293,6745,19245,20370,-452
986,51.018,6662,6841,19604,20090,-179
987,51.069,6403,6823,20386,20127,-420
988,51.121,7037,6835,20745,20151,202
989,51.173,7057,6931,19704,20273,126
990,51.225,6636,6847,21474,20224,-211
991,51.276,6900,6931,19075,20206,-31
992,51.328,6844,6757,19814,20315,87
993,51.38,7212,6703,19848,20260,509
994,51.432,6607,6631,20046,20650,-24
995,51.483,7043,6745,19350,20200,298
996,51.535,6613,6637,20312,20224,-24
997,51.587,6276,6685,20235,20333,-409
998,51.639,6312,6673,18907,20206,-361
999,51.69,6726,6799,19394,20121,-73
