frame,Time [s],CH1,BGND1,CH2,BGND2,intensity
0,0.0,12799,8872,24633,24161,3927
1,0.052,16373,8963,24678,24234,7410
2,0.103,16054,8945,23752,24155,7109
3,0.155,15448,8866,25051,24391,6582
4,0.207,18335,9011,25001,24095,9324
5,0.259,18709,9199,23895,24095,9510
6,0.31,19169,9102,23839,23739,10067
7,0.362,18947,9145,23340,23782,9802
8,0.414,21288,9121,25072,23806,12167
9,0.466,19323,9266,22220,24107,10057
10,0.517,19750,9193,22604,24023,10557
11,0.569,16855,8957,25331,24192,7898
12,0.621,18106,9284,25057,24155,8822
13,0.673,21259,9157,25341,24023,12102
14,0.724,21613,9139,23913,24059,12474
15,0.776,20139,9321,24424,23812,10818
16,0.828,23051,9151,24263,24059,13900
17,0.88,23900,9345,23669,23649,14555
18,0.931,24683,9199,23358,24035,15484
19,0.983,22922,9127,23246,23776,13795
20,1.035,21398,9096,24516,23914,12302
21,1.087,20420,9151,23811,24577,11269
22,1.138,22653,9230,23795,23920,13423
23,1.19,19775,8939,24812,24258,10836
24,1.242,20644,8939,22098,23794,11705
25,1.294,14577,8769,23683,24252,5808
26,1.345,19760,8920,24909,23872,10840
27,1.397,23603,9169,24886,23926,14434
28,1.449,20338,8872,23085,23878,11466
29,1.501,21803,9090,24827,24149,12713
30,1.552,19259,9139,25007,24059,10120
31,1.604,14385,8823,24655,24409,5562
32,1.656,15944,8890,23592,23764,7054
33,1.707,20841,9030,24908,24041,11811
34,1.759,19005,8763,24435,24276,10242
35,1.811,17531,8854,22642,24360,8677
36,1.863,21108,8914,24295,25011,12194
37,1.914,16962,8957,23217,23890,8005
38,1.966,16366,9042,24082,24071,7324
39,2.018,15641,8896,22588,24143,6745
40,2.07,17155,8732,24965,23782,8423
41,2.121,18515,9090,24155,24113,9425
42,2.173,16949,9296,24469,23818,7653
43,2.225,18871,9102,23865,24137,9769
44,2.277,18183,9121,25028,24372,9062
45,2.328,19544,8987,24440,24559,10557
46,2.38,19738,9011,23954,24306,10727
47,2.432,22707,9011,25082,24180,13696
48,2.484,21306,8951,24454,23764,12355
49,2.535,22170,8908,24274,24107,13262
50,2.587,20320,9096,24720,24614,11224
51,2.639,18478,9024,26767,24385,9454
52,2.691,24703,9169,24543,23884,15534
53,2.742,22962,9042,24785,24252,13920
54,2.794,22385,8878,24190,24403,13507
55,2.846,19182,9145,24931,24300,10037
56,2.898,21947,9042,23286,24421,12905
57,2.949,19497,9090,24846,24155,10407
58,3.001,20869,8945,24324,24282,11924
59,3.053,16426,8842,23741,24011,7584
60,3.105,9185,8830,24125,24137,355
61,3.156,9039,8472,25285,24378,567
62,3.208,8779,8830,25372,23776,-51
63,3.26,9494,8836,24702,24234,658
64,3.311,9256,8732,25533,23884,524
65,3.363,8622,8872,23981,23703,-250
66,3.415,8975,9030,24587,24294,-55
67,3.467,9688,8654,23983,23969,1034
68,3.518,9528,8842,25031,24186,686
69,3.57,8148,8642,24905,23938,-494
70,3.622,8639,8538,24395,23914,101
71,3.674,9894,8678,23733,23854,1216
72,3.725,8218,8478,23966,24300,-260
73,3.777,8969,8496,24274,24258,473
74,3.829,8653,8702,24140,24282,-49
75,3.881,9097,8629,24109,24017,468
76,3.932,8753,8642,22648,24143,111
77,3.984,8746,8581,23296,24282,165
78,4.036,9555,8763,24018,24294,792
79,4.088,9472,8551,25502,24005,921
80,4.139,8722,8672,23138,24252,50
81,4.191,8979,8587,24725,24119,392
82,4.243,8858,8751,25164,23830,107
83,4.295,9358,8569,25152,24143,789
84,4.346,9067,8678,25112,23866,389
85,4.398,9014,8605,25263,24692,409
86,4.45,8938,8472,25047,24023,466
87,4.502,9270,8811,25492,24716,459
88,4.553,9497,8484,23719,24499,1013
89,4.605,8850,8611,26093,24330,239
90,4.657,8865,8617,23428,24421,248
91,4.709,8707,8617,25952,24475,90
92,4.76,9223,8478,25377,24511,745
93,4.812,9229,8714,25319,24565,515
94,4.864,9360,8532,22577,23848,828
95,4.915,8772,8526,25730,23896,246
96,4.967,8563,8623,25334,24662,-60
97,5.019,9719,8672,24308,24475,1047
98,5.071,8392,8714,24877,24131,-322
99,5.122,8375,8654,24718,24264,-279
100,5.174,8491,8635,23387,24276,-144
101,5.226,8989,8454,23075,24125,535
102,5.278,9151,8514,25843,24288,637
103,5.329,8606,8696,25353,24113,-90
104,5.381,8924,8557,24704,24397,367
105,5.433,8670,8478,25060,24155,192
106,5.485,8905,8805,23297,24348,100
107,5.536,8563,8502,23760,24662,61
108,5.588,9370,8617,23749,24644,753
109,5.64,8806,8502,23984,24137,304
110,5.692,8609,8538,24197,24354,71
111,5.743,8313,8623,23793,24571,-310
112,5.795,8976,8575,24051,24680,401
113,5.847,8640,8460,24626,24445,180
114,5.899,9126,8672,23255,24360,454
115,5.95,9626,8660,25968,24300,966
116,6.002,9704,8593,25151,24589,1111
117,6.054,9121,8714,24501,24511,407
118,6.106,8641,8666,23777,24210,-25
119,6.157,9046,8769,23975,24234,277
120,6.209,9282,8745,25312,24969,537
121,6.261,7995,8272,24246,24240,-277
122,6.313,9063,8532,24007,24264,531
123,6.364,8874,8557,24727,24559,317
124,6.416,8883,8623,24482,24499,260
125,6.468,8470,8599,24104,24204,-129
126,6.519,8294,8726,24741,23902,-432
127,6.571,9703,8593,23838,24366,1110
128,6.623,9281,8490,23633,24372,791
129,6.675,8679,8551,24695,24589,128
130,6.726,8780,8654,24623,24210,126
131,6.778,8773,8502,24206,24421,271
132,6.83,9150,8429,26076,24186,721
133,6.882,9418,8757,23615,24686,661
134,6.933,8983,8757,24342,24083,226
135,6.985,9875,8726,24371,24927,1149
136,7.037,9784,8611,24459,23926,1173
137,7.089,9266,8532,23620,24300,734
138,7.14,9159,8642,24606,24421,517
139,7.192,8801,8514,25207,24306,287
140,7.244,9382,8575,24865,24174,807
141,7.296,8629,8357,23893,24668,272
142,7.347,8147,8447,26146,24559,-300
143,7.399,8657,8551,24565,24493,106
144,7.451,8477,8514,25030,24240,-37
145,7.503,8065,8508,25521,24017,-443
146,7.554,8932,8423,24557,24626,509
147,7.606,8239,8381,25879,24391,-142
148,7.658,8943,8423,24753,23987,520
149,7.71,9408,8332,24176,24083,1076
150,7.761,9306,8593,23823,24161,713
151,7.813,9543,8696,24543,24059,847
152,7.865,8580,8429,25085,24565,151
153,7.917,8523,8484,23535,24409,39
154,7.968,9032,8599,22138,24487,433
155,8.02,7794,8575,24129,24493,-781
156,8.072,8817,8605,23293,24149,212
157,8.123,9030,8678,23793,24433,352
158,8.175,9108,8642,24208,24246,466
159,8.227,9197,8508,22465,24342,689
160,8.279,8550,8581,24251,24228,-31
161,8.33,9043,8587,26094,24264,456
162,8.382,8652,8684,22575,24517,-32
163,8.434,7949,8502,25782,24378,-553
164,8.486,8895,8648,24223,24306,247
165,8.537,9453,8551,23500,24089,902
166,8.589,8483,8720,24554,24065,-237
167,8.641,7799,8714,25668,24632,-915
168,8.693,9248,8623,27038,24469,625
169,8.744,9905,8708,24461,24342,1197
170,8.796,9151,8502,24548,24686,649
171,8.848,8827,8599,26278,23920,228
172,8.9,9396,8654,24930,24216,742
173,8.951,7925,8714,24413,24927,-789
174,9.003,8815,8575,23880,24348,240
175,9.055,8492,8599,24273,24348,-107
176,9.107,8435,8648,23231,24077,-213
177,9.158,8423,8557,23979,24107,-134
178,9.21,9290,8472,24097,24788,818
179,9.262,9468,8678,23626,24728,790
180,9.314,8250,8587,23619,24143,-337
181,9.365,8906,8478,23394,24276,428
182,9.417,8632,8635,25068,24487,-3
183,9.469,8303,8520,23658,24638,-217
184,9.521,8593,8720,24948,25011,-127
185,9.572,9434,8441,26467,24276,993
186,9.624,9274,8538,24184,24439,736
187,9.676,9179,8587,24834,24065,592
188,9.727,8781,8266,24069,24234,515
189,9.779,9678,8490,23986,24222,1188
190,9.831,8450,8460,24340,24023,-10
191,9.883,8255,8648,23745,24632,-393
192,9.934,9093,8460,23767,23981,633
193,9.986,8941,8441,24424,23884,500
194,10.038,9011,8381,24067,24186,630
195,10.09,8962,8460,23920,24125,502
196,10.141,8551,8502,24158,24228,49
197,10.193,8865,8569,24399,24155,296
198,10.245,8659,8532,23893,24421,127
199,10.297,9615,8502,24285,24258,1113
200,10.348,8260,8629,24105,24264,-369
201,10.4,9518,8538,22482,24463,980
202,10.452,8549,8581,23528,24439,-32
203,10.504,9462,8423,24536,24553,1039
204,10.555,9143,8520,23919,24222,623
205,10.607,9003,8405,23429,24499,598
206,10.659,8648,8435,24963,24463,213
207,10.711,8701,8678,24337,24276,23
208,10.762,8475,8411,24886,24698,64
209,10.814,9327,8326,23845,23993,1001
210,10.866,8985,8660,25110,24101,325
211,10.918,9112,8611,24608,23987,501
212,10.969,9483,8599,24638,24035,884
213,11.021,8858,8642,25194,24246,216
214,11.073,9834,8611,24663,24523,1223
215,11.125,7748,8708,24567,24409,-960
216,11.176,9152,8811,23341,24662,341
217,11.228,8701,8660,23833,24270,41
218,11.28,9447,8447,23981,23950,1000
219,11.331,8671,8502,23081,24101,169
220,11.383,8179,8447,25511,24336,-268
221,11.435,9628,8866,23342,23902,762
222,11.487,8218,8587,25075,24511,-369
223,11.538,8928,8720,23312,24089,208
224,11.59,8998,8757,24562,24282,241
225,11.642,8864,8648,24388,23999,216
226,11.694,8710,8575,24554,24306,135
227,11.745,8184,8617,24463,24427,-433
228,11.797,9077,8617,25685,24192,460
229,11.849,8851,8678,24990,24246,173
230,11.901,9249,8502,23624,24385,747
231,11.952,8805,8411,24847,24131,394
232,12.004,9329,8454,24587,24095,875
233,12.056,9748,8441,25059,24035,1307
234,12.108,8193,8302,24215,24372,-109
235,12.159,8967,8381,24481,24276,586
236,12.211,8518,8526,25158,24089,-8
237,12.263,8429,8502,24206,24523,-73
238,12.315,9743,8332,23934,24288,1411
239,12.366,7925,8545,23819,24252,-620
240,12.418,8557,8599,25242,24035,-42
241,12.47,8827,8538,23393,23908,289
242,12.522,8958,8648,25759,24240,310
243,12.573,9026,8435,24297,23993,591
244,12.625,8880,8320,24431,24047,560
245,12.677,10100,8259,24036,24644,1841
246,12.729,8697,8441,24702,24360,256
247,12.78,8210,8460,25736,24119,-250
248,12.832,9386,8696,24485,24529,690
249,12.884,8926,8538,23238,24632,388
250,12.935,8651,8393,23254,24800,258
251,12.987,8405,8241,23297,24101,164
252,13.039,8732,8508,23569,24167,224
253,13.091,8852,8296,24552,24632,556
254,13.142,8516,8332,23773,24119,184
255,13.194,8112,8417,23413,24626,-305
256,13.246,8959,8569,24744,24583,390
257,13.298,8567,8363,24327,24577,204
258,13.349,8682,8272,23755,24758,410
259,13.401,8563,8496,23993,24342,67
260,13.453,8631,8502,26432,24825,129
261,13.505,8240,8551,23976,24505,-311
262,13.556,9180,8514,23955,24674,666
263,13.608,8917,8557,24790,24734,360
264,13.66,8869,8545,24661,23824,324
265,13.712,8570,8611,23846,24360,-41
266,13.763,8346,8369,24915,24113,-23
267,13.815,9272,8338,25585,24149,934
268,13.867,8881,8672,25713,24077,209
269,13.919,8887,8338,24424,23758,549
270,13.97,8657,8490,24605,24620,167
271,14.022,9028,8211,24578,24101,817
272,14.074,8902,8435,25796,23812,467
273,14.126,9622,8241,23347,24638,1381
274,14.177,9504,8532,24312,23920,972
275,14.229,8893,8460,24579,24596,433
276,14.281,8744,8272,24788,24155,472
277,14.333,8836,8569,23084,24620,267
278,14.384,8390,8399,24882,24294,-9
279,14.436,8143,8454,24383,24216,-311
280,14.488,8282,8472,24290,24547,-190
281,14.54,8418,8532,23347,24228,-114
282,14.591,8724,8229,24940,24776,495
283,14.643,8449,8381,24609,24312,68
284,14.695,8355,8314,24357,24698,41
285,14.746,8205,8599,25231,24505,-394
286,14.798,8863,8593,25390,24481,270
287,14.85,8975,8520,25784,24487,455
288,14.902,9145,8381,23704,24517,764
289,14.953,9338,8569,25578,24861,769
290,15.005,9027,8344,24676,24174,683
291,15.057,8860,8350,25228,24330,510
292,15.109,8633,8648,23923,24222,-15
293,15.16,8357,8399,24567,24511,-42
294,15.212,8529,8387,24691,24065,142
295,15.264,8909,8490,24428,24234,419
296,15.316,8662,8205,24273,24252,457
297,15.367,8709,8435,24992,24252,274
298,15.419,8654,8405,25212,24463,249
299,15.471,8311,8520,25117,24475,-209
300,15.523,8566,8272,23450,24391,294
301,15.574,8558,8454,23371,24174,104
302,15.626,8469,8284,25813,24264,185
303,15.678,8775,8623,23837,24523,152
304,15.73,9664,8466,23707,24668,1198
305,15.781,8638,8441,23871,24095,197
306,15.833,8643,8435,24014,24427,208
307,15.885,7649,8241,23444,24800,-592
308,15.937,8608,8393,23390,23908,215
309,15.988,8425,8429,25277,24360,-4
310,16.04,8596,8229,26346,24167,367
311,16.092,8438,8181,23591,24270,257
312,16.144,8863,8344,23949,24101,519
313,16.195,9308,8629,25669,24095,679
314,16.247,8035,8417,25311,24354,-382
315,16.299,8618,8478,24557,24596,140
316,16.35,8845,8405,23966,24734,440
317,16.402,8967,8538,22840,24511,429
318,16.454,8644,8375,24530,24240,269
319,16.506,8245,8302,23740,24469,-57
320,16.557,9583,8763,25072,24336,820
321,16.609,8809,8587,24908,24366,222
322,16.661,8858,8429,23060,24589,429
323,16.713,8780,8284,24915,24095,496
324,16.764,8392,8587,23528,24517,-195
325,16.816,9333,8296,24357,23848,1037
326,16.868,8477,8502,24348,24258,-25
327,16.92,8148,8617,25303,24493,-469
328,16.971,8891,8308,24078,24366,583
329,17.023,8989,8532,23524,24161,457
330,17.075,8401,8308,24310,24385,93
331,17.127,8453,8266,23960,24656,187
332,17.178,9395,8581,22615,24234,814
333,17.23,9293,8417,24837,23848,876
334,17.282,8774,8363,24343,24107,411
335,17.334,8235,8411,25581,23860,-176
336,17.385,8620,8447,26054,24391,173
337,17.437,8949,8429,26772,24626,520
338,17.489,8243,8405,23209,23914,-162
339,17.541,8925,8357,23784,23890,568
340,17.592,8299,8344,24904,24071,-45
341,17.644,8169,8478,24787,24107,-309
342,17.696,7826,8502,24956,24005,-676
343,17.748,8163,8363,25497,24095,-200
344,17.799,8753,8387,23700,24264,366
345,17.851,8454,8411,25444,24083,43
346,17.903,8529,8914,23750,24342,-385
347,17.954,7659,8253,24415,23950,-594
348,18.006,8799,8435,24250,24517,364
349,18.058,8622,8381,24640,24198,241
350,18.11,8704,8199,24444,24198,505
351,18.161,8298,8417,24290,24475,-119
352,18.213,8590,8466,23628,24427,124
353,18.265,8408,8387,23953,24041,21
354,18.317,8517,8162,24144,24089,355
355,18.368,8750,8545,24735,23824,205
356,18.42,8339,8441,24899,24391,-102
357,18.472,8784,8460,24603,24065,324
358,18.524,8680,8447,24645,24354,233
359,18.575,9161,8429,25638,24427,732
360,18.627,8573,8375,24710,24324,198
361,18.679,8412,8484,25090,24270,-72
362,18.731,8802,8447,23687,24077,355
363,18.782,9441,8326,24776,24397,1115
364,18.834,9083,8538,24200,24276,545
365,18.886,8267,8357,25722,23938,-90
366,18.938,8256,8369,24195,24228,-113
367,18.989,8580,8405,23978,24186,175
368,19.041,8958,8350,25189,24372,608
369,19.093,9292,8496,24065,24119,796
370,19.145,9096,8357,24226,24174,739
371,19.196,8615,8411,25745,24366,204
372,19.248,9035,8447,24368,24360,588
373,19.3,8465,8423,24512,24348,42
374,19.352,9144,8490,26518,24143,654
375,19.403,8443,8278,23912,24336,165
376,19.455,8042,8296,24631,23559,-254
377,19.507,8610,8344,23808,24240,266
378,19.558,9500,8247,25586,24071,1253
379,19.61,9253,8460,25161,24403,793
380,19.662,9140,8466,24882,24565,674
381,19.714,8591,8423,23771,24300,168
382,19.765,8040,8617,24431,24119,-577
383,19.817,8415,8302,25169,24095,113
384,19.869,8534,8344,24767,24728,190
385,19.921,8863,8253,25736,23932,610
386,19.972,9453,8466,23151,24475,987
387,20.024,9521,8538,24041,24879,983
388,20.076,8948,8284,25589,24457,664
389,20.128,8128,8423,24987,24324,-295
390,20.179,8790,8587,24836,23926,203
391,20.231,8077,8435,25802,24270,-358
392,20.283,8428,8071,25676,24234,357
393,20.335,9264,8447,24478,24535,817
394,20.386,8534,8369,24322,24282,165
395,20.438,8591,8520,25481,24306,71
396,20.49,8135,8381,23974,24565,-246
397,20.542,8448,8235,24263,24222,213
398,20.593,7893,8393,24507,24529,-500
399,20.645,8359,8169,24815,24192,190
400,20.697,9070,8435,24944,24041,635
401,20.749,8622,8514,24475,24300,108
402,20.8,8470,8387,25986,24674,83
403,20.852,8647,8441,24428,23999,206
404,20.904,8513,8338,24410,24095,175
405,20.956,8051,8387,25258,24095,-336
406,21.007,8279,8223,24910,24294,56
407,21.059,8187,8193,23883,24023,-6
408,21.111,8631,8150,24182,23950,481
409,21.162,7977,8338,24794,24421,-361
410,21.214,8489,8326,23518,24234,163
411,21.266,8533,8393,24328,24216,140
412,21.318,8584,8338,23154,24282,246
413,21.369,8623,8369,23970,23782,254
414,21.421,8790,8314,23942,24378,476
415,21.473,8552,8235,26515,24216,317
416,21.525,8270,8308,24293,24059,-38
417,21.576,8185,8150,25640,24240,35
418,21.628,8783,8217,24011,24180,566
419,21.68,8118,8169,24563,24282,-51
420,21.732,8612,8381,22899,24330,231
421,21.783,8511,8290,24496,24348,221
422,21.835,8802,8247,24952,24372,555
423,21.887,8766,8454,25456,23993,312
424,21.939,8053,8326,23126,24137,-273
425,21.99,8584,8235,24156,24463,349
426,22.042,8863,8399,25523,23932,464
427,22.094,8442,8223,23949,23932,219
428,22.146,8955,8284,24516,24336,671
429,22.197,8617,8259,25666,23999,358
430,22.249,8263,8417,25821,24397,-154
431,22.301,8197,8460,24155,23999,-263
432,22.353,8754,8253,23910,24204,501
433,22.404,8635,8162,25302,24089,473
434,22.456,9003,8278,24098,24149,725
435,22.508,8681,8266,24056,24674,415
436,22.56,8843,8278,23757,24288,565
437,22.611,8355,8344,22825,24324,11
438,22.663,9024,8181,24874,24813,843
439,22.715,8389,8405,24760,24403,-16
440,22.766,8288,8217,24130,24216,71
441,22.818,8567,8108,24005,24409,459
442,22.87,8759,8338,24384,24071,421
443,22.922,7778,8447,26168,24216,-669
444,22.973,8813,8478,23863,24222,335
445,23.025,8974,8435,25120,24204,539
446,23.077,8778,8399,24017,24324,379
447,23.129,8337,8193,24817,24282,144
448,23.18,8061,8472,23759,24005,-411
449,23.232,8093,8272,24099,24378,-179
450,23.284,9176,8211,23212,24487,965
451,23.336,8174,8429,25184,24342,-255
452,23.387,8618,8423,24616,24077,195
453,23.439,8903,8241,25412,24825,662
454,23.491,8648,8272,23760,24089,376
455,23.543,8903,8253,24100,24101,650
456,23.594,7947,8181,22948,24403,-234
457,23.646,8181,8357,24333,24662,-176
458,23.698,8664,8253,23897,24101,411
459,23.75,9816,8344,25373,24180,1472
460,23.801,8591,8272,24390,24427,319
461,23.853,8336,8114,24685,24210,222
462,23.905,8686,8369,24280,24029,317
463,23.957,8363,8078,24881,24180,285
464,24.008,8684,8175,24239,24915,509
465,24.06,8130,8411,25472,23938,-281
466,24.112,8781,8199,24908,24620,582
467,24.164,7999,8193,24673,24385,-194
468,24.215,8138,8526,25533,24475,-388
469,24.267,8483,8314,23907,24125,169
470,24.319,8836,8290,24190,24107,546
471,24.37,8226,8447,24063,24288,-221
472,24.422,7951,8084,23712,24270,-133
473,24.474,8439,8581,23562,24535,-142
474,24.526,8552,8472,25190,24463,80
475,24.577,8108,8059,25035,24493,49
476,24.629,9177,8708,25329,24035,469
477,24.681,9275,8314,24845,24499,961
478,24.733,8536,8241,25564,24198,295
479,24.784,8557,8181,23511,24770,376
480,24.836,8520,8357,23815,24433,163
481,24.888,8995,8393,25101,24457,602
482,24.94,8293,8211,23654,24463,82
483,24.991,8261,8181,25515,23896,80
484,25.043,8126,8205,24625,24258,-79
485,25.095,8955,8350,23720,24336,605
486,25.147,8515,8150,24288,24288,365
487,25.198,8298,8205,23867,24481,93
488,25.25,8771,8411,24945,23950,360
489,25.302,7721,8338,23998,24210,-617
490,25.354,8704,8350,25307,24348,354
491,25.405,8284,8205,26076,24324,79
492,25.457,9138,8126,25132,24300,1012
493,25.509,8731,8017,24764,24312,714
494,25.561,9595,8253,24555,24119,1342
495,25.612,8494,8278,25066,24143,216
496,25.664,7699,8326,23804,24246,-627
497,25.716,8880,8187,24728,24668,693
498,25.768,8181,8241,24993,24644,-60
499,25.819,8243,8181,24998,24487,62
500,25.871,8743,8156,25944,24264,587
501,25.923,8775,8253,25187,24059,522
502,25.974,8222,8181,22987,24083,41
503,26.026,8204,8150,24656,24228,54
504,26.078,8624,8290,24378,24348,334
505,26.13,8350,8284,24641,24342,66
506,26.181,8286,8466,24224,24614,-180
507,26.233,8589,8193,25562,24174,396
508,26.285,8372,8084,22742,24204,288
509,26.337,7797,8235,24423,23920,-438
510,26.388,8219,8478,24884,24186,-259
511,26.44,9097,8247,24361,24083,850
512,26.492,7737,8338,23873,24330,-601
513,26.544,8675,8326,23678,24638,349
514,26.595,8904,8235,24162,24041,669
515,26.647,8283,8308,25277,23963,-25
516,26.699,8199,8338,24774,24650,-139
517,26.751,8896,8350,23797,24457,546
518,26.802,9107,8156,24903,24071,951
519,26.854,8458,8253,23257,24493,205
520,26.906,9173,8290,24967,24300,883
521,26.958,8757,8429,25630,24270,328
522,27.009,8650,8175,24813,24294,475
523,27.061,8223,8344,24517,23981,-121
524,27.113,8236,8138,24167,24451,98
525,27.165,7778,8229,22968,24186,-451
526,27.216,8881,8326,23075,24174,555
527,27.268,8943,8375,24314,23902,568
528,27.32,8349,8266,25087,24451,83
529,27.372,8217,8344,24181,24228,-127
530,27.423,9106,8284,25743,23987,822
531,27.475,8366,8332,22958,23963,34
532,27.527,9022,8278,22608,24620,744
533,27.578,8476,8484,24389,24071,-8
534,27.63,8317,8381,23732,23993,-64
535,27.682,8324,8441,24607,24119,-117
536,27.734,8363,8387,25943,24312,-24
537,27.785,7735,8338,23529,24535,-603
538,27.837,9207,8199,26098,24342,1008
539,27.889,8455,8435,24202,24409,20
540,27.941,8406,8393,25093,24035,13
541,27.992,8645,8278,24203,23902,367
542,28.044,8693,8369,25193,24433,324
543,28.096,8137,8253,23758,24481,-116
544,28.148,7981,8059,24677,24167,-78
545,28.199,8429,8375,24722,24626,54
546,28.251,8772,8247,23565,24505,525
547,28.303,7999,8114,25002,24433,-115
548,28.355,9208,7932,24504,24463,1276
549,28.406,8331,8090,23927,23950,241
550,28.458,8906,8235,23446,24433,671
551,28.51,8069,8290,23722,24017,-221
552,28.562,8423,8084,24317,23878,339
553,28.613,8859,8096,24937,24204,763
554,28.665,8765,8454,23738,24475,311
555,28.717,8082,8332,24964,24620,-250
556,28.769,8348,8156,23656,24403,192
557,28.82,8420,8259,25126,24608,161
558,28.872,8241,8284,23628,24131,-43
559,28.924,8647,8460,23833,24378,187
560,28.976,8254,8241,25857,24626,13
561,29.027,7984,8114,24849,24662,-130
562,29.079,8279,8090,24517,24481,189
563,29.131,8728,8144,24428,24180,584
564,29.182,8190,8405,23775,24716,-215
565,29.234,8479,8247,23993,24240,232
566,29.286,8115,8193,23813,24397,-78
567,29.338,8354,8284,24408,24143,70
568,29.389,8118,8217,24183,24656,-99
569,29.441,8297,8053,24594,23999,244
570,29.493,8507,8272,24770,24553,235
571,29.545,8243,8199,24299,24161,44
572,29.596,8764,8114,26011,24439,650
573,29.648,8425,8259,24995,23987,166
574,29.7,8238,8187,24013,24505,51
575,29.752,8643,8029,24683,25114,614
576,29.803,9395,8217,24114,24391,1178
577,29.855,8868,8193,23796,24680,675
578,29.907,8344,8211,24464,24704,133
579,29.959,8679,8423,24697,24746,256
580,30.01,8987,8205,26796,24716,782
581,30.062,8900,8138,24963,24306,762
582,30.114,7601,8441,25089,24216,-840
583,30.166,9162,8441,23482,24469,721
584,30.217,7993,8332,25375,24957,-339
585,30.269,8560,8047,24525,25054,513
586,30.321,8223,8247,24274,24571,-24
587,30.373,8592,8290,24943,24813,302
588,30.424,8560,8241,25798,24306,319
589,30.476,8623,8278,23934,24324,345
590,30.528,8392,8114,24334,24523,278
591,30.58,8116,8259,23175,24734,-143
592,30.631,8493,8253,24952,24794,240
593,30.683,8382,8423,24660,24535,-41
594,30.735,9425,8047,24551,24957,1378
595,30.786,8337,8259,24752,24463,78
596,30.838,8136,8278,25336,24294,-142
597,30.89,8283,8096,25497,24336,187
598,30.942,8114,8169,24678,24698,-55
599,30.993,8284,8065,27370,24596,219
600,31.045,8745,8132,25169,24728,613
601,31.097,8885,8259,24958,24360,626
602,31.149,8420,8278,24759,24806,142
603,31.2,8646,8381,25211,24439,265
604,31.252,8203,8205,23706,24493,-2
605,31.304,8440,8132,25760,24517,308
606,31.356,9213,8229,25337,24589,984
607,31.407,8647,8454,25147,24385,193
608,31.459,8105,8350,24942,24258,-245
609,31.511,9045,8332,24543,24294,713
610,31.563,8179,8247,23490,24029,-68
611,31.614,9293,8308,24560,24252,985
612,31.666,8630,8247,25417,24596,383
613,31.718,8179,8126,23644,24493,53
614,31.77,9141,8235,25073,24240,906
615,31.821,8812,8217,24787,24764,595
616,31.873,8382,8199,23653,24800,183
617,31.925,8789,8193,24149,24505,596
618,31.977,8071,8041,25138,24276,30
619,32.028,7960,8041,23969,24535,-81
620,32.08,8382,8193,24847,24565,189
621,32.132,8642,8126,24770,24583,516
622,32.184,8621,8084,24386,24951,537
623,32.235,8310,8217,23677,24698,93
624,32.287,8660,8150,25589,24716,510
625,32.339,8670,8429,25329,24469,241
626,32.39,9447,8314,24437,24397,1133
627,32.442,8623,8454,24559,24662,169
628,32.494,8685,8381,23730,24041,304
629,32.546,8853,8150,25798,24602,703
630,32.597,7770,8423,23482,24873,-653
631,32.649,8002,8338,25048,24487,-336
632,32.701,8589,8144,23971,24276,445
633,32.753,8156,8381,24436,24330,-225
634,32.804,8125,8217,26134,25060,-92
635,32.856,8675,8314,24169,24776,361
636,32.908,8474,8108,23849,24264,366
637,32.96,7862,8399,24917,24210,-537
638,33.011,8302,8229,24699,24155,73
639,33.063,8215,8150,24778,25017,65
640,33.115,8781,8350,23299,24656,431
641,33.167,8037,8247,25149,24155,-210
642,33.218,8406,8435,24354,24794,-29
643,33.27,7883,8162,24700,24119,-279
644,33.322,8077,8344,24878,24366,-267
645,33.374,7877,8169,25878,24535,-292
646,33.425,8844,8308,25301,24608,536
647,33.477,8419,8144,26055,24764,275
648,33.529,8521,8253,23889,24318,268
649,33.581,8650,8338,24243,24559,312
650,33.632,8344,8284,25817,24589,60
651,33.684,8882,8538,25046,24662,344
652,33.736,7849,8096,25411,24565,-247
653,33.788,8170,8169,24479,24391,1
654,33.839,7990,8023,25506,24951,-33
655,33.891,8366,8096,26135,24710,270
656,33.943,8597,8144,25795,24258,453
657,33.994,8029,8199,25999,24439,-170
658,34.046,8494,8162,24049,24746,332
659,34.098,7383,8193,25060,24620,-810
660,34.15,8765,8296,25053,24945,469
661,34.201,8663,8429,24830,24318,234
662,34.253,8456,8350,24966,23963,106
663,34.305,8132,7987,25230,24505,145
664,34.357,8436,8314,24140,24535,122
665,34.408,8235,8296,24312,24620,-61
666,34.46,8794,8344,24233,24541,450
667,34.512,8883,8308,25887,25030,575
668,34.564,8408,8350,24809,24427,58
669,34.615,7792,8199,23051,24620,-407
670,34.667,8893,8199,24527,24602,694
671,34.719,8355,8199,24650,24451,156
672,34.771,7450,7877,23203,24571,-427
673,34.822,8794,8284,25744,24698,510
674,34.874,7714,8078,25208,24656,-364
675,34.926,8665,8235,24455,24704,430
676,34.978,7759,8156,25653,24945,-397
677,35.029,8404,8108,25819,24794,296
678,35.081,7999,8078,23365,24632,-79
679,35.133,8451,8011,24894,24427,440
680,35.185,7592,8247,24360,24565,-655
681,35.236,8565,8259,24085,24758,306
682,35.288,8636,8126,23886,24819,510
683,35.34,8529,8120,24859,24541,409
684,35.392,7775,8308,24519,24746,-533
685,35.443,7740,8181,25158,24186,-441
686,35.495,8362,8278,24757,23914,84
687,35.547,8396,8114,24381,24776,282
688,35.598,7954,8484,23681,24855,-530
689,35.65,7992,8393,25571,24951,-401
690,35.702,8280,8272,25216,24427,8
691,35.754,8311,8132,25223,24867,179
692,35.805,8570,8169,24292,24439,401
693,35.857,7921,8071,23739,24457,-150
694,35.909,7880,8102,25261,24559,-222
695,35.961,7972,8144,24299,24547,-172
696,36.012,8637,8047,24078,24505,590
697,36.064,8685,7890,24529,24403,795
698,36.116,8780,8059,23796,24336,721
699,36.168,8250,8175,24086,24638,75
700,36.219,8107,8138,26955,25144,-31
701,36.271,7998,8241,25443,24951,-243
702,36.323,8488,8150,25664,24770,338
703,36.375,8260,8363,25670,24155,-103
704,36.426,8406,8235,24858,24614,171
705,36.478,8786,8435,23866,24620,351
706,36.53,8971,8266,23969,24981,705
707,36.582,8536,8114,26456,24342,422
708,36.633,8149,8247,24428,24662,-98
709,36.685,8655,8053,24454,24348,602
710,36.737,8281,8320,24674,24704,-39
711,36.789,7611,7974,24319,24885,-363
712,36.84,8295,8253,25400,24614,42
713,36.892,8755,8247,26954,24571,508
714,36.944,8010,8084,25118,24825,-74
715,36.996,7908,8162,24442,24620,-254
716,37.047,8409,8350,23663,24487,59
717,37.099,8776,8284,24736,24469,492
718,37.151,9152,8114,24708,24692,1038
719,37.202,9590,8302,26051,24849,1288
720,37.254,8839,8235,26204,24668,604
721,37.306,8784,8181,24622,24378,603
722,37.358,9997,8096,25942,24644,1901
723,37.409,9879,8187,24878,24764,1692
724,37.461,11282,8381,24968,24559,2901
725,37.513,11689,8454,25100,24523,3235
726,37.565,10993,8132,25160,24583,2861
727,37.616,9947,8084,26092,24746,1863
728,37.668,11381,8211,24378,24632,3170
729,37.72,10323,8041,25299,24837,2282
730,37.772,8981,8187,24818,24794,794
731,37.823,9279,8150,24709,24083,1129
732,37.875,9084,8096,25008,24782,988
733,37.927,9256,8169,23905,24885,1087
734,37.979,8931,8059,24767,24354,872
735,38.03,9627,8175,25384,24800,1452
736,38.082,8551,8120,24600,24571,431
737,38.134,10219,7999,25937,24794,2220
738,38.186,9052,8169,24143,24626,883
739,38.237,9418,8205,23537,24360,1213
740,38.289,8712,8090,25442,24698,622
741,38.341,10711,8211,24166,24523,2500
742,38.393,15602,8466,25061,24589,7136
743,38.444,12868,8308,25289,24614,4560
744,38.496,11410,8387,26365,24583,3023
745,38.548,11553,8302,25322,24264,3251
746,38.6,10535,8132,25712,24843,2403
747,38.651,10987,8278,25019,24734,2709
748,38.703,10572,8363,24254,24294,2209
749,38.755,10585,8132,24312,24596,2453
750,38.806,8588,8290,24948,24565,298
751,38.858,8632,8290,25401,24752,342
752,38.91,9607,8314,24679,25687,1293
753,38.962,8450,8059,25664,25024,391
754,39.013,7902,8071,25879,24650,-169
755,39.065,8728,7962,25718,24837,766
756,39.117,9102,8205,25974,24927,897
757,39.169,8155,8278,24383,25168,-123
758,39.22,7945,8108,23072,24975,-163
759,39.272,8156,8241,24668,25126,-85
760,39.324,7775,7987,24570,24963,-212
761,39.376,9082,8120,24792,25060,962
762,39.427,8112,8284,25653,24541,-172
763,39.479,8485,7871,25193,24879,614
764,39.531,7591,8332,26568,24969,-741
765,39.583,8374,8229,24350,24867,145
766,39.634,8671,8102,24752,24517,569
767,39.686,8712,8071,23971,24686,641
768,39.738,8111,8156,24142,24565,-45
769,39.79,7676,8023,26070,24794,-347
770,39.841,7878,8302,24690,24927,-424
771,39.893,8005,8084,25416,24457,-79
772,39.945,7745,8138,24125,25253,-393
773,39.997,7868,7890,26043,24571,-22
774,40.048,8491,7987,25368,24981,504
775,40.1,8949,8047,25576,24764,902
776,40.152,8627,8102,24873,25253,525
777,40.204,7783,7981,25358,24746,-198
778,40.255,7947,7974,25060,25066,-27
779,40.307,8307,8114,25190,24951,193
780,40.359,8207,7993,25050,24391,214
781,40.41,8307,8162,25101,24372,145
782,40.462,8407,8162,26209,24535,245
783,40.514,7521,8169,25820,24987,-648
784,40.566,8225,7920,23805,24800,305
785,40.617,8708,8199,25182,25030,509
786,40.669,8349,7877,24749,24951,472
787,40.721,8256,8181,24804,24734,75
788,40.773,8242,8169,25373,25494,73
789,40.824,7745,8162,25429,25277,-417
790,40.876,8556,8247,23831,25584,309
791,40.928,8035,8223,24491,24957,-188
792,40.98,7798,8138,24398,24963,-340
793,41.031,8642,8090,25565,25132,552
794,41.083,8398,8278,25222,24776,120
795,41.135,8843,8096,24599,25216,747
796,41.187,7854,8314,24401,25090,-460
797,41.238,7780,7926,26256,25277,-146
798,41.29,7772,8078,25734,24813,-306
799,41.342,7491,8084,25731,25228,-593
800,41.394,8361,7950,26413,25325,411
801,41.445,8115,7962,25371,25524,153
802,41.497,8752,8047,23761,24831,705
803,41.549,7759,8071,26258,25554,-312
804,41.601,7993,7805,27048,25011,188
805,41.652,7894,8078,26134,24921,-184
806,41.704,8253,8193,26832,24620,60
807,41.756,8805,8090,23470,24933,715
808,41.808,7728,7987,25023,25186,-259
809,41.859,7895,8162,26427,25186,-267
810,41.911,7888,8011,25601,24921,-123
811,41.963,8221,8059,23304,25241,162
812,42.015,8929,7938,26617,25265,991
813,42.066,9130,7993,24748,24656,1137
814,42.118,7478,7999,24612,25271,-521
815,42.17,8216,7968,25630,25192,248
816,42.221,8314,8126,25505,24999,188
817,42.273,7873,7926,27184,24975,-53
818,42.325,8109,8005,25635,24722,104
819,42.377,8323,7950,26569,24903,373
820,42.428,7997,7974,24609,25385,23
821,42.48,7797,7780,26090,25277,17
822,42.532,8516,7920,25733,24710,596
823,42.584,7969,7956,24705,24861,13
824,42.635,8403,8241,26412,25397,162
825,42.687,8152,7974,25523,25614,178
826,42.739,8318,8132,26538,25253,186
827,42.791,8543,8041,26032,24843,502
828,42.842,7880,7950,26846,25192,-70
829,42.894,7819,8071,26728,25186,-252
830,42.946,8120,8181,25939,25325,-61
831,42.998,8212,8059,26581,25759,153
832,43.049,8246,7890,26244,25156,356
833,43.101,8210,8084,25773,25433,126
834,43.153,8980,7932,27700,25403,1048
835,43.205,8122,8065,25446,25373,57
836,43.256,7957,8029,26092,25614,-72
837,43.308,7797,8272,25841,24849,-475
838,43.36,7633,8090,25758,25355,-457
839,43.412,7437,7962,26426,25825,-525
840,43.463,8799,8175,27185,25373,624
841,43.515,7711,8078,28445,25295,-367
842,43.567,8637,8217,24862,25759,420
843,43.619,8631,7950,25417,25120,681
844,43.67,7948,8065,26276,25319,-117
845,43.722,7743,8102,26095,25982,-359
846,43.774,8182,7847,26197,25837,335
847,43.825,7795,8102,25829,25476,-307
848,43.877,8109,8120,25417,26042,-11
849,43.929,7859,8071,25436,25216,-212
850,43.981,8304,8029,25732,25518,275
851,44.032,7991,7902,26870,25108,89
852,44.084,7922,7981,27687,25355,-59
853,44.136,8057,8132,27197,25530,-75
854,44.188,8069,8011,26043,25289,58
855,44.239,7681,8114,25779,25512,-433
856,44.291,7882,8114,26283,25427,-232
857,44.343,8587,8126,27176,25602,461
858,44.395,7868,8017,27104,25385,-149
859,44.446,8537,7968,25785,25222,569
860,44.498,8129,8035,25594,25699,94
861,44.55,8129,7926,25533,25470,203
862,44.602,8019,8108,24823,25729,-89
863,44.653,7892,8023,27058,25747,-131
864,44.705,8441,8017,27697,25415,424
865,44.757,7641,7817,25258,25699,-176
866,44.809,8241,7999,27711,25801,242
867,44.86,7903,7914,27508,25204,-11
868,44.912,7963,8017,27557,25361,-54
869,44.964,8204,8053,26792,25488,151
870,45.016,8112,8084,27291,25277,28
871,45.067,7620,7877,26370,25174,-257
872,45.119,7803,7999,26031,25699,-196
873,45.171,8314,7908,26564,25536,406
874,45.223,7609,7950,27363,25445,-341
875,45.274,8268,7908,27330,25247,360
876,45.326,8177,8156,26120,25235,21
877,45.378,8319,8017,25605,25632,302
878,45.429,8238,7920,26726,25458,318
879,45.481,7910,8047,27067,25301,-137
880,45.533,8121,8090,26087,25373,31
881,45.585,7405,7890,26338,25313,-485
882,45.636,8460,7926,26918,25138,534
883,45.688,7812,7908,26282,25572,-96
884,45.74,8330,8241,28751,26078,89
885,45.792,8162,8090,26792,25934,72
886,45.843,8656,7944,26563,25849,712
887,45.895,7536,7974,27396,25711,-438
888,45.947,8175,7968,26056,25325,207
889,45.999,7404,7853,28047,25156,-449
890,46.05,8673,7950,25833,25681,723
891,46.102,8428,7956,27208,25488,472
892,46.154,7921,7974,27087,26103,-53
893,46.206,7996,8023,26168,25663,-27
894,46.257,8137,7944,26062,25560,193
895,46.309,8883,8053,26294,25277,830
896,46.361,8056,7968,26405,25548,88
897,46.413,8123,8126,27258,25048,-3
898,46.464,8468,7847,24948,25289,621
899,46.516,8245,7944,26430,25789,301
900,46.568,7575,7987,26523,25747,-412
901,46.62,7526,7884,27903,25663,-358
902,46.671,8131,8005,26594,25982,126
903,46.723,8116,8047,26183,25150,69
904,46.775,8193,8162,25375,25656,31
905,46.827,7881,8078,25431,25723,-197
906,46.878,8976,7908,24836,25638,1068
907,46.93,8425,8059,27364,25922,366
908,46.982,8648,7962,25778,25747,686
909,47.033,8028,8065,26687,25663,-37
910,47.085,8074,7993,26587,25560,81
911,47.137,8189,8223,26767,25554,-34
912,47.189,8780,8071,26937,25681,709
913,47.24,8350,7944,26779,25373,406
914,47.292,8062,7944,26416,25596,118
915,47.344,9162,8071,27326,25596,1091
916,47.396,7955,8169,26851,25849,-214
917,47.447,8051,8071,26840,25349,-20
918,47.499,8934,8126,26437,25421,808
919,47.551,8256,8169,26735,25693,87
920,47.603,8698,8114,25174,25705,584
921,47.654,8476,8029,28036,25325,447
922,47.706,8443,8150,26440,25614,293
923,47.758,7882,8150,25967,25801,-268
924,47.81,8012,7938,26870,25675,74
925,47.861,8738,7908,26061,25409,830
926,47.913,8116,8138,26971,25861,-22
927,47.965,8397,7968,26757,25458,429
928,48.017,8127,8029,27564,25458,98
929,48.068,8611,8005,27213,25518,606
930,48.12,8607,8156,26552,25584,451
931,48.172,7885,8132,26854,25994,-247
932,48.224,8489,8132,26746,25361,357
933,48.275,7894,7932,24736,25271,-38
934,48.327,8181,7956,26733,25283,225
935,48.379,7875,7811,26898,25476,64
936,48.431,8184,7908,25316,25506,276
937,48.482,8055,7726,26134,25204,329
938,48.534,8096,7981,26151,25874,115
939,48.586,7954,7993,25922,25439,-39
940,48.637,8514,7981,27094,25729,533
941,48.689,7666,7920,26568,25542,-254
942,48.741,8135,8205,28090,25886,-70
943,48.793,8474,7920,26376,25578,554
944,48.844,8240,7938,25242,25675,302
945,48.896,7894,7993,27157,25337,-99
946,48.948,7639,7884,26531,25741,-245
947,49.0,7753,7865,27698,25988,-112
948,49.051,7933,8053,25389,25385,-120
949,49.103,7679,7999,25174,25265,-320
950,49.155,7913,8114,26328,25524,-201
951,49.207,8051,7884,27380,25693,167
952,49.258,8167,8035,26427,25874,132
953,49.31,8543,7944,27523,25771,599
954,49.362,8447,8071,28171,25807,376
955,49.414,8677,8011,26023,25409,666
956,49.465,8239,8065,27892,25488,174
957,49.517,8592,7914,25879,25536,678
958,49.569,7680,8005,26687,25861,-325
959,49.621,8207,7841,26934,26091,366
960,49.672,8095,7708,26957,25464,387
961,49.724,8281,8120,26934,26012,161
962,49.776,8177,7938,26867,26000,239
963,49.828,7878,7853,25761,25880,25
964,49.879,7683,7841,26059,25235,-158
965,49.931,8363,7799,27558,25663,564
966,49.983,8715,7950,27503,25548,765
967,50.035,8078,7944,27408,26163,134
968,50.086,8383,7999,28448,25819,384
969,50.138,8251,8114,27245,25976,137
970,50.19,8957,7944,26627,25795,1013
971,50.241,7544,8011,27672,25819,-467
972,50.293,7447,7829,26959,25898,-382
973,50.345,7626,7962,25529,25650,-336
974,50.397,7902,7847,26604,26042,55
975,50.448,8237,8041,24695,25445,196
976,50.5,7928,7841,26497,26000,87
977,50.552,7266,8041,25098,25711,-775
978,50.604,8013,8053,25309,25867,-40
979,50.655,8683,8187,26283,25855,496
980,50.707,7812,8150,26366,26048,-338
981,50.759,7927,8205,26038,26121,-278
982,50.811,8757,8084,24594,25482,673
983,50.862,8346,7835,26441,25675,511
984,50.914,7827,7950,28317,25681,-123
985,50.966,8451,8138,26757,25355,313
986,51.018,8343,7829,27081,26042,514
987,51.069,8015,8132,28083,26006,-117
988,51.121,8676,7993,27041,26000,683
989,51.173,8685,7962,25688,26066,723
990,51.225,7960,7926,27727,25855,34
991,51.276,8323,8005,25329,25819,318
992,51.328,7368,7786,27120,26012,-418
993,51.38,8361,8047,26755,25705,314
994,51.432,7857,7896,27422,25656,-39
995,51.483,8143,8023,28493,26289,120
996,51.535,7855,7950,26588,25916,-95
997,51.587,8797,8144,27009,25898,653
998,51.639,7670,8078,26367,25976,-408
999,51.69,8501,8035,25099,25801,466
