frame,Time [s],CH1,BGND1,CH2,BGND2,intensity
0,0.0,12358,9760,32691,32697,2598
1,0.052,12407,9614,33078,33266,2793
2,0.103,12981,9340,33861,32812,3641
3,0.155,11833,9498,32108,32988,2335
4,0.207,12291,9389,30786,32570,2902
5,0.259,13388,9334,33071,32588,4054
6,0.31,13347,9559,32692,32982,3788
7,0.362,12559,9511,32569,32551,3048
8,0.414,12857,9231,32848,33109,3626
9,0.466,11921,9456,32949,32230,2465
10,0.517,13394,9431,32070,32727,3963
11,0.569,13409,9669,32224,32763,3740
12,0.621,13159,9584,31547,32685,3575
13,0.673,14108,9383,33609,32733,4725
14,0.724,13588,9559,35477,33145,4029
15,0.776,13181,9371,33178,33242,3810
16,0.828,12971,9474,32320,32957,3497
17,0.88,14031,9565,33665,33230,4466
18,0.931,13503,9578,32422,32957,3925
19,0.983,12584,9249,31104,32885,3335
20,1.035,13627,9438,32705,32751,4189
21,1.087,15061,9486,33072,32345,5575
22,1.138,13919,9261,34556,32200,4658
23,1.19,14126,9316,33478,32788,4810
24,1.242,14306,9365,32277,33006,4941
25,1.294,12887,9590,33422,32557,3297
26,1.345,14582,9365,32446,32763,5217
27,1.397,14528,9444,33177,32994,5084
28,1.449,15487,9565,31612,33400,5922
29,1.501,13683,9462,32780,32957,4221
30,1.552,13981,9620,34387,32448,4361
31,1.604,13445,9517,33793,33036,3928
32,1.656,13435,9596,33159,32660,3839
33,1.707,13840,9669,30885,33085,4171
34,1.759,14412,9718,31324,32667,4694
35,1.811,14618,9632,33492,33024,4986
36,1.863,13590,9547,34621,33078,4043
37,1.914,14779,9602,31387,33103,5177
38,1.966,13263,9614,32232,33024,3649
39,2.018,14398,9352,32399,33163,5046
40,2.07,13369,9498,32664,32648,3871
41,2.121,14867,9401,31903,33284,5466
42,2.173,14804,9626,32493,33030,5178
43,2.225,15381,9614,33046,32660,5767
44,2.277,13405,9724,31044,32206,3681
45,2.328,13332,9511,33443,32951,3821
46,2.38,13370,9748,32993,33006,3622
47,2.432,14138,9346,33706,33006,4792
48,2.484,13831,9572,32452,33309,4259
49,2.535,14230,9632,32274,32957,4598
50,2.587,15407,9772,34113,32927,5635
51,2.639,15159,9480,33901,32812,5679
52,2.691,12836,9450,32920,32461,3386
53,2.742,13510,9608,32690,32448,3902
54,2.794,13921,9559,32874,33200,4362
55,2.846,15251,9815,31897,32872,5436
56,2.898,14111,9809,35690,32818,4302
57,2.949,14180,9785,32514,32394,4395
58,3.001,13985,9882,33741,33091,4103
59,3.053,15577,9797,33726,32667,5780
60,3.105,15317,9992,32318,32660,5325
61,3.156,14330,9815,32629,32957,4515
62,3.208,14852,9681,33105,32830,5171
63,3.26,13397,9620,32127,33072,3777
64,3.311,15847,9797,32828,33030,6050
65,3.363,13509,9742,33293,32957,3767
66,3.415,14712,9553,31501,32897,5159
67,3.467,13456,9742,33005,33266,3714
68,3.518,14320,9578,34231,32624,4742
69,3.57,13172,9639,33673,32933,3533
70,3.622,12892,9590,33725,33248,3302
71,3.674,13752,9608,31732,33103,4144
72,3.725,14992,9791,33442,32576,5201
73,3.777,14848,9699,32899,33303,5149
74,3.829,14576,9809,32765,32891,4767
75,3.881,13348,9724,33353,32885,3624
76,3.932,13968,9474,33182,32824,4494
77,3.984,12970,9529,33646,33121,3441
78,4.036,10770,9474,31295,32824,1296
79,4.088,10154,9224,32779,32860,930
80,4.139,9380,9206,33770,32788,174
81,4.191,9438,8859,33563,33291,579
82,4.243,10188,9091,32360,33351,1097
83,4.295,9951,9224,34106,33394,727
84,4.346,10324,9371,34535,32915,953
85,4.398,9469,9005,33282,33139,464
86,4.45,10411,9218,33118,33181,1193
87,4.502,10207,9365,34074,33515,842
88,4.553,9762,9450,33679,33527,312
89,4.605,9701,9352,33711,33606,349
90,4.657,10556,9498,32319,32994,1058
91,4.709,10093,9596,33849,33278,497
92,4.76,9860,9352,33159,32751,508
93,4.812,10314,9602,34151,33012,712
94,4.864,10086,9395,34943,32842,691
95,4.915,11610,9705,32435,33466,1905
96,4.967,12043,9705,34081,33303,2338
97,5.019,13979,9559,34132,33085,4420
98,5.071,13842,9614,33715,33115,4228
99,5.122,14190,9389,33404,33278,4801
100,5.174,13767,9632,32505,33157,4135
101,5.226,13652,9590,33718,33012,4062
102,5.278,13911,9839,35300,32788,4072
103,5.329,12737,9596,34004,33103,3141
104,5.381,16338,9718,32752,32570,6620
105,5.433,14872,9626,32858,33254,5246
106,5.485,14673,9492,32099,33224,5181
107,5.536,15404,9310,32783,32685,6094
108,5.588,15251,9352,31572,32915,5899
109,5.64,13217,9535,34044,32921,3682
110,5.692,13050,9748,33186,32963,3302
111,5.743,12270,9785,32533,32624,2485
112,5.795,12059,9529,33957,33200,2530
113,5.847,12346,9687,32651,32782,2659
114,5.899,11162,9572,34344,33006,1590
115,5.95,11961,9699,31725,32963,2262
116,6.002,12649,9572,34256,32739,3077
117,6.054,13818,9602,32978,33351,4216
118,6.106,12582,9681,32140,33036,2901
119,6.157,12314,9371,33615,33206,2943
120,6.209,12453,9365,34838,33218,3088
121,6.261,13042,9377,35043,33169,3665
122,6.313,13333,9639,33075,33351,3694
123,6.364,13640,9480,32989,33018,4160
124,6.416,13769,9699,32371,33085,4070
125,6.468,13349,9559,33081,33236,3790
126,6.519,12931,9565,34360,33236,3366
127,6.571,13365,9876,33594,32866,3489
128,6.623,12141,9468,33623,33284,2673
129,6.675,12294,9505,32918,32879,2789
130,6.726,12506,9450,35485,33230,3056
131,6.778,13015,9498,31904,32915,3517
132,6.83,12861,9444,33587,32988,3417
133,6.882,13993,9291,33579,33291,4702
134,6.933,12739,9572,33231,33048,3167
135,6.985,12217,9267,31229,33654,2950
136,7.037,11501,9170,32616,33145,2331
137,7.089,12933,9431,34385,32630,3502
138,7.14,12705,9304,33479,33145,3401
139,7.192,11679,9395,34158,33048,2284
140,7.244,12591,9395,33415,32660,3196
141,7.296,12098,9358,33339,33115,2740
142,7.347,12466,9438,33363,33103,3028
143,7.399,11840,9298,32917,33097,2542
144,7.451,12140,9438,34575,32673,2702
145,7.503,12765,9395,33938,33078,3370
146,7.554,12274,9328,32860,33060,2946
147,7.606,12836,9261,36029,33218,3575
148,7.658,12782,9231,33160,33297,3551
149,7.71,11492,9358,33368,33381,2134
150,7.761,11401,9596,33394,32988,1805
151,7.813,13359,9395,33194,33103,3964
152,7.865,11960,9340,33832,33363,2620
153,7.917,11710,9322,32759,33345,2388
154,7.968,11976,9188,32472,33284,2788
155,8.02,11509,9316,34845,32885,2193
156,8.072,12016,9620,32785,33436,2396
157,8.123,12647,9590,32708,33339,3057
158,8.175,12272,9669,34117,33200,2603
159,8.227,13883,9523,32851,33248,4360
160,8.279,13350,9474,33199,32909,3876
161,8.33,13437,9346,32946,33824,4091
162,8.382,12957,9565,32398,32903,3392
163,8.434,12205,9298,33833,33236,2907
164,8.486,12847,9462,33311,33406,3385
165,8.537,12741,9255,34410,33078,3486
166,8.589,11370,9212,33824,33036,2158
167,8.641,12323,9438,33590,33242,2885
168,8.693,12278,9480,33917,32818,2798
169,8.744,13004,9614,33993,32909,3390
170,8.796,12652,9431,31685,32667,3221
171,8.848,11633,9456,32133,33424,2177
172,8.9,12212,9322,33518,33369,2890
173,8.951,12778,9261,35169,33424,3517
174,9.003,13006,9468,35295,33121,3538
175,9.055,13307,9456,33667,33545,3851
176,9.107,11603,9425,31567,33042,2178
177,9.158,14360,9565,33283,33303,4795
178,9.21,13115,9365,35638,33418,3750
179,9.262,11650,9431,32617,32951,2219
180,9.314,12030,9553,34477,32879,2477
181,9.365,13117,9523,34109,33454,3594
182,9.417,13453,9639,32489,33460,3814
183,9.469,12943,9407,33583,33303,3536
184,9.521,12391,9517,31418,33254,2874
185,9.572,12948,9395,33665,33266,3553
186,9.624,12283,9596,32245,32788,2687
187,9.676,13392,9468,32863,32727,3924
188,9.727,12833,9505,33633,33024,3328
189,9.779,12020,9663,31857,33078,2357
190,9.831,12153,9304,35135,32345,2849
191,9.883,11014,9298,33259,33000,1716
192,9.934,9147,9705,33989,33284,-558
193,9.986,9510,9328,33477,33569,182
194,10.038,9327,9431,33691,33448,-104
195,10.09,9895,9316,32931,33472,579
196,10.141,9492,9565,33094,33406,-73
197,10.193,8388,9212,35356,33624,-824
198,10.245,9652,9431,34665,33097,221
199,10.297,9737,9340,31299,32872,397
200,10.348,9089,9115,34275,33188,-26
201,10.4,9938,9218,33581,32933,720
202,10.452,9233,9450,34160,33436,-217
203,10.504,9408,9158,32839,33078,250
204,10.555,10096,9182,32563,32982,914
205,10.607,9399,9584,34428,33248,-185
206,10.659,9362,9212,34476,33721,150
207,10.711,9818,9237,33661,33490,581
208,10.762,9903,9316,33662,33248,587
209,10.814,9925,9371,35411,33048,554
210,10.866,9063,9182,32844,33503,-119
211,10.918,10373,9273,35088,33527,1100
212,10.969,8895,9480,32642,32842,-585
213,11.021,10184,9206,33879,33799,978
214,11.073,9768,9017,34347,32776,751
215,11.125,9491,9322,34668,33297,169
216,11.176,9129,9431,32965,33121,-302
217,11.228,8982,9285,32675,33236,-303
218,11.28,9370,9261,31585,33254,109
219,11.331,9493,9462,34665,32776,31
220,11.383,9521,9237,33784,33030,284
221,11.435,9739,9091,35778,33381,648
222,11.487,9329,9139,33014,33066,190
223,11.538,8858,9358,34155,33157,-500
224,11.59,9535,9572,32482,33169,-37
225,11.642,8962,9401,34322,33018,-439
226,11.694,9072,9237,36159,33527,-165
227,11.745,9424,9291,33027,33121,133
228,11.797,8215,9200,35042,33496,-985
229,11.849,9108,9352,32445,33690,-244
230,11.901,8847,9620,35708,33575,-773
231,11.952,8383,9139,32870,33478,-756
232,12.004,9030,9298,34371,33412,-268
233,12.056,8691,9304,34397,33636,-613
234,12.108,9259,9103,32219,33612,156
235,12.159,8672,9249,33764,33490,-577
236,12.211,9597,9249,33712,33236,348
237,12.263,9186,9340,34031,32909,-154
238,12.315,9691,9048,32496,33515,643
239,12.366,8912,9188,33262,33078,-276
240,12.418,8621,9255,32975,33375,-634
241,12.47,9277,9255,33285,33297,22
242,12.522,9305,9158,32680,32988,147
243,12.573,8326,8969,32678,33175,-643
244,12.625,9249,9316,33858,33297,-67
245,12.677,8864,9151,33567,33284,-287
246,12.729,9441,9194,32680,33333,247
247,12.78,8896,9298,35640,33363,-402
248,12.832,8966,9097,34008,33460,-131
249,12.884,9327,9340,32163,33012,-13
250,12.935,8695,9158,34477,33181,-463
251,12.987,8865,9486,33550,33466,-621
252,13.039,9233,9255,34359,33224,-22
253,13.091,7967,9133,34454,33188,-1166
254,13.142,8703,9145,34585,33291,-442
255,13.194,8457,9182,33719,33103,-725
256,13.246,8623,9218,34083,33460,-595
257,13.298,8555,9243,32436,33048,-688
258,13.349,8903,9133,33415,33181,-230
259,13.401,8803,9212,33473,33836,-409
260,13.453,9035,8914,35582,33260,121
261,13.505,10092,9200,34877,33315,892
262,13.556,9044,8926,33629,33133,118
263,13.608,8617,9334,32036,33266,-717
264,13.66,9505,9273,32853,33315,232
265,13.712,8762,9109,33204,33212,-347
266,13.763,9302,9730,32637,33612,-428
267,13.815,10543,9474,33152,33006,1069
268,13.867,8235,9371,34611,33624,-1136
269,13.919,9041,9365,33696,33024,-324
270,13.97,9334,9206,33882,32885,128
271,14.022,9018,9285,33263,33484,-267
272,14.074,9175,9218,32849,33569,-43
273,14.126,8090,9237,36404,33581,-1147
274,14.177,8647,9224,34258,32969,-577
275,14.229,9238,9103,32465,32739,135
276,14.281,9283,9218,34945,33109,65
277,14.333,8541,9005,34715,33709,-464
278,14.384,9778,9279,34835,33339,499
279,14.436,9644,9170,33160,33066,474
280,14.488,8699,9316,34704,33206,-617
281,14.54,8852,9103,33790,33151,-251
282,14.591,9039,9340,33851,33181,-301
283,14.643,9124,9115,31995,33533,9
284,14.695,9496,9249,33712,33242,247
285,14.746,9017,9352,34955,33121,-335
286,14.798,9914,9066,34712,33327,848
287,14.85,9517,9279,35314,33812,238
288,14.902,9489,9243,32769,33593,246
289,14.953,8888,9109,34054,33375,-221
290,15.005,8520,9237,34207,33545,-717
291,15.057,9442,9176,32619,33503,266
292,15.109,9312,9249,33639,33024,63
293,15.16,8797,9395,35106,33442,-598
294,15.212,9135,9340,34218,32818,-205
295,15.264,9707,9365,31939,33139,342
296,15.316,8935,9145,33937,33509,-210
297,15.367,9161,9212,33465,33733,-51
298,15.419,8923,9498,33721,33418,-575
299,15.471,8974,9699,34516,33381,-725
300,15.523,9754,9553,33272,33684,201
301,15.574,8553,9304,33431,33575,-751
302,15.626,9242,9224,32965,32927,18
303,15.678,9277,9316,33442,33375,-39
304,15.73,9420,9438,34514,33236,-18
305,15.781,9145,9407,35172,33521,-262
306,15.833,9463,9346,34125,33133,117
307,15.885,9454,9371,33857,33672,83
308,15.937,8786,9395,35459,33799,-609
309,15.988,8830,9474,32466,33757,-644
310,16.04,9288,9480,34206,33630,-192
311,16.092,9117,9511,32486,33351,-394
312,16.144,8685,9255,32459,33424,-570
313,16.195,9041,9565,32798,33460,-524
314,16.247,8090,9383,32134,33472,-1293
315,16.299,9586,9438,33712,33424,148
316,16.35,8577,9273,33561,33412,-696
317,16.402,8933,9115,33505,33351,-182
318,16.454,8878,9401,31666,33103,-523
319,16.506,8906,9559,34296,33260,-653
320,16.557,9600,9371,33014,33175,229
321,16.609,9607,9431,32630,33175,176
322,16.661,9332,9261,31294,33375,71
323,16.713,9723,9383,34142,33448,340
324,16.764,8331,9231,34577,33472,-900
325,16.816,8644,9450,33316,33000,-806
326,16.868,9133,9395,33712,33381,-262
327,16.92,8531,9103,34098,33593,-572
328,16.971,9219,9255,33887,33781,-36
329,17.023,9047,9377,34021,33660,-330
330,17.075,9504,9255,32116,33799,249
331,17.127,9731,9322,33594,33278,409
332,17.178,9000,9383,34395,33212,-383
333,17.23,9363,9139,32990,33303,224
334,17.282,8215,8944,33497,33163,-729
335,17.334,9458,9164,33441,33854,294
336,17.385,8706,9614,33532,33824,-908
337,17.437,9409,9486,36486,32885,-77
338,17.489,8817,9450,33520,33702,-633
339,17.541,9195,9340,34240,33030,-145
340,17.592,9336,9377,34401,33327,-41
341,17.644,9093,9523,34197,33448,-430
342,17.696,8910,9553,34620,33702,-643
343,17.748,9900,9352,33778,33496,548
344,17.799,9217,9115,34037,33945,102
345,17.851,8562,9377,33819,33412,-815
346,17.903,8723,9182,33347,33363,-459
347,17.954,8982,9371,33987,33394,-389
348,18.006,8679,9425,33630,33672,-746
349,18.058,8981,9206,31802,33278,-225
350,18.11,9614,9328,32176,33424,286
351,18.161,8224,9127,31793,33109,-903
352,18.213,8555,9444,32708,32860,-889
353,18.265,9115,9450,31329,33466,-335
354,18.317,9550,9383,34609,33527,167
355,18.368,8984,9559,33819,33230,-575
356,18.42,9490,9298,33916,33145,192
357,18.472,9422,9170,32407,33454,252
358,18.524,8565,9298,34561,33327,-733
359,18.575,8881,9291,34701,33902,-410
360,18.627,8876,9261,35328,33509,-385
361,18.679,8585,9395,34338,33575,-810
362,18.731,9496,9328,34439,33545,168
363,18.782,8487,9133,33359,33745,-646
364,18.834,8841,9255,33327,33490,-414
365,18.886,9792,9237,36431,33963,555
366,18.938,9292,9358,33550,33709,-66
367,18.989,8552,9365,33503,33721,-813
368,19.041,9112,9188,35114,33830,-76
369,19.093,8988,9456,35019,33618,-468
370,19.145,9695,9121,32432,33357,574
371,19.196,8949,9304,35981,33484,-355
372,19.248,8521,9042,32161,33060,-521
373,19.3,8863,9224,32901,33545,-361
374,19.352,9266,9218,34388,33454,48
375,19.403,8744,9279,33724,33381,-535
376,19.455,8556,8969,34044,33606,-413
377,19.507,9054,9456,32830,33509,-402
378,19.558,9726,9565,33358,33430,161
379,19.61,9543,9468,33842,33278,75
380,19.662,8962,9243,34831,33424,-281
381,19.714,8956,9377,34630,33672,-421
382,19.765,9738,9237,34721,33963,501
383,19.817,8598,9285,32812,33496,-687
384,19.869,9405,9017,34410,33436,388
385,19.921,8719,9310,33827,33394,-591
386,19.972,8580,9371,35399,33793,-791
387,20.024,10044,9091,32726,33339,953
388,20.076,9196,9365,33570,33484,-169
389,20.128,9412,9158,33154,33890,254
390,20.179,8969,9170,34127,33751,-201
391,20.231,9065,9200,34238,34114,-135
392,20.283,9425,9340,35280,33436,85
393,20.335,9066,9322,34133,33612,-256
394,20.386,9497,9511,34044,33357,-14
395,20.438,9441,9139,35796,33351,302
396,20.49,9133,9322,33632,33654,-189
397,20.542,9694,9310,33950,33793,384
398,20.593,10166,9389,35287,33509,777
399,20.645,9387,9498,34739,33709,-111
400,20.697,8857,9346,35030,33297,-489
401,20.749,9521,9395,33826,33436,126
402,20.8,9551,9438,34334,33400,113
403,20.852,8989,9462,33538,33460,-473
404,20.904,9847,9474,32479,33599,373
405,20.956,9356,9109,34693,34036,247
406,21.007,9625,9395,33949,33563,230
407,21.059,9047,9505,32790,33963,-458
408,21.111,9824,9492,34806,33666,332
409,21.162,8661,9164,35023,33642,-503
410,21.214,10116,8877,34232,33751,1239
411,21.266,9961,9212,34388,33436,749
412,21.318,9057,9365,33571,33103,-308
413,21.369,8791,9328,33537,33236,-537
414,21.421,9526,9200,34947,33460,326
415,21.473,9228,9377,33279,33599,-149
416,21.525,8820,9212,33260,33133,-392
417,21.576,9667,9328,34131,33569,339
418,21.628,8668,9109,33870,33181,-441
419,21.68,8938,9066,32654,34042,-128
420,21.732,8142,8999,33408,33672,-857
421,21.783,9240,9474,32395,33527,-234
422,21.835,9438,9237,32576,33799,201
423,21.887,8911,9121,33223,33430,-210
424,21.939,9896,9036,33836,33406,860
425,21.99,9654,9304,34806,33860,350
426,22.042,8673,9170,34099,33545,-497
427,22.094,8514,9151,33989,33418,-637
428,22.146,9964,9127,35482,33660,837
429,22.197,9032,9115,33607,33400,-83
430,22.249,9514,8950,33329,33509,564
431,22.301,9215,8987,35330,33527,228
432,22.353,9250,9036,34283,33303,214
433,22.404,9189,9011,34601,33654,178
434,22.456,9007,9298,35347,33709,-291
435,22.508,9338,9011,35807,33515,327
436,22.56,9549,9255,37080,33472,294
437,22.611,9150,9304,33384,33412,-154
438,22.663,9432,9206,33267,33666,226
439,22.715,8880,9249,36437,33521,-369
440,22.766,8425,9316,35465,33818,-891
441,22.818,9612,9218,33788,33981,394
442,22.87,8487,9291,33914,33799,-804
443,22.922,8237,9365,35630,33684,-1128
444,22.973,9261,9200,34349,33503,61
445,23.025,8294,9218,35596,33981,-924
446,23.077,8824,9310,34630,33612,-486
447,23.129,9004,9145,35512,34127,-141
448,23.18,9466,9091,34932,34193,375
449,23.232,9405,9298,35389,33866,107
450,23.284,8973,9267,32363,33993,-294
451,23.336,9289,9170,33350,33624,119
452,23.387,9001,9316,33526,33509,-315
453,23.439,8945,9273,34650,33684,-328
454,23.491,9582,9529,36017,33993,53
455,23.543,9202,9285,34277,33466,-83
456,23.594,8318,9188,34764,33848,-870
457,23.646,8744,9194,34789,33503,-450
458,23.698,8482,9231,34809,33527,-749
459,23.75,9382,9115,34705,33745,267
460,23.801,9191,9310,32991,33466,-119
461,23.853,9246,9346,34911,33442,-100
462,23.905,9537,9358,34306,33793,179
463,23.957,9401,9407,34728,33297,-6
464,24.008,9337,9139,35255,33775,198
465,24.06,8948,9267,33595,33787,-319
466,24.112,9104,9170,33069,33587,-66
467,24.164,9220,9127,34390,33684,93
468,24.215,8815,9066,34582,33933,-251
469,24.267,8683,9401,33850,33963,-718
470,24.319,9952,9237,31986,33763,715
471,24.37,9006,9340,33618,33812,-334
472,24.422,8859,9291,33675,34205,-432
473,24.474,8794,9036,35046,33824,-242
474,24.526,9251,9218,32986,33557,33
475,24.577,8493,9097,33809,33545,-604
476,24.629,9667,9170,32959,33745,497
477,24.681,9139,9237,33566,34036,-98
478,24.733,9174,9237,33211,33830,-63
479,24.784,8756,9115,34027,33763,-359
480,24.836,9387,9158,33780,33460,229
481,24.888,8917,9176,34483,33793,-259
482,24.94,9166,9431,34827,33581,-265
483,24.991,8123,9188,33302,33430,-1065
484,25.043,8677,9182,31989,33763,-505
485,25.095,8686,9170,33996,33908,-484
486,25.147,8296,9249,31443,34339,-953
487,25.198,8883,9017,33778,33236,-134
488,25.25,9245,9139,33173,33696,106
489,25.302,8165,9024,34096,33297,-859
490,25.354,9674,9243,36137,33975,431
491,25.405,9374,9322,33545,33321,52
492,25.457,8750,9401,33795,33781,-651
493,25.509,9502,9322,32820,33824,180
494,25.561,8496,9091,34124,33448,-595
495,25.612,8397,9261,33166,33739,-864
496,25.664,9287,9158,33410,34199,129
497,25.716,9501,9505,34638,33218,-4
498,25.768,8747,9151,34756,33484,-404
499,25.819,9909,9017,33857,33563,892
500,25.871,9350,8957,34086,33781,393
501,25.923,8815,9273,34849,33557,-458
502,25.974,9275,9176,34330,33430,99
503,26.026,9406,9164,34679,33745,242
504,26.078,8789,9024,32855,33430,-235
505,26.13,9190,8993,34098,33672,197
506,26.181,8890,9243,34024,33351,-353
507,26.233,9784,8944,33921,33702,840
508,26.285,9447,9279,33865,33085,168
509,26.337,8909,9243,33963,33927,-334
510,26.388,9109,9212,34163,34145,-103
511,26.44,8944,9389,34134,33539,-445
512,26.492,8760,9267,34916,33818,-507
513,26.544,8709,9206,33961,33690,-497
514,26.595,8997,9322,33088,33799,-325
515,26.647,9302,9036,34140,33702,266
516,26.699,8057,9358,33695,33848,-1301
517,26.751,8891,9017,33247,34072,-126
518,26.802,9283,9072,34756,33593,211
519,26.854,8646,9139,32484,33333,-493
520,26.906,8738,9322,34974,34090,-584
521,26.958,9211,9456,31260,33939,-245
522,27.009,9628,9261,34128,33963,367
523,27.061,9094,9206,33354,33624,-112
524,27.113,10024,9273,34845,33945,751
525,27.165,9129,9151,33843,33357,-22
526,27.216,8721,9042,33828,34169,-321
527,27.268,8969,9084,33475,33927,-115
528,27.32,9210,9151,33861,33400,59
529,27.372,9059,9243,33382,33733,-184
530,27.423,8636,8957,34222,33557,-321
531,27.475,9630,9291,35159,33503,339
532,27.527,9056,9139,33676,33824,-83
533,27.578,9185,9133,33694,33866,52
534,27.63,8850,9206,34835,33442,-356
535,27.682,9113,9188,35368,33915,-75
536,27.734,8980,9103,34462,33060,-123
537,27.785,9361,9078,34589,33769,283
538,27.837,9758,9127,34482,33612,631
539,27.889,9633,9194,34565,33678,439
540,27.941,9505,9036,36309,33696,469
541,27.992,8963,9158,33492,33333,-195
542,28.044,8910,8987,32337,33472,-77
543,28.096,9630,9468,33876,33339,162
544,28.148,9054,9170,34464,32975,-116
545,28.199,10210,9182,33320,33618,1028
546,28.251,9048,8938,34357,33454,110
547,28.303,9481,8865,33864,33624,616
548,28.355,9439,9097,35523,33339,342
549,28.406,8828,9091,33087,33515,-263
550,28.458,9454,9078,34963,33933,376
551,28.51,8406,9109,33290,33805,-703
552,28.562,8893,9145,33931,33769,-252
553,28.613,9459,9158,33396,33727,301
554,28.665,9244,9121,34511,33981,123
555,28.717,9247,8963,33526,33999,284
556,28.769,9137,9243,33292,34351,-106
557,28.82,9340,9218,34964,33993,122
558,28.872,8931,9176,34574,33684,-245
559,28.924,8260,9091,33532,33406,-831
560,28.976,9479,9249,34770,34163,230
561,29.027,8623,9109,32622,34181,-486
562,29.079,9587,9188,34438,33678,399
563,29.131,9256,9084,34235,33727,172
564,29.182,8549,9005,33562,33381,-456
565,29.234,8550,9060,34564,33860,-510
566,29.286,9317,9054,32872,34211,263
567,29.338,9591,8774,32165,34114,817
568,29.389,8573,9109,34473,33999,-536
569,29.441,8741,9170,34488,33854,-429
570,29.493,9202,9139,34530,33702,63
571,29.545,8784,9030,34857,33848,-246
572,29.596,8875,9164,34154,34460,-289
573,29.648,9224,9249,34608,33733,-25
574,29.7,8889,8981,35220,33630,-92
575,29.752,9171,9206,33297,33630,-35
576,29.803,8518,9054,33902,33757,-536
577,29.855,9316,9176,34371,33466,140
578,29.907,8819,9304,36397,33630,-485
579,29.959,8342,9072,36160,33830,-730
580,30.01,8632,9139,34796,34223,-507
581,30.062,8441,9261,33274,33963,-820
582,30.114,8936,9121,34199,34387,-185
583,30.166,8721,9267,32502,33484,-546
584,30.217,8043,9291,34077,33599,-1248
585,30.269,9315,9206,33150,33406,109
586,30.321,9342,9176,31892,33987,166
587,30.373,9017,9273,33244,33848,-256
588,30.424,9024,9097,33406,33812,-73
589,30.476,8832,9170,34442,33999,-338
590,30.528,9567,9358,36655,33690,209
591,30.58,8391,9389,33137,33812,-998
592,30.631,8850,9316,33039,33369,-466
593,30.683,8639,9279,32807,33309,-640
594,30.735,8799,9145,34576,33927,-346
595,30.786,8678,9273,32998,34072,-595
596,30.838,9247,9024,34555,33939,223
597,30.89,9094,9310,36780,33521,-216
598,30.942,8658,9127,34675,34217,-469
599,30.993,8607,9030,33290,33805,-423
600,31.045,8701,9164,33506,33739,-463
601,31.097,9853,9121,35608,33787,732
602,31.149,9469,9273,35774,34163,196
603,31.2,9548,9097,34557,34199,451
604,31.252,9039,9255,35007,33291,-216
605,31.304,8540,9310,34957,33908,-770
606,31.356,9783,9231,35731,33824,552
607,31.407,8483,9425,34222,33678,-942
608,31.459,8820,9316,35014,33509,-496
609,31.511,8348,9145,34372,33757,-797
610,31.563,9627,9127,34595,33618,500
611,31.614,8599,9005,34461,34078,-406
612,31.666,8885,9352,34575,34036,-467
613,31.718,8994,9346,34312,34048,-352
614,31.77,8994,9456,33583,33927,-462
615,31.821,9232,9407,33560,34072,-175
616,31.873,9974,9243,34129,33993,731
617,31.925,9429,9261,35235,34042,168
618,31.977,10131,9127,34874,33672,1004
619,32.028,9112,9206,33941,34460,-94
620,32.08,8836,9249,33469,34157,-413
621,32.132,9554,9535,34831,33908,19
622,32.184,8654,9371,35190,33848,-717
623,32.235,8960,9188,33005,34066,-228
624,32.287,8721,9322,34104,34127,-601
625,32.339,9248,9298,33008,33860,-50
626,32.39,9318,9048,34478,33854,270
627,32.442,9266,9194,34984,34193,72
628,32.494,8733,8950,34286,33793,-217
629,32.546,9213,9346,34394,34405,-133
630,32.597,8589,9261,33981,33824,-672
631,32.649,8807,9462,35319,33951,-655
632,32.701,9030,9084,33995,34108,-54
633,32.753,9594,9084,34850,33981,510
634,32.804,9357,9255,34846,33375,102
635,32.856,8623,9310,33987,33975,-687
636,32.908,9503,9358,35228,34314,145
637,32.96,9184,9151,33454,34314,33
638,33.011,9185,9042,33799,33969,143
639,33.063,8814,9218,33605,33660,-404
640,33.115,9445,9109,35229,34478,336
641,33.167,9739,9584,34559,34181,155
642,33.218,9430,9419,35013,34151,11
643,33.27,9548,9054,35896,34478,494
644,33.322,8346,9158,35844,33969,-812
645,33.374,8406,9218,33945,33969,-812
646,33.425,8933,9158,33588,33842,-225
647,33.477,8844,9127,34064,34133,-283
648,33.529,8855,9188,34695,34314,-333
649,33.581,8396,9346,32992,33472,-950
650,33.632,9625,9340,35097,34551,285
651,33.684,9119,9261,33450,34121,-142
652,33.736,8234,9328,34525,33878,-1094
653,33.788,9104,9261,33969,33884,-157
654,33.839,8410,9261,35217,34139,-851
655,33.891,8870,9121,35039,34078,-251
656,33.943,9543,9224,35889,34448,319
657,33.994,9266,9267,33420,34351,-1
658,34.046,9079,9462,35206,33987,-383
659,34.098,9436,9279,34744,34363,157
660,34.15,8520,9304,33113,34011,-784
661,34.201,9336,9328,35895,34139,8
662,34.253,9042,9298,34287,33842,-256
663,34.305,8965,9474,33211,33430,-509
664,34.357,9775,9511,33712,33993,264
665,34.408,8568,9267,33906,33830,-699
666,34.46,9048,9279,36522,34296,-231
667,34.512,9137,9365,35093,34193,-228
668,34.564,9037,9559,34462,34121,-522
669,34.615,8774,9340,34987,34375,-566
670,34.667,9496,9444,35153,33745,52
671,34.719,8870,9151,35821,34217,-281
672,34.771,9275,9103,34465,33830,172
673,34.822,9598,9048,33789,33636,550
674,34.874,8996,9078,33689,34333,-82
675,34.926,9403,9097,34748,33969,306
676,34.978,9306,9340,35190,34514,-34
677,35.029,9433,9170,34487,34296,263
678,35.081,8778,9279,34989,34175,-501
679,35.133,9003,9365,33547,33890,-362
680,35.185,10145,9298,35044,34199,847
681,35.236,8746,9291,33118,34320,-545
682,35.288,9019,9164,34510,34108,-145
683,35.34,9411,9261,34153,33684,150
684,35.392,8469,9431,34256,33612,-962
685,35.443,9817,9151,33461,34381,666
686,35.495,9247,9097,36214,34133,150
687,35.547,8504,9267,35030,33642,-763
688,35.598,9179,9170,34685,34302,9
689,35.65,9459,9188,34176,34072,271
690,35.702,9254,9091,36559,33805,163
691,35.754,8329,9084,35599,33902,-755
692,35.805,8923,9285,34074,33927,-362
693,35.857,9430,9255,34341,34381,175
694,35.909,9837,9212,34689,34018,625
695,35.961,9344,9383,34675,33666,-39
696,36.012,9559,9158,34795,33842,401
697,36.064,8926,9267,34504,34248,-341
698,36.116,9603,9109,34420,33842,494
699,36.168,8898,9054,34221,34381,-156
700,36.219,8713,9237,35809,34114,-524
701,36.271,9572,9127,34094,34563,445
702,36.323,8665,9316,34958,34223,-651
703,36.375,9040,9212,35434,34211,-172
704,36.426,9471,9200,35483,34181,271
705,36.478,10108,9231,34534,34375,877
706,36.53,8464,9133,34459,34066,-669
707,36.582,8971,9371,34619,33939,-400
708,36.633,9079,9273,33533,34539,-194
709,36.685,9272,9486,35415,34369,-214
710,36.737,8738,9273,35379,33763,-535
711,36.789,8675,9115,34744,33975,-440
712,36.84,8438,9109,34940,33999,-671
713,36.892,9082,9151,34332,34363,-69
714,36.944,9499,9273,33633,34278,226
715,36.996,9334,9103,35094,34593,231
716,37.047,9312,9218,35041,34357,94
717,37.099,9400,9218,33307,34217,182
718,37.151,9083,9261,31788,34260,-178
719,37.202,8400,9261,34674,33896,-861
720,37.254,9161,9377,32659,34339,-216
721,37.306,8985,9425,34445,33709,-440
722,37.358,9390,9590,34191,34114,-200
723,37.409,9804,9218,33658,34230,586
724,37.461,9920,9346,36553,33969,574
725,37.513,8707,9316,34183,34187,-609
726,37.565,9217,9164,33884,34599,53
727,37.616,9102,9267,34170,34163,-165
728,37.668,8408,9310,34003,33957,-902
729,37.72,9274,9231,36587,34429,43
730,37.772,8586,9285,35256,34024,-699
731,37.823,9167,9340,35155,34193,-173
732,37.875,9630,9194,35289,34363,436
733,37.927,8918,9084,35047,33696,-166
734,37.979,9565,9273,35100,34151,292
735,38.03,8804,9212,35260,34236,-408
736,38.082,9439,9413,33928,34072,26
737,38.134,8853,9066,34441,33830,-213
738,38.186,8918,9091,35716,33630,-173
739,38.237,9328,9425,33075,34084,-97
740,38.289,9977,9218,35399,34066,759
741,38.341,8969,9249,35763,33848,-280
742,38.393,9659,9450,35722,33805,209
743,38.444,9303,9084,35495,34108,219
744,38.496,9556,9444,35598,34223,112
745,38.548,9122,9255,35523,34514,-133
746,38.6,9001,9121,34914,34326,-120
747,38.651,10001,9352,33732,34102,649
748,38.703,9052,9334,37301,34211,-282
749,38.755,8732,9334,33198,34278,-602
750,38.806,9316,9176,37274,34072,140
751,38.858,8971,9121,33676,33878,-150
752,38.91,9757,9632,35732,34417,125
753,38.962,8751,9602,35058,33884,-851
754,39.013,9336,9328,34391,33727,8
755,39.065,8590,9224,34846,34254,-634
756,39.117,9831,9407,34896,34399,424
757,39.169,9933,9224,33423,33460,709
758,39.22,8864,9480,35227,34096,-616
759,39.272,9922,9371,34607,33933,551
760,39.324,9255,9462,35651,34351,-207
761,39.376,9512,9486,35040,34454,26
762,39.427,8799,9462,35803,34314,-663
763,39.479,9094,9651,34725,34587,-557
764,39.531,8922,9419,34142,33775,-497
765,39.583,8912,9444,35011,34351,-532
766,39.634,9532,9346,35315,34108,186
767,39.686,9054,9267,34895,34351,-213
768,39.738,8867,9164,34731,34223,-297
769,39.79,9890,9401,36024,33890,489
770,39.841,9659,9444,33924,33854,215
771,39.893,9537,9164,33365,34472,373
772,39.945,8702,9322,35738,34454,-620
773,39.997,9295,9304,35154,34223,-9
774,40.048,8924,9133,34281,33727,-209
775,40.1,8523,9206,34261,33872,-683
776,40.152,8872,9298,35105,34114,-426
777,40.204,9182,9212,36300,33812,-30
778,40.255,8383,9273,35622,33963,-890
779,40.307,9250,9103,33250,33581,147
780,40.359,8779,9103,35848,34151,-324
781,40.41,9499,9127,32547,33890,372
782,40.462,9127,9444,37735,34351,-317
783,40.514,9041,9206,35599,34199,-165
784,40.566,9152,9438,34537,34157,-286
785,40.617,8936,9127,34248,33781,-191
786,40.669,9075,9352,36547,34199,-277
787,40.721,9618,9298,35574,34423,320
788,40.773,9285,9121,35173,34151,164
789,40.824,8951,9352,37243,34411,-401
790,40.876,9020,9139,34696,33963,-119
791,40.928,8847,8963,35663,34145,-116
792,40.98,9703,9036,33056,34181,667
793,41.031,9188,9158,36527,34654,30
794,41.083,9478,8963,34595,34114,515
795,41.135,8713,9273,35041,34060,-560
796,41.187,9202,9340,32711,33951,-138
797,41.238,9265,9298,34843,34248,-33
798,41.29,9593,9182,34834,34030,411
799,41.342,9313,9224,34662,33727,89
800,41.394,10484,9517,35862,34187,967
801,41.445,8653,9139,34214,34151,-486
802,41.497,9430,9486,34627,34417,-56
803,41.549,9546,9036,33959,33884,510
804,41.601,9391,9164,34201,34199,227
805,41.652,8834,9206,34502,34763,-372
806,41.704,8933,9285,34441,34139,-352
807,41.756,8207,9103,34785,34217,-896
808,41.808,9249,9249,35597,33908,0
809,41.859,9902,9224,34715,34024,678
810,41.911,9830,9273,33998,34054,557
811,41.963,8701,9078,35977,34242,-377
812,42.015,8700,9036,35593,34011,-336
813,42.066,9857,9273,34436,34272,584
814,42.118,9571,9115,36203,34242,456
815,42.17,10037,9121,35761,34363,916
816,42.221,9033,9206,32547,33824,-173
817,42.273,8819,9200,33228,34139,-381
818,42.325,9107,9145,35184,34302,-38
819,42.377,8555,9011,34738,34217,-456
820,42.428,9145,9060,35084,34454,85
821,42.48,9354,9206,34444,34423,148
822,42.532,9070,9145,35095,34151,-75
823,42.584,8794,9176,34370,33781,-382
824,42.635,9298,9188,34702,34145,110
825,42.687,9346,9158,37071,34127,188
826,42.739,8806,9164,33832,34187,-358
827,42.791,8588,9158,34773,34181,-570
828,42.842,8895,9194,34353,34581,-299
829,42.894,8892,9200,34422,33933,-308
830,42.946,9025,9188,37622,34260,-163
831,42.998,8671,9054,34243,34127,-383
832,43.049,9575,9273,34659,34217,302
833,43.101,8445,9054,34114,33969,-609
834,43.153,8551,9365,35333,34563,-814
835,43.205,9037,9042,34176,34102,-5
836,43.256,9265,9091,34942,34290,174
837,43.308,9412,9145,35210,34393,267
838,43.36,9295,9188,35121,34375,107
839,43.412,8946,9206,34981,34127,-260
840,43.463,8836,9091,35894,34575,-255
841,43.515,9267,9036,33258,33872,231
842,43.567,9737,9060,33249,34672,677
843,43.619,10239,9170,34780,34036,1069
844,43.67,9567,9084,36263,34151,483
845,43.722,9485,9097,34335,34938,388
846,43.774,8576,8993,34049,34339,-417
847,43.825,8945,9151,33056,34314,-206
848,43.877,9755,9456,34275,34030,299
849,43.929,9356,9121,35618,34217,235
850,43.981,8835,9279,34550,34757,-444
851,44.032,9769,9371,34875,34145,398
852,44.084,8699,9243,34959,34478,-544
853,44.136,9113,9383,35698,34393,-270
854,44.188,9524,9206,35689,34290,318
855,44.239,9213,9212,35371,34429,1
856,44.291,8279,9151,31976,34102,-872
857,44.343,9699,9377,34057,34078,322
858,44.395,9134,9285,33720,34442,-151
859,44.446,9289,9103,34254,34284,186
860,44.498,9600,9017,33144,33709,583
861,44.55,9035,8987,33849,33830,48
862,44.602,9881,9115,32961,33915,766
863,44.653,9552,9218,34044,33539,334
864,44.705,9136,9206,34602,34357,-70
865,44.757,9297,9358,33916,33739,-61
866,44.809,9259,9133,34307,33812,126
867,44.86,9504,9206,35551,33739,298
868,44.912,8963,9206,35106,33987,-243
869,44.964,8579,9194,34367,33908,-615
870,45.016,10078,9334,33434,34193,744
871,45.067,8987,9334,35665,34751,-347
872,45.119,10279,9127,36361,34454,1152
873,45.171,9185,9224,34586,33933,-39
874,45.223,9056,9103,32454,34581,-47
875,45.274,9461,9316,34239,33775,145
876,45.326,9312,9115,36357,34405,197
877,45.378,8979,9182,33517,34266,-203
878,45.429,8765,9182,35330,34405,-417
879,45.481,9174,9401,36487,34042,-227
880,45.533,9898,9170,35046,34169,728
881,45.585,9564,9328,34865,33951,236
882,45.636,9728,9060,35711,34193,668
883,45.688,9789,9206,35002,34375,583
884,45.74,10006,9316,36281,34260,690
885,45.792,8687,9072,36124,33824,-385
886,45.843,9313,8950,33063,34199,363
887,45.895,9331,9182,35301,34381,149
888,45.947,9880,9310,35576,33939,570
889,45.999,8698,9097,35543,34484,-399
890,46.05,9183,9267,35257,34054,-84
891,46.102,10404,9291,33966,34248,1113
892,46.154,8861,9310,36722,33860,-449
893,46.206,9628,9492,35294,34011,136
894,46.257,9467,9395,35293,34472,72
895,46.309,9457,9091,34018,34114,366
896,46.361,9147,9212,37465,34054,-65
897,46.413,9554,9298,35975,34278,256
898,46.464,8662,9024,34371,34096,-362
899,46.516,8940,9188,33276,33957,-248
900,46.568,9774,9218,34040,33848,556
901,46.62,9156,9164,35712,34678,-8
902,46.671,8607,8969,34979,34563,-362
903,46.723,9503,9115,34538,34108,388
904,46.775,9380,9200,34192,34684,180
905,46.827,9237,9383,36765,34429,-146
906,46.878,9339,8920,35027,34648,419
907,46.93,9090,9103,34323,34018,-13
908,46.982,10187,9243,35591,35011,944
909,47.033,9143,9389,35425,34223,-246
910,47.085,8394,9127,34153,34048,-733
911,47.137,8973,9267,34260,34605,-294
912,47.189,8703,9127,33363,33884,-424
913,47.24,9395,9407,34520,34363,-12
914,47.292,9528,9346,34711,34242,182
915,47.344,9048,9188,35825,33751,-140
916,47.396,9439,9133,34821,34654,306
917,47.447,8997,9158,34720,34526,-161
918,47.499,9345,9255,34373,34351,90
919,47.551,9319,9352,35365,34005,-33
920,47.603,9590,9243,35892,34090,347
921,47.654,9602,9444,35304,34326,158
922,47.706,9565,9048,36600,34387,517
923,47.758,9815,9383,35623,34169,432
924,47.81,9493,9431,33722,34145,62
925,47.861,9990,9231,34219,34139,759
926,47.913,9697,9151,34692,34660,546
927,47.965,8897,9261,35123,34290,-364
928,48.017,9193,9237,33823,33606,-44
929,48.068,9488,9267,34380,33890,221
930,48.12,9032,9444,33150,33933,-412
931,48.172,8901,9237,35080,34011,-336
932,48.224,9305,9395,34410,33963,-90
933,48.275,9006,9505,34836,34181,-499
934,48.327,9493,9261,36471,34314,232
935,48.379,10136,9310,35031,34314,826
936,48.431,8850,9243,35595,34393,-393
937,48.482,9025,9462,34262,34539,-437
938,48.534,9185,9231,36501,34339,-46
939,48.586,10083,9255,34212,33872,828
940,48.637,8897,9316,34802,34793,-419
941,48.689,9022,9285,35383,33842,-263
942,48.741,9934,9438,34538,34211,496
943,48.793,8803,9078,34320,33890,-275
944,48.844,9017,9444,35926,34381,-427
945,48.896,8575,9078,35275,33824,-503
946,48.948,8889,9097,35868,33993,-208
947,49.0,10262,9170,33804,33945,1092
948,49.051,10076,9206,35284,34175,870
949,49.103,8797,9231,36250,33902,-434
950,49.155,8184,9243,35269,34314,-1059
951,49.207,8901,9139,34951,34351,-238
952,49.258,9077,9218,35903,34254,-141
953,49.31,9440,9133,34149,34878,307
954,49.362,9805,9474,35661,34278,331
955,49.414,9547,9578,33479,34090,-31
956,49.465,9425,8896,34256,34157,529
957,49.517,9544,9371,35095,34090,173
958,49.569,9531,9127,34742,34254,404
959,49.621,9650,9218,36656,34199,432
960,49.672,8712,9231,34601,34133,-519
961,49.724,8878,9164,34962,34751,-286
962,49.776,9801,9547,36188,34090,254
963,49.828,8848,9431,35440,34187,-583
964,49.879,9375,9188,33991,34472,187
965,49.931,8871,9255,34701,34320,-384
966,49.983,8704,9200,33952,34805,-496
967,50.035,8909,9334,34506,34944,-425
968,50.086,8593,9164,36311,34369,-571
969,50.138,8541,9091,35606,34429,-550
970,50.19,9631,9431,34203,34266,200
971,50.241,10220,9188,36765,34248,1032
972,50.293,9858,9170,34711,34593,688
973,50.345,10026,9413,35535,34320,613
974,50.397,8777,9151,36544,34357,-374
975,50.448,9862,9669,35682,34654,193
976,50.5,9642,9474,35453,33987,168
977,50.552,8868,9212,35186,34532,-344
978,50.604,8953,9474,34093,34411,-521
979,50.655,8602,9340,33467,34242,-738
980,50.707,9366,9352,35912,34296,14
981,50.759,8779,9109,35838,34278,-330
982,50.811,8857,9224,34688,34272,-367
983,50.862,8850,9182,33481,34787,-332
984,50.914,8860,9115,34932,34751,-255
985,50.966,8534,9310,35289,34732,-776
986,51.018,9607,9127,33336,35356,480
987,51.069,8709,9407,34237,34163,-698
988,51.121,9361,9450,35535,34296,-89
989,51.173,8731,9371,35929,34902,-640
990,51.225,8483,9291,34770,34526,-808
991,51.276,9487,9194,34954,34617,293
992,51.328,8940,9486,34417,34751,-546
993,51.38,8600,8914,36206,34484,-314
994,51.432,9635,9438,35487,34502,197
995,51.483,8655,9243,34761,34139,-588
996,51.535,9746,9224,35469,34090,522
997,51.587,9572,9267,33881,34478,305
998,51.639,9784,9261,35177,34339,523
999,51.69,9067,9176,34608,34284,-109
