frame,Time [s],CH1,BGND1,CH2,BGND2,intensity
0,0.0,15837,10864,49328,49753,4973
1,0.052,14007,11172,50802,49927,2835
2,0.103,16086,11123,49214,49262,4963
3,0.155,17207,11093,49252,49987,6114
4,0.207,18350,10828,51742,49316,7522
5,0.259,14973,10779,51381,47908,4194
6,0.31,14888,11099,51743,49831,3789
7,0.362,15943,10791,51432,49921,5152
8,0.414,14760,10695,52390,49226,4065
9,0.466,16239,10846,53930,48981,5393
10,0.517,15591,10616,50562,49064,4975
11,0.569,14947,10447,50514,48789,4500
12,0.621,15561,10616,50888,49514,4945
13,0.673,14294,10538,49648,49160,3756
14,0.724,14073,10900,53446,49783,3173
15,0.776,14623,10520,50213,49082,4103
16,0.828,15164,10544,53221,49640,4620
17,0.88,14154,10417,52322,49082,3737
18,0.931,15422,10840,50327,49975,4582
19,0.983,16225,10562,50244,49514,5663
20,1.035,14682,10701,48738,49148,3981
21,1.087,14699,10646,51824,48909,4053
22,1.138,15337,10574,52212,48645,4763
23,1.19,15859,10568,52097,48717,5291
24,1.242,13604,10731,49567,49676,2873
25,1.294,17132,11015,51566,49574,6117
26,1.345,18378,10405,50449,48993,7973
27,1.397,18032,10779,52041,49723,7253
28,1.449,18549,10737,49996,49047,7812
29,1.501,18949,10791,51309,50520,8158
30,1.552,18358,10924,49650,49352,7434
31,1.604,18195,10767,49664,49124,7428
32,1.656,18994,10900,50741,49262,8094
33,1.707,18538,10978,51472,49843,7560
34,1.759,18734,10785,51199,49346,7949
35,1.811,14780,11027,50975,49801,3753
36,1.863,15018,10954,53130,49550,4064
37,1.914,14570,10858,50749,49496,3712
38,1.966,15797,10652,50861,49322,5145
39,2.018,14183,10580,52203,49130,3603
40,2.07,14384,11099,50186,48915,3285
41,2.121,16401,10779,54546,49005,5622
42,2.173,15682,10731,52751,49538,4951
43,2.225,15740,10876,51017,49076,4864
44,2.277,17130,10791,53053,49700,6339
45,2.328,15039,10677,52195,48867,4362
46,2.38,14518,10490,51420,49933,4028
47,2.432,15440,10610,52119,49178,4830
48,2.484,15155,10828,49954,49382,4327
49,2.535,14600,10870,51442,49502,3730
50,2.587,15056,10592,51021,49490,4464
51,2.639,14588,10592,51308,49130,3996
52,2.691,15772,10701,51465,48429,5071
53,2.742,14129,10852,49988,49556,3277
54,2.794,13875,10381,51508,48879,3494
55,2.846,14647,10447,51140,50394,4200
56,2.898,15088,10538,51094,49717,4550
57,2.949,14787,10695,51221,49388,4092
58,3.001,15105,10713,52192,48993,4392
59,3.053,15004,10834,52220,50329,4170
60,3.105,15233,10906,50126,49047,4327
61,3.156,15815,10803,48731,49717,5012
62,3.208,14941,10592,52343,49700,4349
63,3.26,16072,10713,52594,50299,5359
64,3.311,15219,10652,53335,49556,4567
65,3.363,14920,10852,52662,49358,4068
66,3.415,15721,10749,51227,48963,4972
67,3.467,15948,10393,51405,49047,5555
68,3.518,15954,10701,52309,49178,5253
69,3.57,15331,10846,50213,49592,4485
70,3.622,14446,10894,54022,50418,3552
71,3.674,14916,11087,52475,48717,3829
72,3.725,15078,11003,53339,48921,4075
73,3.777,14713,10526,52126,50323,4187
74,3.829,15474,10628,52013,50688,4846
75,3.881,14583,10930,51372,49682,3653
76,3.932,15585,10779,52194,49328,4806
77,3.984,14361,10900,53096,50125,3461
78,4.036,14560,10864,51935,49753,3696
79,4.088,15113,10568,51663,49843,4545
80,4.139,14204,10900,50017,49670,3304
81,4.191,15264,10586,49511,49418,4678
82,4.243,14753,10652,51355,50095,4101
83,4.295,14800,10791,53082,49951,4009
84,4.346,16789,10749,53222,49628,6040
85,4.398,15193,10520,51522,49190,4673
86,4.45,14003,10948,52712,50125,3055
87,4.502,15002,10622,50741,50281,4380
88,4.553,15103,10327,52171,49706,4776
89,4.605,14455,10622,51817,49729,3833
90,4.657,15288,10393,52137,50478,4895
91,4.709,13967,10538,51728,50011,3429
92,4.76,15471,10435,52930,49933,5036
93,4.812,15279,10622,53084,49298,4657
94,4.864,15355,10459,50519,49400,4896
95,4.915,14661,10701,53789,49442,3960
96,4.967,15794,10453,49647,50305,5341
97,5.019,14470,10224,50981,49759,4246
98,5.071,13922,10393,49810,49328,3529
99,5.122,14695,10604,52269,50221,4091
100,5.174,15722,10490,49404,49298,5232
101,5.226,14383,10242,51023,49604,4141
102,5.278,14903,10598,51174,50442,4305
103,5.329,14956,10713,52830,49166,4243
104,5.381,16523,10526,51666,49574,5997
105,5.433,15492,10592,53038,50011,4900
106,5.485,15863,10375,49933,49819,5488
107,5.536,14443,10194,51130,49729,4249
108,5.588,15442,10363,50945,50281,5079
109,5.64,14364,10773,51668,49316,3591
110,5.692,14508,10634,53193,49502,3874
111,5.743,15531,10272,53214,49502,5259
112,5.795,14817,10296,50753,49166,4521
113,5.847,16083,10200,51246,49897,5883
114,5.899,16506,10188,51723,49634,6318
115,5.95,14767,10230,52874,49604,4537
116,6.002,16313,10526,52648,50682,5787
117,6.054,15601,10139,52845,49478,5462
118,6.106,15636,10363,54274,49867,5273
119,6.157,15122,10858,52284,48993,4264
120,6.209,14852,10447,49660,49322,4405
121,6.261,15231,10743,52690,49382,4488
122,6.313,14962,10803,52173,49562,4159
123,6.364,14106,10465,49966,48675,3641
124,6.416,14882,10604,49697,50257,4278
125,6.468,16665,10592,51868,50466,6073
126,6.519,15585,10405,51908,49741,5180
127,6.571,14164,10604,51089,49100,3560
128,6.623,15670,10248,51243,50622,5422
129,6.675,15498,10785,52091,49035,4713
130,6.726,14744,10652,52239,49789,4092
131,6.778,16036,10496,55371,50335,5540
132,6.83,13368,10574,49205,50245,2794
133,6.882,14360,10453,52548,49076,3907
134,6.933,15684,10550,51423,49771,5134
135,6.985,16934,10821,51617,50173,6113
136,7.037,17075,11039,51702,49400,6036
137,7.089,15129,10544,51057,49741,4585
138,7.14,14217,10550,54271,49664,3667
139,7.192,15080,10761,51125,50245,4319
140,7.244,16618,10882,51725,49688,5736
141,7.296,15565,11298,52259,49837,4267
142,7.347,16368,11099,51897,50406,5269
143,7.399,16055,10574,50671,50113,5481
144,7.451,15594,10538,52971,48891,5056
145,7.503,14760,10652,52163,49364,4108
146,7.554,14313,10562,52494,49867,3751
147,7.606,14792,10339,49870,49568,4453
148,7.658,14057,10405,52738,49376,3652
149,7.71,15493,10580,51202,48897,4913
150,7.761,18057,10761,51708,49430,7296
151,7.813,14844,10652,53624,50077,4192
152,7.865,15766,10544,53274,49807,5222
153,7.917,15965,10707,53490,50173,5258
154,7.968,14907,10520,52984,49124,4387
155,8.02,15811,10544,54271,49903,5267
156,8.072,14201,10532,52340,50688,3669
157,8.123,14818,10616,51878,48981,4202
158,8.175,15536,10803,51902,49484,4733
159,8.227,16000,10387,49806,49999,5613
160,8.279,14937,10767,53207,49711,4170
161,8.33,15176,10828,53137,49394,4348
162,8.382,13689,10580,51777,49370,3109
163,8.434,14707,10314,53157,50071,4393
164,8.486,15551,10381,53868,49975,5170
165,8.537,15185,10749,54620,49376,4436
166,8.589,15055,10640,51650,50388,4415
167,8.641,15283,10471,52246,49424,4812
168,8.693,14172,10984,51893,49550,3188
169,8.744,14941,10767,53805,49771,4174
170,8.796,15961,10815,53430,50059,5146
171,8.848,16367,11105,52566,50766,5262
172,8.9,15468,11009,52781,49634,4459
173,8.951,15199,11256,52578,49622,3943
174,9.003,15683,11087,51527,50682,4596
175,9.055,15132,11015,51745,50065,4117
176,9.107,15596,10695,51956,49148,4901
177,9.158,15313,10725,51814,49807,4588
178,9.21,15392,10966,53572,49795,4426
179,9.262,16999,10834,50074,49160,6165
180,9.314,16275,10381,50663,48897,5894
181,9.365,17388,10411,52161,49538,6977
182,9.417,14390,10586,54352,49520,3804
183,9.469,16494,10634,50352,49723,5860
184,9.521,15891,10586,55133,50143,5305
185,9.572,16252,11069,55514,49496,5183
186,9.624,15363,10894,52022,49466,4469
187,9.676,16022,10369,51585,49460,5653
188,9.727,15604,10828,51483,49208,4776
189,9.779,16304,10665,52180,49358,5639
190,9.831,15117,10550,51299,50011,4567
191,9.883,14702,11093,53012,49951,3609
192,9.934,18440,10840,52446,49628,7600
193,9.986,20514,10918,53354,50197,9596
194,10.038,15257,10858,52390,50179,4399
195,10.09,16335,11039,53541,50544,5296
196,10.141,15650,11395,52553,49011,4255
197,10.193,14959,10809,54287,49616,4150
198,10.245,16064,11280,49967,50970,4784
199,10.297,15315,10870,53452,50502,4445
200,10.348,14346,10580,51283,51006,3766
201,10.4,16378,10785,52915,50113,5593
202,10.452,15703,10821,54047,49106,4882
203,10.504,16146,10803,51281,51377,5343
204,10.555,15206,10707,54160,49873,4499
205,10.607,15129,10900,51741,49622,4229
206,10.659,16303,10966,52369,50041,5337
207,10.711,15622,11021,53006,50364,4601
208,10.762,16312,10828,51476,50430,5484
209,10.814,15881,10870,52063,50251,5011
210,10.866,15997,10677,52573,50664,5320
211,10.918,16176,11117,54301,49855,5059
212,10.969,16644,10731,53420,49873,5913
213,11.021,16627,10900,51334,49412,5727
214,11.073,16712,11015,52965,50634,5697
215,11.125,15488,10864,50700,49915,4624
216,11.176,16732,10508,52671,49448,6224
217,11.228,15952,10514,54135,49652,5438
218,11.28,13871,10538,53102,49484,3333
219,11.331,16055,10918,50818,50622,5137
220,11.383,14843,10894,52327,49658,3949
221,11.435,14294,10610,54044,50233,3684
222,11.487,15875,10846,51859,50736,5029
223,11.538,17077,10894,52976,49502,6183
224,11.59,15786,10441,53497,50353,5345
225,11.642,16476,10284,50807,49831,6192
226,11.694,16093,10719,52715,50904,5374
227,11.745,15646,10556,52497,50604,5090
228,11.797,17036,10725,55119,50436,6311
229,11.849,15838,10707,53735,49741,5131
230,11.901,14739,10954,54810,49987,3785
231,11.952,15191,10984,54906,50107,4207
232,12.004,15784,10477,51715,49688,5307
233,12.056,16338,10592,52077,49382,5746
234,12.108,16537,10296,52314,50718,6241
235,12.159,15220,10471,54512,50329,4749
236,12.211,15431,10387,50447,49448,5044
237,12.263,14775,10628,50879,50263,4147
238,12.315,15255,10369,52329,50682,4886
239,12.366,16074,10459,52407,49658,5615
240,12.418,15524,10296,53095,49220,5228
241,12.47,14806,10477,53817,49921,4329
242,12.522,15668,10586,53742,50724,5082
243,12.573,15034,10429,52809,50676,4605
244,12.625,14823,10544,53211,49394,4279
245,12.677,15114,10592,53610,50370,4522
246,12.729,14455,10538,52105,49717,3917
247,12.78,15266,10683,52643,50400,4583
248,12.832,15100,10429,54008,50233,4671
249,12.884,15593,10224,54686,49975,5369
250,12.935,16062,10248,52586,50317,5814
251,12.987,14751,10447,53386,50556,4304
252,13.039,16599,10562,55163,51047,6037
253,13.091,17319,10876,53793,50766,6443
254,13.142,15102,10568,53973,49406,4534
255,13.194,15390,10562,52413,49664,4828
256,13.246,15555,10248,53609,50029,5307
257,13.298,17314,10821,53556,50640,6493
258,13.349,16336,10526,53842,50119,5810
259,13.401,15615,10230,51388,49023,5385
260,13.453,15693,10182,55220,50191,5511
261,13.505,15556,10236,53601,50149,5320
262,13.556,15203,10689,54004,49568,4514
263,13.608,15272,10465,51396,50263,4807
264,13.66,15612,10411,53933,50670,5201
265,13.712,15739,10333,51804,49358,5406
266,13.763,15943,10465,52565,50844,5478
267,13.815,16419,10224,54712,50155,6195
268,13.867,15030,10526,53188,51299,4504
269,13.919,14578,10616,53177,51257,3962
270,13.97,16644,10496,52570,51179,6148
271,14.022,16388,10803,52861,51383,5585
272,14.074,15402,10628,52284,49879,4774
273,14.126,15326,10453,54215,50568,4873
274,14.177,15091,10164,53880,49622,4927
275,14.229,16591,10465,52653,50640,6126
276,14.281,15374,10139,53386,49777,5235
277,14.333,14524,10248,54833,51281,4276
278,14.384,15329,10562,53059,49915,4767
279,14.436,15246,10224,52554,49861,5022
280,14.488,15530,10616,57165,49364,4914
281,14.54,15398,10502,52587,49903,4896
282,14.591,16857,10490,52450,50281,6367
283,14.643,15874,10918,52427,50293,4956
284,14.695,15553,10719,54566,49478,4834
285,14.746,16322,10622,54903,49214,5700
286,14.798,14654,10954,53780,49711,3700
287,14.85,14551,10725,54260,50988,3826
288,14.902,15890,11232,54095,50161,4658
289,14.953,16179,10960,55570,49586,5219
290,15.005,14630,10803,53648,49729,3827
291,15.057,15906,11009,54608,50305,4897
292,15.109,15747,10821,52337,50137,4926
293,15.16,15195,11039,53169,50640,4156
294,15.212,16298,10767,53809,49753,5531
295,15.264,15783,10496,54555,49783,5287
296,15.316,14786,10526,54247,50317,4260
297,15.367,15048,10598,52449,49789,4450
298,15.419,17311,10296,55852,50442,7015
299,15.471,15882,10429,53915,50221,5453
300,15.523,15548,10387,53690,49676,5161
301,15.574,15257,10176,57406,50071,5081
302,15.626,15336,10170,55221,49424,5166
303,15.678,14745,10544,52445,50089,4201
304,15.73,14547,10369,54419,50922,4178
305,15.781,15555,10707,54247,49316,4848
306,15.833,16185,10586,56038,50628,5599
307,15.885,14781,10586,55013,50706,4195
308,15.937,14845,10659,53611,50508,4186
309,15.988,15422,10290,53560,50772,5132
310,16.04,15401,10363,54577,50035,5038
311,16.092,15526,10381,54024,50544,5145
312,16.144,15104,10399,54078,50742,4705
313,16.195,15921,10097,56199,50257,5824
314,16.247,15865,10483,54435,50317,5382
315,16.299,16270,10634,53227,50125,5636
316,16.35,17585,10834,52477,50353,6751
317,16.402,15255,10242,55012,51449,5013
318,16.454,15874,10568,52730,51101,5306
319,16.506,15006,10284,56627,50592,4722
320,16.557,16079,10218,51645,50221,5861
321,16.609,14660,10828,54763,49646,3832
322,16.661,16017,10990,55051,50898,5027
323,16.713,15879,10858,53675,51221,5021
324,16.764,15610,10767,51763,51239,4843
325,16.816,15045,10749,57125,50598,4296
326,16.868,16078,10296,54880,50317,5782
327,16.92,16222,10622,54333,50323,5600
328,16.971,15887,10598,56119,50616,5289
329,17.023,15220,10212,54605,49999,5008
330,17.075,14976,10429,52147,50484,4547
331,17.127,15790,10465,54436,50952,5325
332,17.178,15450,10930,54958,50496,4520
333,17.23,15853,10465,54294,50514,5388
334,17.282,15175,10375,54484,51299,4800
335,17.334,14968,10628,54150,50305,4340
336,17.385,15044,10248,54793,50934,4796
337,17.437,16796,10828,54690,50011,5968
338,17.489,16884,10701,54878,50670,6183
339,17.541,15620,10707,52709,50131,4913
340,17.592,16145,10471,53737,50107,5674
341,17.644,17258,10556,54050,49694,6702
342,17.696,15922,10864,54134,50089,5058
343,17.748,15446,10447,53260,51059,4999
344,17.799,15484,10665,57386,50604,4819
345,17.851,15651,10840,52353,50071,4811
346,17.903,16188,10586,54757,50898,5602
347,17.954,15852,10459,52728,51730,5393
348,18.006,16310,10550,55432,50245,5760
349,18.058,15925,10333,53658,50406,5592
350,18.11,15837,10604,53708,50514,5233
351,18.161,14553,10496,55433,49682,4057
352,18.213,14222,10562,53497,50083,3660
353,18.265,16286,10496,54312,50520,5790
354,18.317,15589,10417,54875,50041,5172
355,18.368,15542,10339,53375,50520,5203
356,18.42,15296,10357,57092,50335,4939
357,18.472,15990,10345,55466,49652,5645
358,18.524,16121,11045,54240,49921,5076
359,18.575,17363,10526,54618,50730,6837
360,18.627,15787,10508,54226,50448,5279
361,18.679,16083,10646,55521,50269,5437
362,18.731,14726,10260,53785,50149,4466
363,18.782,14796,10580,54454,50688,4216
364,18.834,16085,10900,52981,49993,5185
365,18.886,14540,10483,53086,49927,4057
366,18.938,15472,10351,55772,50203,5121
367,18.989,16098,10447,54665,50760,5651
368,19.041,17862,10628,55936,50490,7234
369,19.093,17601,10502,54203,50610,7099
370,19.145,16695,10677,55592,49801,6018
371,19.196,14881,10634,56924,50490,4247
372,19.248,16417,10327,55745,49777,6090
373,19.3,15563,10502,55312,50970,5061
374,19.352,14851,10308,55261,50251,4543
375,19.403,16058,10381,57319,49813,5677
376,19.455,15383,10417,55628,50101,4966
377,19.507,15822,10538,55313,49136,5284
378,19.558,15097,10689,55512,50460,4408
379,19.61,15732,10858,55820,50682,4874
380,19.662,16100,10665,55531,50257,5435
381,19.714,14964,10846,55813,50071,4118
382,19.765,16436,10749,53170,49771,5687
383,19.817,15430,10864,57210,50269,4566
384,19.869,15317,10520,55821,49789,4797
385,19.921,15715,10206,56632,50646,5509
386,19.972,15191,10447,56491,49891,4744
387,20.024,14664,10508,54128,50658,4156
388,20.076,16925,10858,55991,50784,6067
389,20.128,16457,10357,56933,50496,6100
390,20.179,16117,10556,58175,49987,5561
391,20.231,15131,10411,56178,50502,4720
392,20.283,14270,10296,54510,49909,3974
393,20.335,15595,10248,54894,50508,5347
394,20.386,17105,10556,56791,50424,6549
395,20.438,13760,10296,57303,50017,3464
396,20.49,15326,10568,56738,50766,4758
397,20.542,19501,10580,54803,50604,8921
398,20.593,15721,10568,56304,51029,5153
399,20.645,16506,11003,57278,50131,5503
400,20.697,15188,10339,55914,50760,4849
401,20.749,14642,10568,57666,50814,4074
402,20.8,16157,10604,55464,50706,5553
403,20.852,16224,10562,54832,50928,5662
404,20.904,17700,10882,54298,50736,6818
405,20.956,18151,10749,57463,50269,7402
406,21.007,17037,10453,58655,50640,6584
407,21.059,15669,10538,56499,50868,5131
408,21.111,15735,10912,57719,50940,4823
409,21.162,14975,10737,56694,51497,4238
410,21.214,15546,10562,56221,49706,4984
411,21.266,15694,10701,57084,50670,4993
412,21.318,15624,10640,54496,50358,4984
413,21.369,15272,10327,55795,50628,4945
414,21.421,14917,10266,53426,50604,4651
415,21.473,14530,10272,56135,50508,4258
416,21.525,15400,10224,55296,50802,5176
417,21.576,14221,10411,56480,50952,3810
418,21.628,16572,10296,56021,50490,6276
419,21.68,15806,10345,56805,51095,5461
420,21.732,15787,10206,55223,50376,5581
421,21.783,17027,10127,55913,51083,6900
422,21.835,14884,10562,54928,50778,4322
423,21.887,15144,10429,58549,51101,4715
424,21.939,15570,10333,57450,50418,5237
425,21.99,14730,10417,56967,50029,4313
426,22.042,16211,10773,53604,50155,5438
427,22.094,16688,10622,55034,49819,6066
428,22.146,14960,10749,56748,49987,4211
429,22.197,15503,10544,54638,50568,4959
430,22.249,16615,10272,55731,51311,6343
431,22.301,14574,10290,54319,51335,4284
432,22.353,14745,10502,53868,50227,4243
433,22.404,14941,10689,54290,50604,4252
434,22.456,15662,10574,55526,50215,5088
435,22.508,14392,10272,57871,50281,4120
436,22.56,14842,10496,56488,50173,4346
437,22.611,15514,10562,56466,50179,4952
438,22.663,15249,10296,54418,50215,4953
439,22.715,16121,10471,54957,50305,5650
440,22.766,15668,10447,56181,50173,5221
441,22.818,14667,10453,54798,50598,4214
442,22.87,15752,10272,56105,50916,5480
443,22.922,15967,10429,57018,49652,5538
444,22.973,15785,10176,57875,51089,5609
445,23.025,15312,10628,55391,51497,4684
446,23.077,15372,10767,57447,50323,4605
447,23.129,14218,10659,56422,50844,3559
448,23.18,14896,10628,56388,49879,4268
449,23.232,15073,10308,57433,51569,4765
450,23.284,16137,10538,54958,51185,5599
451,23.336,16973,10634,55206,50814,6339
452,23.387,15443,10212,56584,50706,5231
453,23.439,15495,10737,55221,51227,4758
454,23.491,13946,10556,56438,50083,3390
455,23.543,15255,10785,56128,50131,4470
456,23.594,16633,10870,57349,51227,5763
457,23.646,16098,10749,55771,51221,5349
458,23.698,16456,10737,54565,50850,5719
459,23.75,15381,10568,55551,49544,4813
460,23.801,15318,10471,55415,51611,4847
461,23.853,15692,10411,57860,51119,5281
462,23.905,15430,10514,56668,51395,4916
463,23.957,17512,10170,57092,49987,7342
464,24.008,14727,10459,57340,50868,4268
465,24.06,15839,10713,55173,50041,5126
466,24.112,15345,10719,58532,50430,4626
467,24.164,15425,10755,56351,50610,4670
468,24.215,15410,10574,55679,51239,4836
469,24.267,15098,10821,57498,50466,4277
470,24.319,15469,10604,56066,50652,4865
471,24.37,16612,11009,54242,51101,5603
472,24.422,14715,10930,53998,50952,3785
473,24.474,14440,10954,57891,49891,3486
474,24.526,15850,10580,56154,50994,5270
475,24.577,15419,10429,56530,50610,4990
476,24.629,15393,10918,55793,51006,4475
477,24.681,15092,10906,57400,50269,4186
478,24.733,15329,11063,54383,50448,4266
479,24.784,15227,10490,58886,50125,4737
480,24.836,16433,10731,57243,51676,5702
481,24.888,14885,10803,53839,50664,4082
482,24.94,16852,10954,56755,51119,5898
483,24.991,15550,10972,56976,50083,4578
484,25.043,16106,10996,58503,49747,5110
485,25.095,16462,10471,59062,50299,5991
486,25.147,15724,10773,57360,49927,4951
487,25.198,15962,10683,55143,51059,5279
488,25.25,15879,11105,55996,50299,4774
489,25.302,15977,11015,56185,51095,4962
490,25.354,16713,10604,56452,49861,6109
491,25.405,15617,10815,55899,50748,4802
492,25.457,16091,10665,55178,50514,5426
493,25.509,14283,11172,57735,50922,3111
494,25.561,15674,11238,58789,50808,4436
495,25.612,15501,10815,55931,51371,4686
496,25.664,15563,10767,58622,50227,4796
497,25.716,16105,11033,57066,51353,5072
498,25.768,16374,10695,58281,51191,5679
499,25.819,15493,10610,56551,51718,4883
500,25.871,16270,10514,57522,51533,5756
501,25.923,15230,10683,56465,51023,4547
502,25.974,15842,10737,59520,50730,5105
503,26.026,15300,10852,56431,50940,4448
504,26.078,16120,10984,55586,51047,5136
505,26.13,15535,10803,55761,49466,4732
506,26.181,15246,10586,56198,50436,4660
507,26.233,15501,10809,59718,50376,4692
508,26.285,14136,10743,57735,50287,3393
509,26.337,15554,10858,56793,51017,4696
510,26.388,15029,10731,54801,51605,4298
511,26.44,16457,10556,57251,50077,5901
512,26.492,16490,10731,55854,51892,5759
513,26.544,14280,10622,58395,51263,3658
514,26.595,16312,10761,56047,50832,5551
515,26.647,15275,10520,56769,49640,4755
516,26.699,15264,11256,58775,51263,4008
517,26.751,15503,10966,56431,50287,4537
518,26.802,15518,10544,56606,50646,4974
519,26.854,16210,10743,58251,51419,5467
520,26.906,14939,10411,58834,51473,4528
521,26.958,16573,10604,56329,51880,5969
522,27.009,15509,10634,56028,51113,4875
523,27.061,16085,10761,58163,50376,5324
524,27.113,15153,10689,57670,51629,4464
525,27.165,15129,10496,57440,50742,4633
526,27.216,15628,10737,58586,50988,4891
527,27.268,15505,10731,57914,51916,4774
528,27.32,16128,10393,56869,50898,5735
529,27.372,16048,10327,57796,50832,5721
530,27.423,16263,10731,57318,49694,5532
531,27.475,16561,10659,59415,50988,5902
532,27.527,16826,10695,56384,49945,6131
533,27.578,15879,10870,55858,51000,5009
534,27.63,15475,10972,56100,49771,4503
535,27.682,16973,10411,56670,50472,6562
536,27.734,14780,10538,57198,51449,4242
537,27.785,15827,10767,56947,51569,5060
538,27.837,15733,10731,56974,51125,5002
539,27.889,15827,10616,57493,51000,5211
540,27.941,16654,10544,57694,50754,6110
541,27.992,15758,10659,56601,50742,5099
542,28.044,18224,10797,56024,51023,7427
543,28.096,16496,10966,58674,51143,5530
544,28.148,16681,10864,57030,50287,5817
545,28.199,15732,10646,57931,51461,5086
546,28.251,16980,10634,56219,50598,6346
547,28.303,14521,10797,56677,50466,3724
548,28.355,15472,10719,56460,49921,4753
549,28.406,14866,10483,58533,50676,4383
550,28.458,14841,10876,58245,50580,3965
551,28.51,16049,10918,57350,50520,5131
552,28.562,14982,10640,54564,50502,4342
553,28.613,14758,10671,56770,50580,4087
554,28.665,14194,10622,57625,50520,3572
555,28.717,15666,10622,58494,51083,5044
556,28.769,15002,10496,57876,50071,4506
557,28.82,13767,10459,57668,49400,3308
558,28.872,13951,10308,59884,51473,3643
559,28.924,15792,10266,57724,50460,5526
560,28.976,18846,10333,57570,50526,8513
561,29.027,16144,10345,58276,50490,5799
562,29.079,16286,10381,57797,51029,5905
563,29.131,15835,10435,56891,50772,5400
564,29.182,15556,10984,58957,50335,4572
565,29.234,15705,10900,57348,50670,4805
566,29.286,15254,10761,55602,51221,4493
567,29.338,15316,10701,59554,50005,4615
568,29.389,15945,10562,59069,50227,5383
569,29.441,17258,10477,57428,50928,6781
570,29.493,15730,10459,56671,50970,5271
571,29.545,15470,10556,55288,50382,4914
572,29.596,14973,10471,60441,50670,4502
573,29.648,15074,10339,60038,50490,4735
574,29.7,15850,10176,56911,50424,5674
575,29.752,14217,10924,58629,50358,3293
576,29.803,16520,10459,57720,50227,6061
577,29.855,15646,10779,59279,51017,4867
578,29.907,15803,10496,57553,50550,5307
579,29.959,16024,10725,56365,50209,5299
580,30.01,17793,10743,58100,51670,7050
581,30.062,16519,10314,57156,50502,6205
582,30.114,14549,10580,57951,51545,3969
583,30.166,16104,10369,59033,49711,5735
584,30.217,16001,10556,59121,51820,5445
585,30.269,14969,10369,56368,50544,4600
586,30.321,15715,10477,58691,50263,5238
587,30.373,15571,10924,57261,51089,4647
588,30.424,15442,10652,61105,50802,4790
589,30.476,16399,10731,59314,51179,5668
590,30.528,17033,10218,59043,52246,6815
591,30.58,15207,10260,57068,50868,4947
592,30.631,15423,10477,57286,51071,4946
593,30.683,15589,10381,58456,51275,5208
594,30.735,16206,10622,59141,50472,5584
595,30.786,14797,10327,59553,50616,4470
596,30.838,15852,10248,56932,51185,5604
597,30.89,16072,10514,59533,51796,5558
598,30.942,16521,10164,58328,51383,6357
599,30.993,16224,10453,56289,51335,5771
600,31.045,16419,10121,57551,50826,6298
601,31.097,14209,10423,55639,50388,3786
602,31.149,16011,10109,58082,50508,5902
603,31.2,16459,10441,56277,50257,6018
604,31.252,13814,10164,56828,51658,3650
605,31.304,16745,10417,57079,50311,6328
606,31.356,15549,10405,59060,49616,5144
607,31.407,15643,10308,56564,50430,5335
608,31.459,16106,10103,57167,50293,6003
609,31.511,17517,10321,57996,50916,7196
610,31.563,15583,10357,57754,51011,5226
611,31.614,15856,10333,58710,51065,5523
612,31.666,16315,10369,57924,51269,5946
613,31.718,15602,10345,56035,50640,5257
614,31.77,17232,10508,61027,50173,6724
615,31.821,17223,10441,55784,51113,6782
616,31.873,15502,10598,58964,51197,4904
617,31.925,15382,10327,55790,50688,5055
618,31.977,15461,10375,58984,50227,5086
619,32.028,14863,10671,59338,51071,4192
620,32.08,16347,10146,58629,50970,6201
621,32.132,16038,10538,55850,51515,5500
622,32.184,16265,10508,56259,51611,5757
623,32.235,16157,10248,58925,51952,5909
624,32.287,16183,10695,57969,51161,5488
625,32.339,15476,10797,55841,50496,4679
626,32.39,15617,10496,58260,50772,5121
627,32.442,15550,10646,58324,51275,4904
628,32.494,16201,10598,59112,51988,5603
629,32.546,18220,10725,57187,51095,7495
630,32.597,17860,10514,59560,51802,7346
631,32.649,15563,10490,57744,50772,5073
632,32.701,16909,10260,59167,51059,6649
633,32.753,15808,10731,57665,50994,5077
634,32.804,16226,10538,59743,51365,5688
635,32.856,15866,10671,57922,51083,5195
636,32.908,15389,10224,57343,51377,5165
637,32.96,15604,10278,58521,51317,5326
638,33.011,15462,10520,60277,50850,4942
639,33.063,15852,10164,57771,51011,5688
640,33.115,15802,10333,56232,50844,5469
641,33.167,15887,10363,59558,52461,5524
642,33.218,16312,10490,58634,51539,5822
643,33.27,15330,10290,59625,51461,5040
644,33.322,16079,10381,59156,52833,5698
645,33.374,16844,10616,58684,51000,6228
646,33.425,15910,10707,59105,51239,5203
647,33.477,15291,10586,60748,50257,4705
648,33.529,14632,10465,58587,50640,4167
649,33.581,15063,10465,55591,51071,4598
650,33.632,14618,10634,60103,51832,3984
651,33.684,15677,10526,57555,50928,5151
652,33.736,16022,10200,57720,50454,5822
653,33.788,15548,10652,59834,51149,4896
654,33.839,15565,10610,61022,51281,4955
655,33.891,17508,10357,57647,50904,7151
656,33.943,15932,10333,60000,50269,5599
657,33.994,15819,10333,58773,50940,5486
658,34.046,15892,10284,58036,51670,5608
659,34.098,15945,10399,60111,51233,5546
660,34.15,15301,10423,59936,50275,4878
661,34.201,15624,10761,60535,51635,4863
662,34.253,15645,10483,61509,51119,5162
663,34.305,16103,10490,57103,51820,5613
664,34.357,15735,10296,57812,51437,5439
665,34.408,14548,10254,57631,51437,4294
666,34.46,15092,10514,59764,51868,4578
667,34.512,16456,10302,58470,51575,6154
668,34.564,16542,10423,58000,51167,6119
669,34.615,17345,10242,58561,50658,7103
670,34.667,14952,10278,60308,51473,4674
671,34.719,17584,10598,56288,50616,6986
672,34.771,18284,10864,61175,51185,7420
673,34.822,19458,10562,56966,51760,8896
674,34.874,17481,10423,57267,51982,7058
675,34.926,18117,10984,60365,51371,7133
676,34.978,14723,10628,59456,51916,4095
677,35.029,14635,10586,62327,50077,4049
678,35.081,15356,10327,60603,52120,5029
679,35.133,16245,10254,57310,51299,5991
680,35.185,16471,10828,58288,51143,5643
681,35.236,15485,10447,60169,52078,5038
682,35.288,17030,10562,59722,51389,6468
683,35.34,15533,10586,60322,51077,4947
684,35.392,17375,10882,58548,52090,6493
685,35.443,16909,10230,58659,51395,6679
686,35.495,16882,10496,59654,50958,6386
687,35.547,16428,10725,56261,51233,5703
688,35.598,15620,10689,59502,52479,4931
689,35.65,15922,10502,57427,51587,5420
690,35.702,16247,10393,60365,51545,5854
691,35.754,15974,10429,61697,51113,5545
692,35.805,16158,10713,56630,50682,5445
693,35.857,16238,10441,60345,51293,5797
694,35.909,16233,10592,60867,51575,5641
695,35.961,16388,10695,58557,51940,5693
696,36.012,15498,10514,60332,51155,4984
697,36.064,16485,10296,59395,50670,6189
698,36.116,15672,10393,59468,51688,5279
699,36.168,15771,10508,59457,51443,5263
700,36.219,16545,10665,59720,50053,5880
701,36.271,15637,10188,58144,50790,5449
702,36.323,15223,10471,56850,51473,4752
703,36.375,16018,10230,57185,51155,5788
704,36.426,16697,10683,60069,51017,6014
705,36.478,17818,10640,57999,51653,7178
706,36.53,16438,10598,59047,50934,5840
707,36.582,15567,10749,57973,50916,4818
708,36.633,17103,10604,59681,51784,6499
709,36.685,16798,10671,60631,51473,6127
710,36.737,15898,10628,59613,51958,5270
711,36.789,16007,10773,58229,50778,5234
712,36.84,16440,11310,55416,51653,5130
713,36.892,16935,10749,57974,51455,6186
714,36.944,15500,10586,57875,50712,4914
715,36.996,15539,10773,58773,51862,4766
716,37.047,15827,10652,57002,51197,5175
717,37.099,16336,10646,58897,50976,5690
718,37.151,15967,10628,58339,52815,5339
719,37.202,16046,10429,58552,51431,5617
720,37.254,14736,10815,60424,51509,3921
721,37.306,15828,10616,58793,51922,5212
722,37.358,16327,10761,58388,50718,5566
723,37.409,14852,10900,56560,51820,3952
724,37.461,14897,10725,57279,51185,4172
725,37.513,15907,10429,57142,51131,5478
726,37.565,15798,10339,59552,51035,5459
727,37.616,15340,10840,59038,52383,4500
728,37.668,16489,10550,60040,50592,5939
729,37.72,16387,10490,59556,51215,5897
730,37.772,16075,10725,60107,52180,5350
731,37.823,15303,10767,58572,52311,4536
732,37.875,15432,10616,57376,50934,4816
733,37.927,16530,10719,60632,51874,5811
734,37.979,15469,10815,59425,51958,4654
735,38.03,15104,10628,60480,51179,4476
736,38.082,15133,10628,61391,51377,4505
737,38.134,16530,10610,59797,52168,5920
738,38.186,15823,10707,60171,52228,5116
739,38.237,15421,10417,60045,50700,5004
740,38.289,15925,10284,61684,53060,5641
741,38.341,17079,10550,60853,52545,6529
742,38.393,16317,10465,58210,51341,5852
743,38.444,18510,10665,58593,52317,7845
744,38.496,16649,10882,58483,51029,5767
745,38.548,15834,10339,58044,51083,5495
746,38.6,15443,10417,59606,52881,5026
747,38.651,15277,10918,61451,51491,4359
748,38.703,15584,10689,57658,51263,4895
749,38.755,15875,10453,60844,52827,5422
750,38.806,15548,10598,59367,52030,4950
751,38.858,15239,10797,57604,51569,4442
752,38.91,15799,10393,57981,51203,5406
753,38.962,15218,10671,59344,52144,4547
754,39.013,16989,10490,60261,51335,6499
755,39.065,15600,10761,57104,51221,4839
756,39.117,16476,10628,57823,51329,5848
757,39.169,14536,10508,57889,52072,4028
758,39.22,15396,10544,59722,51599,4852
759,39.272,15239,10550,58856,51359,4689
760,39.324,16935,10520,59454,50532,6415
761,39.376,17292,10731,59509,52150,6561
762,39.427,14948,10562,60625,51940,4386
763,39.479,15758,10441,58273,51599,5317
764,39.531,15109,10465,60614,51988,4644
765,39.583,16503,10978,60867,51485,5525
766,39.634,16918,10683,59771,52294,6235
767,39.686,16200,10689,60858,52006,5511
768,39.738,15266,10496,61613,50113,4770
769,39.79,15688,10483,60851,51605,5205
770,39.841,17070,10327,61683,51557,6743
771,39.893,16039,10604,59815,51539,5435
772,39.945,15118,10435,59929,51593,4683
773,39.997,15719,10695,59968,52228,5024
774,40.048,15737,10514,61077,51035,5223
775,40.1,15019,10592,58416,51509,4427
776,40.152,16600,10423,60056,52317,6177
777,40.204,14355,10725,58981,52192,3630
778,40.255,16496,10417,57446,51653,6079
779,40.307,16896,11015,61291,51515,5881
780,40.359,16284,10562,62703,51107,5722
781,40.41,16979,10954,59569,52935,6025
782,40.462,16297,11027,60979,52144,5270
783,40.514,15068,11238,60151,51766,3830
784,40.566,15584,10846,61280,52731,4738
785,40.617,16434,10852,59852,51706,5582
786,40.669,17202,11033,59854,52276,6169
787,40.721,16537,10574,62721,51437,5963
788,40.773,15371,10948,58008,51359,4423
789,40.824,16313,11009,61010,51089,5304
790,40.876,16040,11220,60086,50766,4820
791,40.928,16419,10918,60469,51958,5501
792,40.98,17376,10882,59562,51718,6494
793,41.031,15253,10870,60345,51089,4383
794,41.083,16013,10924,59238,51946,5089
795,41.135,15626,10622,59656,52168,5004
796,41.187,15010,10900,59511,52228,4110
797,41.238,15175,10296,61925,51970,4879
798,41.29,16168,10912,61010,51173,5256
799,41.342,15261,10490,59178,51281,4771
800,41.394,15204,10876,61699,51587,4328
801,41.445,16293,10797,60959,53270,5496
802,41.497,15899,10640,60424,52294,5259
803,41.549,15605,10713,59385,51389,4892
804,41.601,16385,11087,61985,52593,5298
805,41.652,18795,10936,61290,52653,7859
806,41.704,19639,11280,61667,52126,8359
807,41.756,18429,10852,60182,51724,7577
808,41.808,16329,10882,59566,52108,5447
809,41.859,15561,10453,59561,52797,5108
810,41.911,16471,10846,58852,52048,5625
811,41.963,16754,11141,60382,51575,5613
812,42.015,15990,10870,60573,51874,5120
813,42.066,15551,10701,60045,51419,4850
814,42.118,16539,10677,60374,52090,5862
815,42.17,15655,10634,59527,51694,5021
816,42.221,16624,10984,60078,52311,5640
817,42.273,15571,10550,58981,51994,5021
818,42.325,15134,10749,60962,52323,4385
819,42.377,15561,10640,61231,51982,4921
820,42.428,15838,10453,60167,51347,5385
821,42.48,15399,10713,61795,52072,4686
822,42.532,15955,10677,62090,52294,5278
823,42.584,15882,11057,60444,52521,4825
824,42.635,16031,11250,62638,52887,4781
825,42.687,15545,11015,62117,51988,4530
826,42.739,15518,10942,61784,51730,4576
827,42.791,15019,10719,60092,52539,4300
828,42.842,15209,11087,58535,52294,4122
829,42.894,16250,11304,60818,52689,4946
830,42.946,16548,11280,63164,52000,5268
831,42.998,16818,10924,61598,53546,5894
832,43.049,16870,10876,63091,52767,5994
833,43.101,15474,10912,61465,52845,4562
834,43.153,15579,10948,57895,52066,4631
835,43.205,14232,11117,57537,51653,3115
836,43.256,15785,11087,60756,50880,4698
837,43.308,15438,10785,60610,51778,4653
838,43.36,15927,10719,62700,51455,5208
839,43.412,14858,10683,60725,52132,4175
840,43.463,16181,10797,61079,52234,5384
841,43.515,16360,10791,58879,52641,5569
842,43.567,15307,10719,62492,52072,4588
843,43.619,15038,10749,60338,52587,4289
844,43.67,17301,10429,60549,52803,6872
845,43.722,15595,10508,58931,51365,5087
846,43.774,16985,10568,59538,51946,6417
847,43.825,17793,10465,60967,52575,7328
848,43.877,16302,10459,59746,52491,5843
849,43.929,16506,10731,60586,52066,5775
850,43.981,16482,10821,60355,52036,5661
851,44.032,16723,10815,61764,53066,5908
852,44.084,14751,10755,61076,52264,3996
853,44.136,15083,10586,60684,53108,4497
854,44.188,15064,10586,63911,51802,4478
855,44.239,15222,10333,58915,51838,4889
856,44.291,14948,10284,61229,52851,4664
857,44.343,15824,10483,62538,51551,5341
858,44.395,16345,10586,62153,52893,5759
859,44.446,15820,10411,62481,51718,5409
860,44.498,17156,10423,61619,51748,6733
861,44.55,16388,10665,62687,52288,5723
862,44.602,15742,10634,61261,52557,5108
863,44.653,16307,10556,60910,51772,5751
864,44.705,14907,10182,60838,51461,4725
865,44.757,16258,10514,63343,53126,5744
866,44.809,15862,10453,61347,51467,5409
867,44.86,14967,10441,62207,52258,4526
868,44.912,14763,10604,61863,53168,4159
869,44.964,15870,10665,60841,53048,5205
870,45.016,14718,10677,62457,51347,4041
871,45.067,16723,10918,62310,52731,5805
872,45.119,14763,10441,63534,51928,4322
873,45.171,14389,10846,62287,52671,3543
874,45.223,15555,10314,61201,53228,5241
875,45.274,15673,10580,63555,52665,5093
876,45.326,15992,10785,65089,52563,5207
877,45.378,15064,10930,58884,53114,4134
878,45.429,16314,10604,63865,51862,5710
879,45.481,15984,10737,61574,52311,5247
880,45.533,15839,10701,62826,52198,5138
881,45.585,14866,10646,62174,52431,4220
882,45.636,15430,10520,61243,53012,4910
883,45.688,15170,10604,59629,51653,4566
884,45.74,14899,10791,63271,52425,4108
885,45.792,15910,10659,60733,51982,5251
886,45.843,15707,10459,59123,51934,5248
887,45.895,14746,10586,61007,53486,4160
888,45.947,16239,10665,59391,51922,5574
889,45.999,15231,10683,60591,52797,4548
890,46.05,15157,10520,65123,51784,4637
891,46.102,15891,10556,63209,52923,5335
892,46.154,16580,10755,63053,52114,5825
893,46.206,15447,10628,63344,52186,4819
894,46.257,16234,10399,62480,52246,5835
895,46.309,15550,10604,62458,51964,4946
896,46.361,15202,10749,60947,52731,4453
897,46.413,15750,10906,61371,52066,4844
898,46.464,16510,10562,61318,52120,5948
899,46.516,16295,10483,63246,52084,5812
900,46.568,15162,10713,62116,52132,4449
901,46.62,15368,10435,60185,51814,4933
902,46.671,15574,10399,62766,52689,5175
903,46.723,16243,10327,60663,52252,5916
904,46.775,14973,10683,61224,52587,4290
905,46.827,15495,10598,62771,52929,4897
906,46.878,15874,10628,60481,52581,5246
907,46.93,15190,10803,61940,52869,4387
908,46.982,16077,10960,62082,51724,5117
909,47.033,17523,10677,62888,52599,6846
910,47.085,16031,10948,61469,51856,5083
911,47.137,16072,10628,61530,52407,5444
912,47.189,15570,10423,60659,52605,5147
913,47.24,16177,10695,63165,52395,5482
914,47.292,15455,10544,64980,52138,4911
915,47.344,15911,10526,63179,53066,5385
916,47.396,15902,10659,62447,53689,5243
917,47.447,16451,10459,60522,52407,5992
918,47.499,15598,11159,62389,52917,4439
919,47.551,16787,11256,61796,52449,5531
920,47.603,16610,11165,62961,52821,5445
921,47.654,15844,11147,61814,52012,4697
922,47.706,16428,11129,62552,53306,5299
923,47.758,16489,11099,61239,53150,5390
924,47.81,15937,10761,62325,52006,5176
925,47.861,16205,10490,61975,52695,5715
926,47.913,17183,10387,62141,52389,6796
927,47.965,15900,10640,61854,51521,5260
928,48.017,14730,10936,62891,51916,3794
929,48.068,15790,10429,62698,53042,5361
930,48.12,15923,10683,63324,52078,5240
931,48.172,15475,10707,62055,52371,4768
932,48.224,14919,10749,60720,52569,4170
933,48.275,16453,10840,63158,53540,5613
934,48.327,16032,10652,61141,52329,5380
935,48.379,15526,10502,63667,52611,5024
936,48.431,16240,10514,63676,52036,5726
937,48.482,15465,10912,62210,52677,4553
938,48.534,15031,10640,62139,52713,4391
939,48.586,16115,10646,61245,52659,5469
940,48.637,17723,10441,60978,53282,7282
941,48.689,15586,10815,62285,51880,4771
942,48.741,16176,10876,61542,53120,5300
943,48.793,15670,10562,63122,52551,5108
944,48.844,16030,10622,62857,52407,5408
945,48.896,15538,10592,62732,52186,4946
946,48.948,15645,10689,60587,52994,4956
947,49.0,16335,10755,61735,52761,5580
948,49.051,16173,10471,61710,53048,5702
949,49.103,15950,10502,60295,52839,5448
950,49.155,15939,10327,63165,53617,5612
951,49.207,14990,10846,64347,52300,4144
952,49.258,15062,10930,61449,53869,4132
953,49.31,16079,10556,63115,52629,5523
954,49.362,17126,10592,58817,53414,6534
955,49.414,14519,10689,61610,53192,3830
956,49.465,16057,10622,61059,53210,5435
957,49.517,16034,10508,63942,53138,5526
958,49.569,15222,10622,63848,53366,4600
959,49.621,16117,10840,59796,52443,5277
960,49.672,14822,10532,60828,52569,4290
961,49.724,15637,10502,62168,52899,5135
962,49.776,15965,10652,60852,52240,5313
963,49.828,14462,11009,62791,52192,3453
964,49.879,15134,10761,63046,53126,4373
965,49.931,15730,10707,64528,52635,5023
966,49.983,16213,10828,62379,52923,5385
967,50.035,14857,10852,60997,52467,4005
968,50.086,16615,10713,62103,52755,5902
969,50.138,15726,11075,63739,53240,4651
970,50.19,15284,10779,62786,52929,4505
971,50.241,16902,10743,63415,52306,6159
972,50.293,16122,10689,61386,52737,5433
973,50.345,16698,10791,62812,52964,5907
974,50.397,16440,10930,63409,53096,5510
975,50.448,17169,11033,61059,51653,6136
976,50.5,15418,11075,64257,52527,4343
977,50.552,15821,11184,60298,52551,4637
978,50.604,15847,10707,63552,52222,5140
979,50.655,15887,10610,60331,52821,5277
980,50.707,17261,10828,60406,51461,6433
981,50.759,15106,11117,62189,52335,3989
982,50.811,16742,11256,59922,52953,5486
983,50.862,15003,11105,60854,52653,3898
984,50.914,16978,11123,62657,52617,5855
985,50.966,16714,11202,62857,52803,5512
986,51.018,17071,11232,61090,52653,5839
987,51.069,16129,11208,61089,52186,4921
988,51.121,17496,10815,61317,53216,6681
989,51.173,15643,10767,61123,52329,4876
990,51.225,16384,11159,64281,52497,5225
991,51.276,16455,10948,62501,52563,5507
992,51.328,16921,10918,62200,52473,6003
993,51.38,15446,10894,61595,52827,4552
994,51.432,16804,10996,60436,53216,5808
995,51.483,16055,10779,61453,52815,5276
996,51.535,15587,10900,62787,51299,4687
997,51.587,16817,11238,63136,52300,5579
998,51.639,15499,11021,64313,53066,4478
999,51.69,16319,10779,60660,51611,5540
