frame,Time [s],CH1,BGND1,CH2,BGND2,intensity
0,0.0,23594,13770,57191,57410,9824
1,0.052,23065,13085,56728,57398,9980
2,0.103,26185,13558,55883,57683,12627
3,0.155,24878,13382,57676,57616,11496
4,0.207,27946,13194,59235,57355,14752
5,0.259,25421,12800,59563,57574,12621
6,0.31,26376,13382,54801,57713,12994
7,0.362,24757,12873,57783,57294,11884
8,0.414,26934,12885,57672,57167,14049
9,0.466,26331,13043,55889,57907,13288
10,0.517,25123,13085,54405,57610,12038
11,0.569,24254,13600,55822,56833,10654
12,0.621,24470,12830,56259,57998,11640
13,0.673,24996,13279,55683,57422,11717
14,0.724,24321,13109,55886,56852,11212
15,0.776,28300,13364,56961,58120,14936
16,0.828,25288,13218,55858,58016,12070
17,0.88,22505,13521,56444,57191,8984
18,0.931,23095,13661,57075,58186,9434
19,0.983,24540,13970,53306,57234,10570
20,1.035,25009,13406,56778,57464,11603
21,1.087,25606,13546,58467,57240,12060
22,1.138,28100,13346,56786,57932,14754
23,1.19,26071,13364,55854,57264,12707
24,1.242,25737,13279,55314,58010,12458
25,1.294,24508,13133,56310,57634,11375
26,1.345,26713,12806,56391,57404,13907
27,1.397,24909,13430,57392,57774,11479
28,1.449,23064,12788,58410,57470,10276
29,1.501,26654,13049,55055,56912,13605
30,1.552,23685,13176,56561,57646,10509
31,1.604,23602,13285,57916,57489,10317
32,1.656,23887,13230,56862,56936,10657
33,1.707,24504,13364,54227,57331,11140
34,1.759,26099,13000,54268,56924,13099
35,1.811,27132,12855,56054,57385,14277
36,1.863,22440,12133,56339,57416,10307
37,1.914,25766,13012,55279,57974,12754
38,1.966,24295,13267,56520,57701,11028
39,2.018,24468,12940,55833,57464,11528
40,2.07,24768,12879,58163,57774,11889
41,2.121,23946,12824,56503,56767,11122
42,2.173,25736,12879,55555,57294,12857
43,2.225,24251,12685,57691,57519,11566
44,2.277,25578,12643,56794,56827,12935
45,2.328,25738,12933,55736,57294,12805
46,2.38,22554,12776,57399,57610,9778
47,2.432,23283,13103,54986,57622,10180
48,2.484,27704,13085,54225,57264,14619
49,2.535,26630,13364,54868,57731,13266
50,2.587,27457,13261,57423,57367,14196
51,2.639,24789,12770,56258,57604,12019
52,2.691,24932,13024,57000,58162,11908
53,2.742,26448,12624,56243,56833,13824
54,2.794,26483,12479,56166,58417,14004
55,2.846,25817,12564,56649,57446,13253
56,2.898,24222,13158,57393,57325,11064
57,2.949,25030,12879,57775,58010,12151
58,3.001,24622,13291,56553,58453,11331
59,3.053,24641,12546,56554,57464,12095
60,3.105,26029,12594,54362,57282,13435
61,3.156,26464,12503,54527,57428,13961
62,3.208,27444,12564,56855,56821,14880
63,3.26,26610,12970,54174,57707,13640
64,3.311,27461,13321,56762,57301,14140
65,3.363,27310,12982,56044,57106,14328
66,3.415,25653,13006,56991,56572,12647
67,3.467,13368,12982,55260,57489,386
68,3.518,12373,13079,57905,57440,-706
69,3.57,11389,13121,56316,57319,-1732
70,3.622,12374,12558,56948,57567,-184
71,3.674,11740,13043,56689,58350,-1303
72,3.725,11917,12594,55530,57216,-677
73,3.777,13853,13703,56680,57367,150
74,3.829,12078,13412,55049,58198,-1334
75,3.881,12852,13224,56144,57622,-372
76,3.932,12150,12921,56152,57695,-771
77,3.984,10860,13133,56753,57307,-2273
78,4.036,11356,12679,56021,57355,-1323
79,4.088,12860,12903,58442,57652,-43
80,4.139,11644,12643,55299,57076,-999
81,4.191,12194,12758,54266,57507,-564
82,4.243,11535,12570,56133,57980,-1035
83,4.295,11661,13036,58164,57719,-1375
84,4.346,12714,12430,54824,57537,284
85,4.398,11644,12576,54832,57367,-932
86,4.45,12238,12443,55249,57828,-205
87,4.502,12386,12643,56246,57507,-257
88,4.553,12183,12715,57521,57889,-532
89,4.605,13578,12333,56813,56742,1245
90,4.657,12189,12491,56638,57622,-302
91,4.709,12176,12503,56968,57331,-327
92,4.76,11918,12315,57000,57707,-397
93,4.812,12095,12200,57073,56949,-105
94,4.864,11427,12327,57983,57143,-900
95,4.915,11421,12303,56274,57428,-882
96,4.967,11663,12497,54607,57367,-834
97,5.019,12920,12243,55716,58247,677
98,5.071,11474,12412,56359,57422,-938
99,5.122,11972,12636,57124,56542,-664
100,5.174,12873,12552,56910,57197,321
101,5.226,12253,12394,54773,56694,-141
102,5.278,11893,11758,57212,56318,135
103,5.329,11689,11849,54262,57549,-160
104,5.381,11257,12297,55810,58283,-1040
105,5.433,10733,12206,54786,57756,-1473
106,5.485,11553,12467,56245,58004,-914
107,5.536,12207,12733,53325,57598,-526
108,5.588,12217,13212,57739,57355,-995
109,5.64,11915,13176,54563,57877,-1261
110,5.692,13360,12994,56704,58132,366
111,5.743,13641,12388,56823,57841,1253
112,5.795,11940,12115,56934,58004,-175
113,5.847,11679,12249,59570,58399,-570
114,5.899,11127,12200,54936,57737,-1073
115,5.95,12279,12400,55694,57731,-121
116,6.002,11525,12321,56943,58823,-796
117,6.054,12290,12018,55279,57749,272
118,6.106,12435,12321,57103,57895,114
119,6.157,11662,12885,55448,57768,-1223
120,6.209,11423,12255,57647,58162,-832
121,6.261,11842,12952,55227,57191,-1110
122,6.313,12470,12830,58175,57816,-360
123,6.364,11313,12449,55581,57343,-1136
124,6.416,10569,12382,56368,57622,-1813
125,6.468,11168,12552,55591,57489,-1384
126,6.519,11704,12649,56660,58023,-945
127,6.571,13032,12085,57483,58174,947
128,6.623,12106,12485,57085,57228,-379
129,6.675,11443,12976,57195,57252,-1533
130,6.726,12059,12515,56151,57531,-456
131,6.778,12527,12436,55823,57567,91
132,6.83,12349,12479,55409,57349,-130
133,6.882,12491,12255,54877,57246,236
134,6.933,18407,12824,54493,57586,5583
135,6.985,15633,12279,56311,58581,3354
136,7.037,15700,12321,58718,57901,3379
137,7.089,16371,12630,56471,57646,3741
138,7.14,18494,12515,55707,57822,5979
139,7.192,17303,12746,56901,58168,4557
140,7.244,18893,12570,55238,57598,6323
141,7.296,22756,12624,55990,58041,10132
142,7.347,18343,12679,54704,57240,5664
143,7.399,15642,12430,57005,57458,3212
144,7.451,20675,12449,55410,57507,8226
145,7.503,15213,12188,55530,58314,3025
146,7.554,13101,12315,57779,58205,786
147,7.606,13032,13085,55555,58289,-53
148,7.658,11172,12715,55627,57276,-1543
149,7.71,12375,13000,55224,58441,-625
150,7.761,11467,12552,57915,58047,-1085
151,7.813,11028,11988,56881,58029,-960
152,7.865,11432,12630,54713,58023,-1198
153,7.917,12005,12667,57433,57810,-662
154,7.968,12298,12976,55936,57822,-678
155,8.02,11680,12655,56342,57513,-975
156,8.072,12084,12661,57972,57203,-577
157,8.123,12429,12746,56952,57683,-317
158,8.175,15768,13297,57802,58326,2471
159,8.227,11497,12958,57454,57683,-1461
160,8.279,12057,12849,54321,58041,-792
161,8.33,12019,12697,56911,58077,-678
162,8.382,11749,12788,55332,57749,-1039
163,8.434,12038,12588,56455,57677,-550
164,8.486,12064,13061,58414,57489,-997
165,8.537,10981,12873,55194,57786,-1892
166,8.589,11293,12315,57282,58168,-1022
167,8.641,11965,12000,56425,56706,-35
168,8.693,11128,12461,54738,57616,-1333
169,8.744,10986,12509,56880,57725,-1523
170,8.796,10856,12782,55543,57404,-1926
171,8.848,10817,13061,57386,57895,-2244
172,8.9,11187,12600,56385,57592,-1413
173,8.951,11185,12055,55733,57968,-870
174,9.003,11604,12649,55200,57646,-1045
175,9.055,12123,13358,56666,58459,-1235
176,9.107,11716,13073,56654,57743,-1357
177,9.158,11778,13315,53805,58302,-1537
178,9.21,11648,13182,55638,58459,-1534
179,9.262,11618,12982,55094,57677,-1364
180,9.314,12311,13121,55414,58156,-810
181,9.365,11592,12612,56456,58065,-1020
182,9.417,11888,12933,57770,57665,-1045
183,9.469,10533,12533,56883,58356,-2000
184,9.521,10941,12236,54615,58259,-1295
185,9.572,12426,12182,57533,58077,244
186,9.624,11251,12618,58136,56936,-1367
187,9.676,11611,12394,56916,57610,-783
188,9.727,12676,12685,57889,57713,-9
189,9.779,13602,12406,55876,57616,1196
190,9.831,11674,13006,56319,58198,-1332
191,9.883,12607,13321,56527,58520,-714
192,9.934,12085,13091,59290,57743,-1006
193,9.986,11992,12806,55084,58289,-814
194,10.038,11791,12643,55871,57859,-852
195,10.09,12055,12709,58221,57428,-654
196,10.141,12167,12655,54164,58647,-488
197,10.193,10783,12612,56711,57707,-1829
198,10.245,12197,12643,57093,58217,-446
199,10.297,12433,13212,53735,57689,-779
200,10.348,12680,13188,59285,58035,-508
201,10.4,11728,13067,52202,57634,-1339
202,10.452,11373,12539,55073,57762,-1166
203,10.504,12092,12891,56754,57622,-799
204,10.555,11871,13291,58964,57027,-1420
205,10.607,12513,12558,57236,57483,-45
206,10.659,12446,12879,57639,56997,-433
207,10.711,12645,12612,55291,57841,33
208,10.762,11796,13079,58539,57349,-1283
209,10.814,11875,12715,55578,57537,-840
210,10.866,12422,12800,55917,57689,-378
211,10.918,15723,12606,56984,57337,3117
212,10.969,12899,12891,56918,57810,8
213,11.021,12308,12849,55290,57252,-541
214,11.073,12020,12746,54982,58077,-726
215,11.125,12512,12527,55317,58265,-15
216,11.176,12591,13170,57386,57853,-579
217,11.228,12456,13158,58110,57804,-702
218,11.28,14475,12806,55834,58532,1669
219,11.331,12327,12600,56264,57343,-273
220,11.383,11774,12770,53190,57355,-996
221,11.435,12863,12758,54742,57907,105
222,11.487,13351,12691,56658,57919,660
223,11.538,12279,12673,56721,57367,-394
224,11.59,13889,12982,55326,57944,907
225,11.642,14635,12430,54993,58817,2205
226,11.694,14853,12861,54460,58277,1992
227,11.745,12446,12382,58941,57634,64
228,11.797,11809,12891,55160,57009,-1082
229,11.849,12577,12800,57356,57974,-223
230,11.901,12594,12515,57757,56894,79
231,11.952,13865,12497,56068,58192,1368
232,12.004,14491,13006,55998,57683,1485
233,12.056,14400,13140,56040,57149,1260
234,12.108,14597,12909,55283,57841,1688
235,12.159,13268,12564,56738,57034,704
236,12.211,11404,12412,55714,58532,-1008
237,12.263,13021,12630,55903,57228,391
238,12.315,13644,12636,56012,58150,1008
239,12.366,16528,12849,55988,58368,3679
240,12.418,22434,13158,55599,57361,9276
241,12.47,14576,12812,57472,57319,1764
242,12.522,13028,12267,55740,58350,761
243,12.573,11660,12461,58793,58029,-801
244,12.625,11687,12055,57522,57913,-368
245,12.677,11299,12352,56411,57567,-1053
246,12.729,11080,12376,56357,57513,-1296
247,12.78,10523,11946,55257,57992,-1423
248,12.832,12164,12152,57952,57968,12
249,12.884,11917,12230,54882,57913,-313
250,12.935,11288,12158,57037,57853,-870
251,12.987,11540,12224,55288,57470,-684
252,13.039,12163,12036,57008,58162,127
253,13.091,12022,11643,55579,56463,379
254,13.142,10592,11800,55397,57537,-1208
255,13.194,11311,11830,55874,57938,-519
256,13.246,11279,11830,55013,57677,-551
257,13.298,11935,11952,55087,57604,-17
258,13.349,11058,12055,54323,56724,-997
259,13.401,12251,12430,54784,57701,-179
260,13.453,11072,12412,54378,58283,-1340
261,13.505,11670,12788,56350,57731,-1118
262,13.556,11180,12158,55225,57956,-978
263,13.608,11292,12285,56347,57847,-993
264,13.66,11394,12521,54334,56882,-1127
265,13.712,13083,12273,57657,57555,810
266,13.763,11064,12291,55931,57052,-1227
267,13.815,10933,12394,57130,57610,-1461
268,13.867,12153,11988,54775,57240,165
269,13.919,12846,12291,55425,57282,555
270,13.97,10873,12558,55112,57203,-1685
271,14.022,11634,12673,56010,56979,-1039
272,14.074,11658,12643,56314,57731,-985
273,14.126,12509,12164,55479,57367,345
274,14.177,12176,12788,56524,57270,-612
275,14.229,13459,13133,57286,58132,326
276,14.281,12366,12576,55587,58101,-210
277,14.333,12405,12739,58558,57555,-334
278,14.384,11291,12121,56341,57167,-830
279,14.436,12122,12212,55267,57537,-90
280,14.488,11726,12030,57143,57234,-304
281,14.54,12677,12194,55048,57986,483
282,14.591,11463,12539,55989,57810,-1076
283,14.643,12021,12133,56056,57428,-112
284,14.695,11866,12230,57373,57828,-364
285,14.746,10993,12224,55043,57737,-1231
286,14.798,10921,12097,56828,58550,-1176
287,14.85,10342,12297,56374,57950,-1955
288,14.902,11489,12582,54742,57944,-1093
289,14.953,10909,12109,54300,57125,-1200
290,15.005,11586,12127,52856,57828,-541
291,15.057,11045,12606,55227,57100,-1561
292,15.109,12129,12436,55723,57495,-307
293,15.16,12769,12139,55723,57519,630
294,15.212,11997,12006,53744,57106,-9
295,15.264,11786,12455,55688,57889,-669
296,15.316,11686,12727,56201,57640,-1041
297,15.367,11506,12479,56862,57288,-973
298,15.419,12270,12600,55067,57282,-330
299,15.471,12436,12715,58082,57658,-279
300,15.523,14793,12679,57461,58004,2114
301,15.574,15786,12212,54785,57392,3574
302,15.626,11339,12443,57261,57907,-1104
303,15.678,12316,12170,57220,57986,146
304,15.73,11697,12218,55219,58459,-521
305,15.781,11794,12133,57763,57118,-339
306,15.833,12262,12558,53805,57883,-296
307,15.885,10618,12109,56730,57938,-1491
308,15.937,12096,11927,57719,58332,169
309,15.988,11323,12121,55030,57665,-798
310,16.04,11181,12636,59310,58138,-1455
311,16.092,12975,13018,56667,57701,-43
312,16.144,11911,12297,56358,58010,-386
313,16.195,11960,12164,54947,57282,-204
314,16.247,11575,12558,57952,58077,-983
315,16.299,11352,12643,55852,58120,-1291
316,16.35,12193,13006,56687,57974,-813
317,16.402,11126,12976,56058,57495,-1850
318,16.454,10721,12473,58434,56955,-1752
319,16.506,11585,12085,55292,57537,-500
320,16.557,11594,12315,57891,57701,-721
321,16.609,11992,12230,54697,58350,-238
322,16.661,11212,12358,55473,57677,-1146
323,16.713,12250,12515,57488,57713,-265
324,16.764,14239,12546,54914,57828,1693
325,16.816,13275,12788,58616,58296,487
326,16.868,13940,12630,54840,58387,1310
327,16.92,14289,12182,57127,57695,2107
328,16.971,13298,12461,56548,57555,837
329,17.023,14784,13218,55802,57264,1566
330,17.075,14203,12861,55057,57392,1342
331,17.127,12375,12194,57308,57780,181
332,17.178,10573,12346,56767,58211,-1773
333,17.23,12323,12527,55467,57834,-204
334,17.282,13002,13115,56176,57410,-113
335,17.334,13858,13721,55464,57422,137
336,17.385,15059,13152,55617,56882,1907
337,17.437,13923,12255,55263,57768,1668
338,17.489,14389,11697,55686,57088,2692
339,17.541,13334,11594,57139,57944,1740
340,17.592,13185,12012,56100,57804,1173
341,17.644,15911,12158,55314,57118,3753
342,17.696,18789,11903,57697,57950,6886
343,17.748,20168,12158,57746,57780,8010
344,17.799,18330,11758,55861,57100,6572
345,17.851,15773,12346,55360,58126,3427
346,17.903,17749,12570,58975,57513,5179
347,17.954,16840,11800,54704,56924,5040
348,18.006,16160,11576,55662,58490,4584
349,18.058,20036,12406,57056,57325,7630
350,18.11,18938,12455,54691,58441,6483
351,18.161,17051,12212,57172,57549,4839
352,18.213,13844,12079,59152,57592,1765
353,18.265,14205,12273,59576,57804,1932
354,18.317,12023,11939,56513,57828,84
355,18.368,11712,12218,57940,57046,-506
356,18.42,11698,11570,54890,57276,128
357,18.472,12155,11939,56327,57841,216
358,18.524,11886,11933,55273,58241,-47
359,18.575,12143,11843,54478,58411,300
360,18.627,12704,11764,56943,58326,940
361,18.679,11884,12315,57567,58077,-431
362,18.731,12603,12279,56177,57719,324
363,18.782,12400,12327,55705,58059,73
364,18.834,12213,12043,55571,58271,170
365,18.886,11974,12152,56757,57507,-178
366,18.938,13228,12182,54549,57288,1046
367,18.989,12453,11885,56164,57549,568
368,19.041,12580,12073,54821,57525,507
369,19.093,12439,11812,57361,57938,627
370,19.145,12040,12200,58545,57658,-160
371,19.196,12237,11946,56292,57925,291
372,19.248,11927,12146,55383,57385,-219
373,19.3,12734,12103,56981,57780,631
374,19.352,11239,12546,57409,57932,-1307
375,19.403,11581,11970,53567,57816,-389
376,19.455,11604,12206,56472,58023,-602
377,19.507,11504,12606,56676,57919,-1102
378,19.558,12268,12691,54836,57125,-423
379,19.61,10959,12164,55631,58198,-1205
380,19.662,12702,12200,57464,58047,502
381,19.714,12371,12449,55766,57240,-78
382,19.765,11576,12436,55966,57974,-860
383,19.817,10962,12770,57293,57640,-1808
384,19.869,12198,13103,56487,57889,-905
385,19.921,12083,12291,54209,58338,-208
386,19.972,13120,12097,56782,57665,1023
387,20.024,12198,12243,52546,57586,-45
388,20.076,12190,12364,57165,56827,-174
389,20.128,12467,11939,58760,58168,528
390,20.179,12196,12170,56433,57118,26
391,20.231,11975,11982,53458,57567,-7
392,20.283,12179,12079,55707,57197,100
393,20.335,12665,12182,54982,57841,483
394,20.386,12107,12000,57221,58144,107
395,20.438,11213,12079,56491,57580,-866
396,20.49,12383,12285,55824,57671,98
397,20.542,10608,12109,58012,57932,-1501
398,20.593,12031,11873,55317,57580,158
399,20.645,11644,12109,55670,58490,-465
400,20.697,11796,11867,56763,57027,-71
401,20.749,12266,11946,56027,57179,320
402,20.8,11736,11964,55194,58059,-228
403,20.852,12000,12255,56589,57203,-255
404,20.904,11515,12327,54409,57658,-812
405,20.956,12581,12133,56881,57531,448
406,21.007,11664,12127,56873,57871,-463
407,21.059,13424,11976,55089,58156,1448
408,21.111,12756,12333,55699,57598,423
409,21.162,12601,12267,59795,57816,334
410,21.214,13159,12352,56212,57956,807
411,21.266,13053,12255,55781,58041,798
412,21.318,13066,12424,58611,57780,642
413,21.369,13100,12115,59191,57337,985
414,21.421,11980,12236,56590,57422,-256
415,21.473,12211,12406,55080,57731,-195
416,21.525,12422,12370,56163,57203,52
417,21.576,11826,12376,55523,57816,-550
418,21.628,11465,11855,55388,58217,-390
419,21.68,11401,11491,57992,56961,-90
420,21.732,10945,11655,55516,58702,-710
421,21.783,11594,11806,55818,58350,-212
422,21.835,12063,11861,56816,57519,202
423,21.887,12261,11636,57979,57792,625
424,21.939,10612,11594,54577,58004,-982
425,21.99,10356,11570,58389,57962,-1214
426,22.042,10391,11624,56531,57064,-1233
427,22.094,11053,11800,51883,57058,-747
428,22.146,11421,11800,55672,57476,-379
429,22.197,11812,11782,55862,57822,30
430,22.249,10963,11927,57877,57276,-964
431,22.301,11514,11521,57566,57301,-7
432,22.353,10588,12049,57176,58138,-1461
433,22.404,11184,11885,57643,57871,-701
434,22.456,10935,12055,57325,57149,-1120
435,22.508,12299,12418,55585,58083,-119
436,22.56,11334,11964,56936,57197,-630
437,22.611,11670,11818,55888,57276,-148
438,22.663,10487,11679,56878,57040,-1192
439,22.715,11404,11970,56798,57604,-566
440,22.766,10885,11952,56128,57731,-1067
441,22.818,11981,11818,56864,57288,163
442,22.87,11548,12582,56177,57986,-1034
443,22.922,11819,12297,57763,57956,-478
444,22.973,11932,11921,58420,57749,11
445,23.025,11550,11764,57439,57034,-214
446,23.077,11052,12436,56374,57440,-1384
447,23.129,11864,11388,57398,57567,476
448,23.18,11494,11812,56773,57301,-318
449,23.232,11456,12006,54023,58132,-550
450,23.284,12395,12127,56041,57932,268
451,23.336,10547,11927,55830,57301,-1380
452,23.387,11513,11939,56270,57470,-426
453,23.439,11639,12243,56774,57149,-604
454,23.491,11610,12412,57155,57841,-802
455,23.543,11160,12333,53348,57404,-1173
456,23.594,11103,12067,57287,57992,-964
457,23.646,11852,11946,55968,57968,-94
458,23.698,10938,11849,56789,57349,-911
459,23.75,10407,11867,54501,57222,-1460
460,23.801,11312,11703,55980,57859,-391
461,23.853,11755,11788,55933,58120,-33
462,23.905,10705,12279,57613,57689,-1574
463,23.957,11337,11958,59274,58168,-621
464,24.008,10861,11715,56282,57743,-854
465,24.06,11164,12079,55006,57476,-915
466,24.112,12295,12012,54516,57240,283
467,24.164,11569,12230,53823,57234,-661
468,24.215,11065,12164,53685,57665,-1099
469,24.267,11915,11764,55586,57677,151
470,24.319,12093,11703,56123,57234,390
471,24.37,12776,11552,58729,57537,1224
472,24.422,11598,12055,58394,57379,-457
473,24.474,10997,11824,55837,57677,-827
474,24.526,10373,11612,55138,56912,-1239
475,24.577,10129,11509,56573,57616,-1380
476,24.629,10823,11576,53516,57841,-753
477,24.681,11510,11346,57386,56821,164
478,24.733,10887,11291,55927,57185,-404
479,24.784,11603,11146,56080,57665,457
480,24.836,11277,11655,57066,57889,-378
481,24.888,11165,11964,58652,57519,-799
482,24.94,11666,11261,55585,57616,405
483,24.991,11825,11849,56289,57780,-24
484,25.043,11945,11976,57741,56833,-31
485,25.095,11756,11897,57528,56876,-141
486,25.147,11046,12030,54941,57003,-984
487,25.198,11343,12382,55358,57319,-1039
488,25.25,11295,12194,57824,57616,-899
489,25.302,11479,11673,55531,56876,-194
490,25.354,11537,12212,56490,57446,-675
491,25.405,10657,12127,57039,58095,-1470
492,25.457,11932,11861,59291,57646,71
493,25.509,10674,11946,57428,57871,-1272
494,25.561,10800,11418,55993,57980,-618
495,25.612,11365,11927,56599,57440,-562
496,25.664,10306,11836,56209,57404,-1530
497,25.716,11731,11806,56825,57561,-75
498,25.768,11124,11824,54919,57246,-700
499,25.819,12303,11655,55901,58168,648
500,25.871,12221,11582,55961,57161,639
501,25.923,11994,11843,55559,57549,151
502,25.974,10511,11733,55674,57434,-1222
503,26.026,12813,12424,56711,57780,389
504,26.078,11497,11885,59196,57950,-388
505,26.13,12629,12279,58385,57665,350
506,26.181,11762,11521,58202,56912,241
507,26.233,11491,11594,54970,57027,-103
508,26.285,11890,11867,55550,56997,23
509,26.337,10661,11715,57309,57379,-1054
510,26.388,11969,11715,56322,57155,254
511,26.44,11264,11721,58174,57240,-457
512,26.492,10995,11709,55972,57671,-714
513,26.544,11697,11982,57664,57519,-285
514,26.595,10906,12164,56296,57452,-1258
515,26.647,11357,11758,55115,57646,-401
516,26.699,11625,11927,57286,57756,-302
517,26.751,10362,11673,56004,57592,-1311
518,26.802,10478,11903,54709,57276,-1425
519,26.854,11300,11885,55315,57628,-585
520,26.906,11045,11788,56121,57301,-743
521,26.958,10955,11824,55050,57580,-869
522,27.009,12806,12152,56396,56888,654
523,27.061,11947,11855,56811,57167,92
524,27.113,11148,12115,54646,57373,-967
525,27.165,13096,11715,55079,56821,1381
526,27.216,10717,11709,56080,57677,-992
527,27.268,10803,11588,54973,57337,-785
528,27.32,10278,11982,57522,58186,-1704
529,27.372,11126,12030,57018,58120,-904
530,27.423,11096,11758,56824,57859,-662
531,27.475,11122,11461,54690,57725,-339
532,27.527,10715,11564,57858,56724,-849
533,27.578,12007,12643,53802,57998,-636
534,27.63,10872,11733,56771,57313,-861
535,27.682,11687,11988,56632,57094,-301
536,27.734,10287,11952,55703,57580,-1665
537,27.785,10910,12515,56531,57671,-1605
538,27.837,12485,12139,58498,56930,346
539,27.889,11592,12006,55962,57228,-414
540,27.941,11157,11933,54144,58059,-776
541,27.992,10893,11885,54628,57816,-992
542,28.044,10083,11661,56502,57980,-1578
543,28.096,10867,11424,55618,58811,-557
544,28.148,11522,11515,56938,57652,7
545,28.199,11777,11709,55654,57543,68
546,28.251,11377,11497,56646,57495,-120
547,28.303,10636,11703,56351,58314,-1067
548,28.355,10856,11733,56877,57021,-877
549,28.406,11817,12109,58319,57925,-292
550,28.458,12058,11758,56588,58010,300
551,28.51,11492,12176,57938,57962,-684
552,28.562,10597,11921,55311,58035,-1324
553,28.613,10164,11485,56101,57222,-1321
554,28.665,11898,11800,57430,58387,98
555,28.717,11257,11830,55260,57361,-573
556,28.769,11146,12000,58631,57701,-854
557,28.82,11551,12055,56571,57640,-504
558,28.872,11644,12485,55374,57470,-841
559,28.924,11250,11873,57948,58168,-623
560,28.976,11148,12279,56789,57701,-1131
561,29.027,10694,12158,58134,57895,-1464
562,29.079,11556,12358,55281,57683,-802
563,29.131,11872,12170,58097,58059,-298
564,29.182,13165,12030,56041,57725,1135
565,29.234,12202,11836,56395,57956,366
566,29.286,12003,11855,57947,57149,148
567,29.338,11288,11855,55958,57725,-567
568,29.389,11410,11685,56296,57768,-275
569,29.441,10972,12527,56338,58010,-1555
570,29.493,10708,12503,56305,57222,-1795
571,29.545,11537,12303,57605,57567,-766
572,29.596,11605,11739,57944,57440,-134
573,29.648,13118,11346,58035,57513,1772
574,29.7,10694,12085,56899,57021,-1391
575,29.752,10794,11533,56492,57646,-739
576,29.803,11772,11885,56999,57919,-113
577,29.855,11041,11630,56006,57713,-589
578,29.907,10644,11552,56286,57379,-908
579,29.959,10447,11715,54861,57883,-1268
580,30.01,10648,11309,58204,57094,-661
581,30.062,10582,11533,59570,57713,-951
582,30.114,10051,11952,55329,57015,-1901
583,30.166,11167,11618,54147,58059,-451
584,30.217,12633,12297,56642,57707,336
585,30.269,10707,11418,55838,57762,-711
586,30.321,11856,11703,56560,56943,153
587,30.373,11305,11636,58588,57313,-331
588,30.424,11405,11558,56338,57737,-153
589,30.476,12607,11479,56388,57998,1128
590,30.528,10925,11715,52919,57294,-790
591,30.58,12138,11830,55366,57671,308
592,30.631,11760,11649,54333,57786,111
593,30.683,11375,11655,55618,58047,-280
594,30.735,11710,11836,57872,57689,-126
595,30.786,11086,11885,56007,56773,-799
596,30.838,11004,11661,59244,58344,-657
597,30.89,11242,11861,55791,58114,-619
598,30.942,11319,11830,53160,57209,-511
599,30.993,15744,11867,55827,57561,3877
600,31.045,11359,12055,56799,58047,-696
601,31.097,10996,12121,57406,57956,-1125
602,31.149,11076,12018,54825,57689,-942
603,31.2,10587,12006,57068,57440,-1419
604,31.252,11387,11739,57515,57294,-352
605,31.304,12130,11976,56153,57392,154
606,31.356,11814,11982,59571,57919,-168
607,31.407,12703,11624,57713,58453,1079
608,31.459,10554,11697,56156,57895,-1143
609,31.511,10617,11909,58172,58107,-1292
610,31.563,10656,11364,58226,57992,-708
611,31.614,11931,11739,56192,57938,192
612,31.666,10425,11746,57307,58490,-1321
613,31.718,10982,11855,57381,57501,-873
614,31.77,10746,11600,58288,57877,-854
615,31.821,12803,12146,56345,58374,657
616,31.873,11501,11818,57343,58229,-317
617,31.925,12711,11758,54686,58156,953
618,31.977,11501,11558,57719,57652,-57
619,32.028,11967,11649,58217,57610,318
620,32.08,11683,11915,55081,57822,-232
621,32.132,10345,11715,55709,58223,-1370
622,32.184,11169,11309,55023,59084,-140
623,32.235,10389,11267,57091,57853,-878
624,32.287,11061,11279,57600,57683,-218
625,32.339,11234,11346,56780,58247,-112
626,32.39,9914,11018,58027,58150,-1104
627,32.442,11190,11170,55091,58520,20
628,32.494,12163,11764,57012,58235,399
629,32.546,10879,11418,57018,57513,-539
630,32.597,11137,11618,55853,58101,-481
631,32.649,10366,11527,55529,57367,-1161
632,32.701,11026,11885,56976,57895,-859
633,32.753,10759,11170,54295,57574,-411
634,32.804,11196,11515,55437,57622,-319
635,32.856,10721,11364,57715,58326,-643
636,32.908,10551,11443,54817,57501,-892
637,32.96,11634,11527,57697,58253,107
638,33.011,11929,11412,55509,57816,517
639,33.063,13695,11661,57138,57112,2034
640,33.115,11931,11879,58824,57828,52
641,33.167,11050,11746,55729,57725,-696
642,33.218,11937,11939,55791,57768,-2
643,33.27,13561,12315,56948,57992,1246
644,33.322,12296,11552,57595,57264,744
645,33.374,13423,11430,54293,57756,1993
646,33.425,10652,11606,56334,58095,-954
647,33.477,10765,12067,57898,57446,-1302
648,33.529,11721,11812,55745,57270,-91
649,33.581,11417,12218,56453,57762,-801
650,33.632,11755,11836,59342,57713,-81
651,33.684,11923,12243,57090,58508,-320
652,33.736,12898,11515,55979,57574,1383
653,33.788,11669,11782,55754,58059,-113
654,33.839,11936,11958,57590,57446,-22
655,33.891,13855,11558,57023,58126,2297
656,33.943,10796,11552,56286,58156,-756
657,33.994,11128,11933,57706,57822,-805
658,34.046,11291,11782,58118,58314,-491
659,34.098,10852,11485,58440,57592,-633
660,34.15,11306,11649,55963,57665,-343
661,34.201,12029,11752,56393,58453,277
662,34.253,11397,12164,55260,57301,-767
663,34.305,11222,11946,56964,57713,-724
664,34.357,11031,12097,54866,57349,-1066
665,34.408,11221,12164,56340,57301,-943
666,34.46,12800,11515,58060,58229,1285
667,34.512,14398,11885,58135,57774,2513
668,34.564,14045,12224,55015,58478,1821
669,34.615,13405,12382,55651,58035,1023
670,34.667,12661,11800,55325,57616,861
671,34.719,12382,12255,58417,58223,127
672,34.771,14154,12200,55306,58065,1954
673,34.822,11976,12346,57524,57513,-370
674,34.874,14930,12533,55983,57476,2397
675,34.926,11613,11946,55898,57519,-333
676,34.978,12558,12721,55129,58963,-163
677,35.029,11953,11885,56181,57222,68
678,35.081,11786,11727,56214,58217,59
679,35.133,11086,11600,56789,58047,-514
680,35.185,12052,11897,59254,57938,155
681,35.236,11545,11424,58512,57665,121
682,35.288,11308,11618,56670,57756,-310
683,35.34,13171,11921,58575,57998,1250
684,35.392,10868,11588,56892,57567,-720
685,35.443,12875,12273,56155,57810,602
686,35.495,14076,12279,56163,57968,1797
687,35.547,10615,11564,56459,57950,-949
688,35.598,10815,11721,57258,57841,-906
689,35.65,10811,11533,55180,58435,-722
690,35.702,11288,11606,55978,58283,-318
691,35.754,12255,11618,57197,58496,637
692,35.805,10839,12176,54751,58229,-1337
693,35.857,11701,12455,57424,57743,-754
694,35.909,10499,12000,57694,58344,-1501
695,35.961,12474,12121,56344,57877,353
696,36.012,11681,12903,56151,58441,-1222
697,36.064,11661,12485,57191,57555,-824
698,36.116,10458,12812,56886,57907,-2354
699,36.168,13435,12485,56665,57404,950
700,36.219,14887,12703,55895,57883,2184
701,36.271,16277,12715,54331,58751,3562
702,36.323,20844,13430,56464,58332,7414
703,36.375,19953,12788,56273,57980,7165
704,36.426,11339,12170,56391,57592,-831
705,36.478,11273,12139,57438,57895,-866
706,36.53,12987,12485,58338,57489,502
707,36.582,12661,12533,54919,57392,128
708,36.633,12131,12018,55623,57962,113
709,36.685,12542,12394,57060,58817,148
710,36.737,11770,12230,58047,57859,-460
711,36.789,11485,11861,56865,57841,-376
712,36.84,12753,12236,56808,58635,517
713,36.892,12950,12121,53703,57489,829
714,36.944,12354,11727,57641,58265,627
715,36.996,11964,11267,56593,57992,697
716,37.047,12675,11982,55419,57410,693
717,37.099,13328,12012,56630,58035,1316
718,37.151,12974,12164,57031,58217,810
719,37.202,12745,12273,57976,58077,472
720,37.254,12959,12243,58754,57974,716
721,37.306,13413,12352,56853,58587,1061
722,37.358,12881,11661,55815,59084,1220
723,37.409,12084,11673,55723,58569,411
724,37.461,12719,11830,56241,56912,889
725,37.513,12262,11533,55623,57440,729
726,37.565,12950,11539,57639,58344,1411
727,37.616,12558,11552,56701,57798,1006
728,37.668,12651,11939,58512,56997,712
729,37.72,13490,12043,56739,58757,1447
730,37.772,12807,11873,56179,57804,934
731,37.823,12098,11739,58219,58162,359
732,37.875,12950,12012,55793,58277,938
733,37.927,12881,12297,56922,57337,584
734,37.979,13853,11715,54985,57725,2138
735,38.03,13668,11982,57244,57992,1686
736,38.082,14327,11903,56310,57968,2424
737,38.134,16463,12533,56098,57628,3930
738,38.186,17102,12303,57257,57932,4799
739,38.237,14562,12030,56483,58016,2532
740,38.289,12521,11903,54263,58605,618
741,38.341,14406,12079,57622,58283,2327
742,38.393,14364,12012,58067,58041,2352
743,38.444,13450,11794,56312,58053,1656
744,38.496,13731,12146,56476,57628,1585
745,38.548,13756,11964,56579,57483,1792
746,38.6,11939,12164,56256,57932,-225
747,38.651,13061,11643,55648,58738,1418
748,38.703,12538,12012,56834,58083,526
749,38.755,11920,11994,56680,58023,-74
750,38.806,12609,11891,56573,57749,718
751,38.858,13519,11497,57586,58059,2022
752,38.91,12210,11612,54393,57974,598
753,38.962,13794,11697,56571,58368,2097
754,39.013,14743,11861,56650,57100,2882
755,39.065,13780,11794,55526,57816,1986
756,39.117,13338,11897,56609,57592,1441
757,39.169,15051,12503,57264,57768,2548
758,39.22,14148,11933,59180,57737,2215
759,39.272,11657,11467,56488,57798,190
760,39.324,12801,11552,55251,57950,1249
761,39.376,13328,11776,55298,58405,1552
762,39.427,14092,12115,55126,58162,1977
763,39.479,13636,11709,57626,58399,1927
764,39.531,16985,11939,58935,57847,5046
765,39.583,12024,11758,56560,58156,266
766,39.634,13250,11958,56292,58156,1292
767,39.686,13418,12018,55669,57537,1400
768,39.738,14055,12364,56621,58490,1691
769,39.79,11937,11836,54770,58162,101
770,39.841,12337,11746,55237,57853,591
771,39.893,12702,11643,57335,57658,1059
772,39.945,11966,11861,57195,58211,105
773,39.997,12654,12467,57581,58302,187
774,40.048,13616,12139,56273,58023,1477
775,40.1,12959,12243,55981,58053,716
776,40.152,13238,12030,58179,57483,1208
777,40.204,15761,12412,54932,57719,3349
778,40.255,14272,11758,55916,57938,2514
779,40.307,12927,11897,56038,57592,1030
780,40.359,13122,12115,55441,58241,1007
781,40.41,14082,12127,54506,57574,1955
782,40.462,12188,11921,57179,58429,267
783,40.514,13831,12103,55541,58229,1728
784,40.566,14351,11933,55295,57847,2418
785,40.617,12802,11552,56246,58241,1250
786,40.669,13814,11824,57382,57968,1990
787,40.721,13128,12194,55770,58217,934
788,40.773,12774,12236,57995,58120,538
789,40.824,13381,11836,55662,57628,1545
790,40.876,12624,12085,57175,57925,539
791,40.928,14207,12049,56128,57828,2158
792,40.98,14013,12164,57203,57913,1849
793,41.031,13617,12279,56360,57586,1338
794,41.083,12508,11612,59675,57331,896
795,41.135,12314,12049,56249,58338,265
796,41.187,12813,12127,55584,57452,686
797,41.238,11695,11800,55393,57671,-105
798,41.29,12075,11933,55976,57640,142
799,41.342,12269,11727,57816,58611,542
800,41.394,12641,12024,54891,58120,617
801,41.445,12354,11994,58359,58393,360
802,41.497,12932,11788,56984,57974,1144
803,41.549,12339,11758,55706,58320,581
804,41.601,14214,11994,56288,58156,2220
805,41.652,14046,11818,56826,58101,2228
806,41.704,13505,11643,55809,57355,1862
807,41.756,13241,11667,54816,57786,1574
808,41.808,14237,11849,57815,58338,2388
809,41.859,12961,11539,54155,58259,1422
810,41.911,13263,11473,56091,58411,1790
811,41.963,14448,12194,55848,58289,2254
812,42.015,12429,11539,60209,57549,890
813,42.066,12962,11315,56214,57938,1647
814,42.118,12732,11697,57643,57780,1035
815,42.17,11753,11933,58559,58247,-180
816,42.221,12731,11673,57916,57325,1058
817,42.273,11877,11758,57505,58502,119
818,42.325,12692,12176,56511,58059,516
819,42.377,13017,11830,58460,57974,1187
820,42.428,12300,11746,56888,58623,554
821,42.48,11997,11558,57571,58156,439
822,42.532,13137,11861,58770,58071,1276
823,42.584,15544,12267,61919,58010,3277
824,42.635,14626,12121,57224,58441,2505
825,42.687,12076,12133,56779,57804,-57
826,42.739,11863,11673,57332,57919,190
827,42.791,11940,12103,56407,57980,-163
828,42.842,12851,11782,57447,58635,1069
829,42.894,13577,11952,58481,58126,1625
830,42.946,12972,11976,56543,57956,996
831,42.998,12748,12006,58305,57743,742
832,43.049,12697,11733,56434,58490,964
833,43.101,12092,11509,56921,57950,583
834,43.153,13305,11727,58731,58259,1578
835,43.205,13087,11558,56757,58720,1529
836,43.256,13571,12012,57057,57489,1559
837,43.308,13046,11546,57907,58423,1500
838,43.36,13069,12006,61087,58569,1063
839,43.412,14364,11806,59052,58332,2558
840,43.463,13937,11467,58986,57919,2470
841,43.515,14216,11285,57715,58023,2931
842,43.567,14833,11467,59667,57677,3366
843,43.619,15881,11776,57565,57665,4105
844,43.67,15233,11412,56518,57889,3821
845,43.722,11889,11570,56733,58223,319
846,43.774,14119,11758,57400,57780,2361
847,43.825,14024,11655,58782,57907,2369
848,43.877,14984,11552,58138,58247,3432
849,43.929,15317,11691,60690,58132,3626
850,43.981,14863,11830,60240,58332,3033
851,44.032,12665,11921,58154,58035,744
852,44.084,11670,11461,57696,57652,209
853,44.136,11420,11903,58692,57367,-483
854,44.188,11796,11394,55294,58417,402
855,44.239,12087,11309,58754,57932,778
856,44.291,12289,11618,57162,57622,671
857,44.343,12558,11558,57179,57161,1000
858,44.395,12764,11612,57536,58465,1152
859,44.446,13199,11509,57127,58563,1690
860,44.498,12951,11624,57089,58271,1327
861,44.55,12888,11467,57512,58635,1421
862,44.602,14718,11515,56306,58490,3203
863,44.653,12934,11739,57422,57531,1195
864,44.705,13528,11552,58332,58447,1976
865,44.757,14158,11606,58066,57962,2552
866,44.809,13231,11685,57819,58502,1546
867,44.86,13690,11546,54937,57798,2144
868,44.912,12700,11570,59464,57804,1130
869,44.964,13132,12043,58975,57331,1089
870,45.016,13121,11539,58634,58283,1582
871,45.067,12077,11394,60120,57992,683
872,45.119,12112,11509,59875,57986,603
873,45.171,12167,12079,58231,58296,88
874,45.223,14580,12346,59094,58411,2234
875,45.274,11139,12261,56222,58198,-1122
876,45.326,10524,11939,57003,57446,-1415
877,45.378,10285,11861,57777,57944,-1576
878,45.429,10345,11188,57028,58459,-843
879,45.481,10176,11855,59837,58368,-1679
880,45.533,11656,11921,57127,58259,-265
881,45.585,11285,11976,54824,58478,-691
882,45.636,11618,11994,57269,57355,-376
883,45.688,10591,11697,57416,58168,-1106
884,45.74,11597,11576,57812,57792,21
885,45.792,10939,11430,56735,57762,-491
886,45.843,11131,11273,58743,58478,-142
887,45.895,10916,11643,56291,57798,-727
888,45.947,11758,11758,57455,57847,0
889,45.999,10255,11279,55430,57234,-1024
890,46.05,11690,11994,57551,57652,-304
891,46.102,12312,12146,56509,57768,166
892,46.154,11680,11497,56335,57501,183
893,46.206,11604,11249,55911,57640,355
894,46.257,11829,11382,58860,57446,447
895,46.309,11233,11091,57690,57725,142
896,46.361,11484,11267,57408,57561,217
897,46.413,10895,11109,58273,57853,-214
898,46.464,11357,11236,57796,57640,121
899,46.516,11902,10946,57988,57519,956
900,46.568,11731,11158,58611,58241,573
901,46.62,11274,11261,55704,57464,13
902,46.671,12212,11630,56513,57513,582
903,46.723,11164,11194,56633,57689,-30
904,46.775,12145,11333,57031,57841,812
905,46.827,11735,11194,53632,58320,541
906,46.878,12081,11746,57281,58198,335
907,46.93,11945,11315,56793,58004,630
908,46.982,11181,11376,57019,58162,-195
909,47.033,12115,10897,55983,57792,1218
910,47.085,14107,11043,55477,58083,3064
911,47.137,13396,11067,55161,58101,2329
912,47.189,12433,11376,53929,57962,1057
913,47.24,12407,10958,57630,57294,1449
914,47.292,12390,11139,57387,58059,1251
915,47.344,12301,11200,58992,58508,1101
916,47.396,12954,11224,54758,57901,1730
917,47.447,12996,10927,58391,58277,2069
918,47.499,12261,11127,58228,57749,1134
919,47.551,11548,11079,56566,57962,469
920,47.603,12874,11073,56988,57228,1801
921,47.654,14000,11315,57933,58211,2685
922,47.706,12309,11303,57356,58447,1006
923,47.758,11851,11436,56691,57895,415
924,47.81,12411,11430,55978,58556,981
925,47.861,12386,11115,55886,57816,1271
926,47.913,12796,11727,55162,58526,1069
927,47.965,13139,11182,58353,58472,1957
928,48.017,12714,11333,55893,58405,1381
929,48.068,12891,11085,55090,58563,1806
930,48.12,12004,11297,56106,58241,707
931,48.172,13721,11327,58540,58168,2394
932,48.224,12900,11309,56863,57853,1591
933,48.275,12702,11024,57205,58459,1678
934,48.327,12010,11291,57039,58647,719
935,48.379,12694,10800,60269,58247,1894
936,48.431,12524,11570,57941,58302,954
937,48.482,13464,11521,58933,58484,1943
938,48.534,14281,11673,56858,58435,2608
939,48.586,12389,11479,59090,57847,910
940,48.637,13248,11491,56994,58399,1757
941,48.689,14304,11327,57927,58453,2977
942,48.741,15028,11370,57045,58229,3658
943,48.793,13142,11406,55063,57792,1736
944,48.844,12805,11764,55996,58004,1041
945,48.896,14073,11461,54594,58556,2612
946,48.948,13086,11267,57756,58198,1819
947,49.0,14040,11364,55888,58180,2676
948,49.051,14655,11461,56820,58180,3194
949,49.103,14426,11291,58278,58241,3135
950,49.155,12793,11449,57334,58484,1344
951,49.207,12112,11067,57195,57944,1045
952,49.258,13769,11552,59848,57561,2217
953,49.31,14185,11249,57559,57792,2936
954,49.362,12448,11873,59284,58993,575
955,49.414,12230,11558,56814,57925,672
956,49.465,12058,11406,55479,57980,652
957,49.517,11691,11406,57425,58708,285
958,49.569,12300,11279,55699,58186,1021
959,49.621,12109,11564,55158,57895,545
960,49.672,13536,11358,57522,57476,2178
961,49.724,13113,11339,57649,57883,1774
962,49.776,12555,11461,57876,58016,1094
963,49.828,11888,11521,59182,58235,367
964,49.879,11443,11697,58878,57476,-254
965,49.931,12793,11473,57539,58441,1320
966,49.983,13048,11327,58588,57652,1721
967,50.035,13280,11206,58560,57883,2074
968,50.086,12575,11043,58929,58162,1532
969,50.138,14058,11321,57972,57925,2737
970,50.19,12011,11291,58235,57574,720
971,50.241,13072,11467,55216,57725,1605
972,50.293,12483,11582,57806,58277,901
973,50.345,12248,11400,56700,58484,848
974,50.397,11691,11255,55825,57325,436
975,50.448,14496,11612,56626,58387,2884
976,50.5,12967,11127,57088,57683,1840
977,50.552,11255,11382,59153,58156,-127
978,50.604,12216,11570,58486,58107,646
979,50.655,10915,11212,57869,58441,-297
980,50.707,11543,11085,56425,58429,458
981,50.759,11742,10994,57984,58174,748
982,50.811,12358,11309,57586,57871,1049
983,50.862,13061,11127,57551,57592,1934
984,50.914,14461,11164,55904,57962,3297
985,50.966,15291,11400,55920,57822,3891
986,51.018,14722,11352,56885,58320,3370
987,51.069,14760,11558,56710,58453,3202
988,51.121,16540,12012,56341,57841,4528
989,51.173,14826,11539,58370,58265,3287
990,51.225,13618,11746,57933,58205,1872
991,51.276,13804,11794,58339,58198,2010
992,51.328,13704,11661,55733,58283,2043
993,51.38,12046,11139,58846,58344,907
994,51.432,13639,11109,56031,57956,2530
995,51.483,13555,11255,58009,57974,2300
996,51.535,13750,11182,56090,58605,2568
997,51.587,13615,11618,58630,57616,1997
998,51.639,12903,11473,56579,58004,1430
999,51.69,13152,11539,57801,58490,1613
