262,95.15,70.87,4438.45
264,95.62,70.93,5186.46
265,95.56,71.13,1918.5600000000002
266,95.56,70.91,2188.83
267,95.23,70.75,2814.1400000000003
268,95.51,70.89,1317.31
269,95.3,71.12,5758.81
270,95.42,71.09,2638.7700000000004
271,95.67,70.83,789.5799999999999
272,95.62,71.05,-496.52999999999975
273,95.22,70.99,1271.44
274,95.31,71.21,1585.58
275,95.49,71.18,2038.4900000000002
276,95.43,71.1,1470.5299999999997
277,95.31,71.05,3598.3900000000003
278,95.44,70.96,4118.4400000000005
279,95.5,71.06,1935.44
280,95.63,71.12,1154.8899999999999
281,95.51,71.1,2188.82
282,95.4,71.25,1707.9500000000003
283,95.36,70.86,3339.72
284,95.19,70.97,5472.450000000001
285,95.44,71.12,1663.1700000000005
286,95.26,71.17,3573.4500000000003
287,95.37,71.05,1017.5000000000005
288,95.19,71.11,6196.55
289,95.23,71.12,1790.6799999999998
290,95.37,70.97,1761.88
291,95.4,70.98,1941.77
292,95.35,71.09,1523.56
293,95.41,70.9,3452.2599999999998
294,95.5,70.93,1077.35
295,95.24,70.92,1927.1299999999999
296,95.53,71.21,4970.79
297,95.35,70.88,1920.4299999999998
298,95.6,70.8,610.4500000000003
299,95.33,71.01,4869.45
300,95.41,70.87,1897.5500000000002
301,95.39,71.01,843.21
302,95.39,71.02,2761.2200000000003
303,95.31,70.93,5191.41
304,95.32,70.98,5380.01
305,95.47,70.92,2337.11
306,95.23,71.09,5784.49
307,95.33,71.2,3319.5299999999997
308,95.54,70.95,2553.04
309,95.21,71.04,978.0499999999997
310,95.38,71.16,4166.51
311,95.48,71.12,2289.99
312,95.14,70.98,3667.32
313,95.46,70.84,1733.1599999999999
314,95.48,71.11,897.5799999999999
315,95.58,71.07,2368.2699999999995
316,95.78,71.04,4553.95
317,95.84,71.08,1526.3400000000001
318,95.44,70.62,5032.33
319,95.64,70.91,270.6200000000001
320,95.52,70.59,4136.12
321,95.81,70.94,3230.15
322,95.96,70.94,2150.01
323,95.47,71.2,2382.49
324,95.79,71.01,1559.1599999999999
325,95.4,70.89,2386.9700000000003
326,95.31,70.9,-445.8100000000002
327,95.26,70.87,3125.6400000000003
328,95.41,70.92,1304.5700000000002
329,95.4,70.93,3711.8
330,95.35,70.98,3284.7000000000003
331,95.54,70.99,874.0
332,95.48,71.04,5650.89
333,95.45,70.92,3397.77
334,95.81,70.97,3271.47
335,95.59,70.95,699.3699999999999
336,95.56,70.63,4440.78
337,95.47,70.98,1302.6100000000001
338,95.44,70.88,3686.76
339,95.33,70.82,2980.8
340,95.47,70.97,1738.0199999999995
341,95.29,70.89,6488.030000000001
342,95.39,70.81,2526.6499999999996
343,95.55,70.77,3019.65
344,95.48,70.76,3331.61
345,95.52,70.75,3925.5
346,95.33,70.66,6464.52
347,95.31,70.84,2980.8399999999997
348,95.46,70.9,4054.5800000000004
349,95.66,71.0,7028.17
350,95.46,70.91,3640.3900000000003
351,95.51,71.0,3720.2699999999995
352,95.67,71.0,1047.2800000000002
353,95.3,70.9,4283.16
354,95.47,70.79,2989.2400000000002
355,95.29,70.82,5504.09
356,95.33,70.92,3287.95
357,95.63,70.89,5949.21
358,95.48,70.82,1936.57
359,95.51,71.06,3070.8999999999996
360,95.66,70.87,2257.27
361,95.33,71.0,5611.25
362,95.43,71.06,2232.81
363,95.23,70.93,6410.0
364,95.43,70.87,1472.86
365,95.57,70.95,2074.6099999999997
366,95.49,70.81,1615.73
367,96.34,71.4,1986.9099999999999
368,96.62,71.18,771.3300000000002
369,96.54,71.64,374.09000000000003
370,96.53,71.56,3552.9300000000003
371,96.22,71.21,973.53
372,96.44,71.5,3049.6400000000003
373,96.34,71.44,3427.11
374,96.59,71.17,2067.78
375,96.36,71.41,4812.21
376,96.55,70.94,-57.50999999999999
377,96.36,71.4,1063.73
378,96.37,71.43,2216.0
379,96.58,71.42,3620.8
380,96.4,71.49,-150.05999999999995
381,96.33,71.34,447.5999999999999
382,96.09,71.28,2340.29
383,96.24,71.1,2258.34
384,96.43,71.5,2797.94
385,96.55,71.14,2045.51
386,96.66,71.47,928.0999999999999
387,96.36,71.45,3511.77
388,96.93,71.08,2070.76
389,96.52,71.41,2786.34
390,96.59,71.57,1935.57
391,96.56,71.37,3128.5199999999995
392,96.55,71.32,3050.8599999999997
393,96.52,71.08,460.1600000000001
394,96.54,71.77,1722.2
395,96.3,71.03,1111.59
396,96.33,71.07,1814.94
397,95.55,71.02,2110.82
398,97.21,71.04,-195.67999999999995
399,96.81,71.22,1974.74
400,96.44,71.31,2227.85
401,96.37,71.36,696.96
402,97.04,71.81,1768.49
403,96.21,71.41,353.08000000000015
404,96.53,71.7,1756.03
405,96.69,71.37,1966.74
406,96.47,70.59,2703.15
407,96.12,71.22,1258.45
408,96.7,71.06,252.68999999999994
409,96.23,71.12,1771.66
410,96.52,71.42,2127.15
411,96.51,71.24,248.82999999999993
412,96.44,71.37,3427.0
413,95.71,70.64,2369.39
414,96.45,70.62,2513.5
415,96.57,71.28,2494.2700000000004
416,96.47,71.42,3125.38
417,95.98,71.18,146.05999999999995
418,96.09,71.31,436.15999999999985
419,97.04,71.99,479.73
420,97.16,71.35,1593.18
421,96.15,71.51,1423.15
422,96.25,71.09,2687.29
423,96.48,71.26,2391.01
424,96.5,71.62,3000.2799999999997
425,96.48,71.52,2724.24
426,96.45,71.35,1026.85
427,96.42,71.47,3075.9
428,96.53,71.49,2709.46
429,96.55,71.23,-64.22000000000003
430,96.28,71.08,2243.47
431,96.76,71.2,763.62
432,96.34,71.26,1074.43
433,96.59,71.13,1043.5900000000001
434,96.44,71.33,3401.91
