159,201.61,169.57,2283.6099999999997
160,200.0,170.7,-483.20000000000005
161,200.47,169.52,1662.9499999999998
162,199.44,169.46,1693.7
163,199.57,169.48,1912.13
165,199.78,170.59,397.53
166,199.61,170.53,1843.25
168,200.5,170.39,1852.04
169,200.86,169.59,1562.8799999999999
171,198.83,169.85,1375.88
172,199.55,169.51,1727.5900000000001
173,199.49,169.86,1793.98
174,199.81,169.54,1381.86
175,199.36,170.37,3524.54
176,199.46,172.49,1758.6
177,199.02,169.6,10.379999999999882
179,200.05,170.49,1729.29
180,199.6,170.58,1332.85
181,199.43,169.42,2386.23
182,199.18,170.06,1488.91
183,197.96,168.16,-302.06000000000006
184,199.85,170.11,1314.58
185,199.54,169.62,1917.9099999999999
186,199.54,170.42,2329.7
188,199.23,169.09,1572.0700000000002
189,199.59,169.63,3217.9700000000003
190,199.1,172.47,-296.14
191,199.64,169.83,1404.13
192,198.98,170.6,635.77
193,199.4,170.48,1322.4300000000003
194,198.57,171.58,1714.0700000000002
195,199.44,169.3,1433.3799999999999
196,199.54,169.5,1692.5500000000002
197,200.48,171.0,1507.7399999999998
198,199.56,170.51,1740.51
199,199.86,169.74,1346.9
200,199.58,169.63,67.1400000000001
201,200.41,170.52,2211.1400000000003
202,198.7,169.82,1297.42
203,201.64,169.33,1764.6399999999999
204,199.13,169.89,1321.63
205,199.47,169.82,1176.82
206,199.58,170.33,2012.9500000000003
207,199.57,169.48,2373.7799999999997
208,200.3,169.49,1533.3300000000002
209,199.18,169.72,-282.0000000000001
211,199.4,170.4,1918.71
212,200.61,169.48,2177.3
213,198.57,169.59,1923.39
214,199.28,169.74,244.06000000000006
215,199.36,170.0,383.37
216,199.77,169.22,1770.43
217,199.91,170.83,-1010.29
218,199.23,169.74,248.65999999999997
219,200.54,170.06,2369.79
220,199.29,169.64,-73.0
221,199.52,170.5,154.65999999999997
222,200.07,169.87,1089.04
223,200.28,169.74,1454.95
224,199.1,169.86,1263.01
225,200.24,169.78,1531.17
226,200.15,169.99,1446.71
227,199.57,169.71,2407.84
228,199.81,169.66,584.5699999999999
231,199.52,169.47,2012.9199999999998
232,199.41,169.85,-66.28999999999996
233,200.16,169.97,1444.55
234,199.6,169.43,1298.2199999999998
237,199.29,169.75,1230.87
238,199.88,169.7,565.6899999999999
239,199.98,169.25,-306.79999999999995
240,199.48,169.44,1705.42
243,199.55,170.29,-270.21000000000004
244,199.5,169.51,2073.51
245,199.85,169.8,1423.8
246,199.48,170.58,1871.33
247,199.03,170.49,1501.35
248,199.59,170.01,72.53999999999996
249,200.27,169.57,2668.2200000000003
252,199.43,169.95,2792.01
253,199.64,170.01,40.85000000000002
254,199.98,169.69,54.5
255,199.41,169.99,1383.46
256,199.35,170.02,70.58000000000004
257,199.96,169.88,1491.5
258,199.17,170.54,1054.36
259,199.49,169.53,1692.87
260,199.74,169.9,1327.82
261,199.25,169.18,1207.46
262,199.21,171.47,2045.22
263,200.18,169.49,1210.55
264,199.5,170.07,1785.98
265,198.58,170.63,262.28000000000003
268,200.53,170.35,1822.9
269,199.76,169.95,1369.95
270,200.9,169.25,1363.69
271,199.39,169.56,2761.58
272,199.35,169.45,1963.13
273,198.62,172.01,1191.62
274,200.49,169.75,1805.99
275,199.57,169.58,2037.35
276,199.46,169.64,2177.69
278,198.93,168.54,172.31999999999994
279,200.55,170.86,-1017.03
280,199.26,168.6,-504.98
282,198.95,169.54,-342.29999999999995
283,199.31,169.9,1336.17
284,199.58,170.48,2536.12
285,200.15,169.42,-403.69
287,198.66,170.44,1864.9699999999998
288,199.49,169.79,569.01
289,199.4,169.34,1334.23
290,198.54,168.6,1583.3000000000002
291,199.35,169.87,299.34000000000003
293,200.5,169.32,553.23
294,198.63,171.59,-318.99
295,199.23,169.9,1226.01
296,199.48,170.0,2313.91
297,200.51,170.87,1127.97
298,198.88,170.2,1374.25
299,200.36,172.57,2087.39
301,199.48,169.73,1388.05
302,198.63,170.61,1846.89
303,199.99,169.84,485.56999999999994
304,199.53,170.28,1478.9
305,199.75,169.61,518.3000000000001
306,199.86,170.62,1157.81
307,198.81,170.74,-185.49
308,199.05,170.28,1238.0
309,199.03,170.5,292.92999999999995
310,199.91,169.87,1195.54
311,200.09,169.6,-239.1500000000001
312,199.91,169.9,1405.43
313,199.33,170.19,1533.26
314,199.31,170.01,96.00999999999999
316,198.69,169.93,1522.63
317,199.2,169.96,1398.88
318,199.82,170.02,1226.68
319,199.52,170.95,1850.8200000000002
320,199.26,168.63,-354.49
321,199.93,169.97,1393.58
322,199.11,169.81,1235.5
323,199.72,169.13,-42.549999999999955
324,199.37,170.62,1849.31
326,198.99,169.91,1308.81
327,200.1,169.76,1704.26
329,199.61,168.87,1173.23
330,198.69,169.21,-351.19000000000005
331,199.98,171.52,1037.1399999999999
332,199.81,170.41,1123.11
333,199.35,170.47,2203.62
334,200.54,170.56,2147.2200000000003
335,199.45,170.47,1366.96
336,199.47,169.56,1767.31
337,198.55,171.93,-29.279999999999973
338,199.43,169.57,2366.7799999999997
339,199.57,169.55,1761.3200000000002
340,200.51,167.7,1473.6099999999997
341,199.92,169.67,1393.7
344,199.5,169.5,2136.68
346,199.23,170.0,491.7199999999999
347,199.45,169.68,2023.6
348,198.65,169.53,1902.7
349,199.41,170.37,2621.74
350,199.19,169.84,1158.49
351,199.61,170.42,1347.6
352,199.63,168.94,1197.94
353,199.54,169.54,2046.4299999999998
354,200.48,169.46,1395.45
355,199.53,169.53,-86.20000000000005
356,198.57,171.81,1776.81
357,199.73,170.77,1632.79
358,199.53,169.89,1444.48
359,200.03,170.55,1301.0
360,200.15,170.93,1694.48
361,199.94,170.11,1185.06
362,199.02,170.84,1388.38
